iteration,time_sampling,stoc_pol_mean,stoc_pol_std,stoc_pol_max,stoc_pol_min,rollout_success,alpha,delta,time_vpg,time_npg,kl_dist,surr_improvement,running_score,rwd_sparse,rwd_dense,success_percentage,num_samples,time_VF,VF_error_before,VF_error_after,env_samples,eval_score,eval_success
0,0.9664516448974609,2.2537229580042877,1.7887095608408452,4.01120280793101,0.00023014452888303616,0.0,0.07027371723649742,0.1,0.031162500381469727,0.019974231719970703,0.054725587,10.995083,2.2537229580042877,0.0,0.03506175066358676,0.0,40,0.06179642677307129,0.9899348067497639,0.9899348067497639,40,4.00616771981485,0.0
1,0.8533694744110107,4.017320483968103,0.012336719705655547,4.02969079284086,4.003084667660405,0.0,0.09985981908542285,0.1,0.06740570068359375,0.8079257011413574,0.05360066,3.4157474,2.4300827106006695,0.0,0.0803292754237386,0.0,72,0.032170772552490234,0.9904967465117295,0.9904967465117295,112,3.2548144863536534,0.0
2,0.9415709972381592,2.5017773058994623,2.0626150818013427,4.0048169014580335,-0.9999115106650411,0.0,0.07699244202997332,0.1,0.0011844635009765625,0.020953893661499023,0.05235958,2.8992727,2.4372521701305487,0.0,0.04002903947618627,0.0,27,0.07695817947387695,1.0028020990786362,1.0028020990786362,139,4.174906915724032,0.0
3,1.083141803741455,4.0412925805260524,0.06410696315930688,4.1520688261366026,4.000575467888801,0.0,0.10702619033288721,0.1,0.060495853424072266,0.7526943683624268,0.052284528,3.255579,2.5976562111700994,0.0,0.08082255015410841,0.0,90,0.03214859962463379,0.9891775265417242,0.9891775265417242,229,3.508157799239027,0.0
4,0.9437386989593506,3.254855411798954,0.833136253748955,4.016034246688815,2.000440046482341,0.0,0.08751640974114769,0.1,0.0014240741729736328,0.0205843448638916,0.047802832,2.0776055,2.663376131232985,0.0,0.05508409760625223,0.0,43,0.03010249137878418,0.9916419810733412,0.9916419810733412,272,3.3386416570007236,0.0
5,0.9884700775146484,3.7537066755730137,0.43472538255003657,4.006978078322347,3.0007443781156935,0.0,0.07903559934848345,0.1,0.0012214183807373047,0.020694732666015625,0.050307576,1.7158769,2.772409185666988,0.0,0.07006835173876391,0.0,34,0.03017735481262207,1.0036713517127442,1.0036713517127442,306,3.1719857755514167,0.0
6,0.9690077304840088,3.001719506772276,1.2258667252082385,4.0044123600557135,1.0002697543580252,0.0,0.07599870354757851,0.1,0.0013949871063232422,0.021178245544433594,0.050520457,9.707572,2.7953402177775173,0.0,0.050030808368082005,0.0,33,0.03482341766357422,0.9991755568064757,0.9991755568064757,339,3.589788735928092,0.0
7,0.9220852851867676,4.001530091159955,0.0006569410160504179,4.002652491277068,4.000980762220594,0.0,0.07852315123529055,0.1,0.0014307498931884766,0.02096867561340332,0.050218977,3.3188848,2.9159592051157612,0.0,0.08002664224552518,0.0,43,0.030526161193847656,0.9982203076442624,0.9982203076442624,382,3.7592676869913646,0.0
8,0.8397743701934814,2.250786338311663,2.046775389959738,4.001319302887677,-0.9999125745987905,0.0,0.06684529671064773,0.1,0.0010020732879638672,0.020349740982055664,0.047762815,5.391075,2.8494419184353514,0.0,0.0350153462596815,0.0,22,0.06559514999389648,1.005407036932264,1.005407036932264,404,3.3387280397634416,0.0
9,0.9309451580047607,4.008322051788951,0.00878914016678904,4.022719371216637,4.000956875135072,0.0,0.09527169767241395,0.1,0.06092572212219238,0.7938213348388672,0.050369784,3.9743676,2.9653299317707114,0.0,0.08016528920168242,0.0,79,0.04345870018005371,0.9897337924699278,0.9897337924699278,483,3.764726056945777,0.0
10,1.069591999053955,4.038394741019343,0.060709773392715875,4.1434820555667615,4.000547227611914,0.0,0.10797207397603263,0.1,0.06086087226867676,0.8103811740875244,0.05054938,2.249416,3.0726364126955743,0.0,0.08075143107926984,0.0,83,0.03152918815612793,0.9878618200443812,0.9878618200443812,566,3.7597493946684786,0.0
11,1.0100476741790771,4.026459154913125,0.036082667954604956,4.088845765150175,4.003548955745371,0.0,0.10755477767894882,0.1,0.059821367263793945,0.7938742637634277,0.04984361,2.5228128,3.1680186869173297,0.0,0.08051702744758861,0.0,85,0.03276395797729492,0.9875744457381886,0.9875744457381886,651,4.343230620385023,0.0
12,0.891638994216919,4.012594040998589,0.016711326741315605,4.041466440185495,4.001040055420626,0.0,0.092520938848766,0.1,0.021713733673095703,0.44348859786987305,0.04922488,3.625543,3.2524762223254555,0.0,0.07523990955687201,0.0,58,0.03308248519897461,0.9941524891502255,0.9941524891502255,709,3.59144786705122,0.0
13,0.9585323333740234,3.5011385812475067,0.8659945421897356,4.001529159906887,2.00119211654406,0.0,0.07838871208032708,0.1,0.0010094642639160156,0.02098226547241211,0.05034516,1.872481,3.2773424582176607,0.0,0.06501974109698033,0.0,27,0.030504941940307617,1.0094935339915068,1.0094935339915068,736,3.0914116393950217,0.0
14,1.0879900455474854,1.6679796003294443,2.6782729970533996,4.669209699144146,-0.9999006880586003,0.0,0.08864859623540991,0.1,0.05035400390625,0.4548766613006592,0.053012826,8.823875,3.116406172428839,0.0,0.02334776946118965,0.0,58,0.03153228759765625,0.986995849187577,0.986995849187577,794,3.2578867211609235,0.0
15,1.010754108428955,4.007126744410586,0.003809527296711991,4.010742495786552,4.000725485569263,0.0,0.10493561025994498,0.1,0.05651378631591797,0.8083574771881104,0.0509253,2.637324,3.2054782296270137,0.0,0.0801382783070139,0.0,84,0.0363459587097168,0.9864930782778286,0.9864930782778286,878,3.5060856861598473,0.0
16,1.0425519943237305,3.507169841792211,0.8699901584394811,4.019494083709053,2.0003428624262254,0.0,0.08542562209366576,0.1,0.02719402313232422,0.45223522186279297,0.049603317,8.337464,3.2356473908435333,0.0,0.0651383637651848,0.0,59,0.03596377372741699,0.9901233806346139,0.9901233806346139,937,4.3462160985115545,0.0
17,1.1147890090942383,3.7655863452848184,1.498400146573403,6.050454985816354,2.0006402968555923,0.0,0.11272049178211274,0.1,0.06184554100036621,0.8091518878936768,0.04860962,1.9850916,3.2886412862876617,0.0,0.055288463382234476,0.0,85,0.036821603775024414,1.0030860436848752,1.0030860436848752,1022,3.930442667780285,0.0
18,0.9922001361846924,4.02644308012338,0.03448702768588934,4.085840002580975,4.000899066771996,0.0,0.10068465334929998,0.1,0.06494712829589844,0.802443265914917,0.05227558,2.8140104,3.3624214656712335,0.0,0.08047032627347236,0.0,76,0.0404815673828125,0.9907644914506563,0.9907644914506563,1098,3.507908621723504,0.0
19,1.0314853191375732,2.759164778462421,1.3074568534932653,4.034000556217137,1.0003499689254562,0.0,0.09263490120121487,0.1,0.02704763412475586,0.462158203125,0.049246576,3.1032338,3.3020957969503524,0.0,0.045157168767990946,0.0,58,0.03624320030212402,0.9854373730361301,0.9854373730361301,1156,3.342721869760492,0.0
20,1.092559576034546,4.599032840701822,1.0267746430581295,6.377425624572316,4.000604404755034,0.0,0.10232220841534374,0.1,0.057117462158203125,0.8070790767669678,0.052317046,4.927742,3.4317895013254995,0.0,0.08196378674272083,0.0,90,0.03991818428039551,1.0023326786122453,1.0023326786122453,1246,3.5931868206820945,0.0
21,0.9454312324523926,2.001414880701138,2.1224676582836364,4.004218822532764,-0.9999096642826393,0.0,0.07506644291081534,0.1,0.001148223876953125,0.02143073081970215,0.05001399,3.1411543,3.2887520392630636,0.0,0.030025004688369977,0.0,27,0.05593752861022949,0.9963359168058478,0.9963359168058478,1273,4.206456390754436,0.0
22,0.9919486045837402,3.549438898844047,0.8966666219211047,4.169623585132429,2.0003254324610804,0.0,0.10205123377108934,0.1,0.06039762496948242,0.7877607345581055,0.049876947,3.111419,3.3148207252211623,0.0,0.06592552157227811,0.0,68,0.03047776222229004,0.9881547447663097,0.9881547447663097,1341,3.34573633861244,0.0
23,1.053250789642334,3.0079911127609655,1.7365905474195245,4.02853921612565,0.0001882917479851809,0.0,0.08924283221656486,0.1,0.0013957023620605469,0.020673274993896484,0.048985835,2.2018218,3.284137763975143,0.0,0.04515851382995496,0.0,46,0.030311107635498047,0.9903494485803205,0.9903494485803205,1387,3.679257756957354,0.0
24,0.9743437767028809,4.015251762618822,0.022960960282299978,4.054972543665938,4.000739451747514,0.0,0.09782627860485406,0.1,0.02582097053527832,0.4392523765563965,0.050123405,1.7892257,3.357249163839511,0.0,0.07524446997103533,0.0,60,0.03528928756713867,0.9929638497106359,0.9929638497106359,1447,3.6087487202100577,0.0
25,1.0403690338134766,2.761084219577387,2.171436033629573,4.03085830765783,-0.9999114139669956,0.0,0.08386042180464943,0.1,0.001299142837524414,0.022011280059814453,0.049873922,7.88231,3.297632669413299,0.0,0.05020756332139727,0.0,47,0.04033303260803223,0.9903409186242856,0.9903409186242856,1494,4.019096983216434,0.0
26,1.0324246883392334,2.758314668568185,2.169837591432799,4.029324702592339,-0.9999041221928318,0.0,0.09227922245764689,0.1,0.027237892150878906,0.45525264739990234,0.049466774,2.4066355,3.243700869328788,0.0,0.05016333092345202,0.0,49,0.036013126373291016,0.9924105188327302,0.9924105188327302,1543,3.775269138897198,0.0
27,1.0437867641448975,4.007252215091498,0.0077598264990650055,4.020630651726222,4.00185589050602,0.0,0.11184503214620622,0.1,0.06131887435913086,0.8113176822662354,0.05078671,2.6795044,3.320056003905059,0.0,0.08014319046179291,0.0,84,0.040894508361816406,0.9864111959593488,0.9864111959593488,1627,3.4288508829196798,0.0
28,1.0487008094787598,4.003191395846806,0.002518814235166687,4.0072986993244575,4.000662310510875,0.0,0.09057449795425329,0.1,0.027656078338623047,0.4435112476348877,0.04975228,2.2730215,3.388369543099234,0.0,0.08006166119606536,0.0,55,0.031154870986938477,0.9935169462054804,0.9935169462054804,1682,3.4455184688509255,0.0
29,0.9498848915100098,2.7555745846519852,2.1682324443770966,4.01720337112741,-0.9998997585514369,0.0,0.09058148937220002,0.1,0.027724266052246094,0.45358705520629883,0.048700873,3.1250446,3.325090047254509,0.0,0.05010706009081122,0.0,54,0.03583097457885742,0.9865546787931009,0.9865546787931009,1736,3.34527373624023,0.0
30,1.0761961936950684,3.5183613409376386,2.1998498221516845,6.070580077253715,0.00025572933269923936,0.0,0.0953159897619688,0.1,0.06187748908996582,0.8078339099884033,0.048757244,4.29672,3.344417176622822,0.0,0.05035545647132191,0.0,70,0.036667823791503906,1.0104586745650466,1.0104586745650466,1806,3.511526798904058,0.0
31,0.9441068172454834,4.017228732424432,0.02321938639504789,4.057389424482433,4.00202706586402,0.0,0.09898673964191775,0.1,0.06118941307067871,0.802783727645874,0.05187286,5.3819103,3.4116983322029832,0.0,0.08030378101245426,0.0,66,0.03630518913269043,0.9902614484605927,0.9902614484605927,1872,3.595346022308123,0.0
32,1.051257848739624,4.039762671974659,0.06060167131107384,4.144600340870473,4.00135425331478,0.0,0.11391489217742413,0.1,0.06722068786621094,0.8017652034759521,0.04881831,2.806649,3.474504766180151,0.0,0.08078888487575055,0.0,91,0.036484718322753906,0.9879843924067541,0.9879843924067541,1963,3.6793114260915996,0.0
33,1.0054359436035156,4.010537431527406,0.0077787987040156,4.020101515580947,4.001045935371805,0.0,0.10353927224054471,0.1,0.05749654769897461,0.7975382804870605,0.05029808,2.680249,3.5281080327148766,0.0,0.08017978119293614,0.0,73,0.03580832481384277,0.9893707452438328,0.9893707452438328,2036,3.6925480421836734,0.0
34,1.1108062267303467,4.516907595761242,0.8859581297453762,6.05142406439923,4.001482979834412,0.0,0.10113131647529955,0.1,0.060686349868774414,0.7990636825561523,0.049207803,4.109844,3.6269879890195136,0.0,0.08031226813922676,0.0,96,0.03254270553588867,0.9978897632439374,0.9978897632439374,2132,3.8517453076469104,0.0
35,1.0093519687652588,1.7511237778332847,2.278555228555846,4.003548655833619,-0.9999062396184517,0.0,0.06997725109413655,0.1,0.0009784698486328125,0.019875049591064453,0.050048027,3.0715744,3.439401567900891,0.0,0.025018638828364602,0.0,22,0.07223391532897949,1.000551653261324,1.000551653261324,2154,3.6113917159997992,0.0
36,1.0517706871032715,3.2526211435423305,1.3003609523927424,4.0054916694235,1.0003315820285164,0.0,0.08370248220385028,0.1,0.0014619827270507812,0.0209810733795166,0.0504977,2.5900223,3.420723525465035,0.0,0.06005158476707202,0.0,38,0.043204545974731445,0.9974209600396199,0.9974209600396199,2192,3.864432961582247,0.0
37,1.1104137897491455,4.55113865598453,0.9351662171996793,6.170748970269657,4.001000494024681,0.0,0.10443224572933117,0.1,0.06474041938781738,0.7982778549194336,0.048297297,2.11318,3.533765038516985,0.0,0.0710018475266193,0.0,97,0.0369415283203125,0.9998441274372614,0.9998441274372614,2289,3.78327593359287,0.0
38,1.1296448707580566,4.015648696620286,0.008204975558529514,4.021274727752358,4.00152050441884,0.0,0.10130163005140615,0.1,0.06204795837402344,0.815387487411499,0.0498911,3.6571012,3.581953404327315,0.0,0.08025129825612642,0.0,72,0.03127551078796387,0.9894650414924028,0.9894650414924028,2361,4.184496816713765,0.0
39,1.0681569576263428,4.003882280360716,0.0015080811633906013,4.005816752543186,4.001623389913998,0.0,0.08693905282547754,0.1,0.023098468780517578,0.4412827491760254,0.049030274,3.369386,3.6241462919306553,0.0,0.08006904527410151,0.0,54,0.03255295753479004,0.9938217989619298,0.9938217989619298,2415,4.034300993678424,0.0
40,1.0241773128509521,3.502432972583415,0.8669355990816029,4.0067763573304624,2.000862014239006,0.0,0.08953117921203214,0.1,0.022432804107666016,0.4479405879974365,0.050406747,3.134803,3.611974959995931,0.0,0.06004610010207785,0.0,49,0.035181283950805664,0.9935571526922822,0.9935571526922822,2464,3.6955994422832634,0.0
41,1.0283267498016357,4.00421829876822,0.003372209074291426,4.009824679783065,4.001014957467644,0.0,0.08770572472209345,0.1,0.001178741455078125,0.02103400230407715,0.050477214,2.0560007,3.65119929387316,0.0,0.08007850951521236,0.0,45,0.03535771369934082,0.9971023908368791,0.9971023908368791,2509,3.9331107672919186,0.0
42,0.9860057830810547,2.7607326365118956,2.171265451750132,4.039949305298195,-0.9999108296770862,0.0,0.09904087670334766,0.1,0.03497505187988281,0.4575955867767334,0.050922282,3.30811,3.5621526281370337,0.0,0.05021136437802162,0.0,62,0.036096811294555664,0.9886964687431401,0.9886964687431401,2571,3.6109098622138895,0.0
43,1.0115525722503662,3.032586296862483,1.7510877593828262,4.097599930885245,0.00018669807561866314,0.0,0.09903975566230881,0.1,0.06137275695800781,0.8040800094604492,0.050110154,3.3469696,3.509195995009579,0.0,0.055604049963139265,0.0,66,0.03580021858215332,0.9868816403868688,0.9868816403868688,2637,3.1829707272844416,0.0
44,1.0757486820220947,1.513188575568258,2.5131216108727146,4.0428010485245185,-0.9999088956909707,0.0,0.07903097145119785,0.1,0.0009922981262207031,0.020428895950317383,0.049403418,4.894932,3.3095952530654467,0.0,0.02021087817565654,0.0,34,0.05616140365600586,0.9894401985184507,0.9894401985184507,2671,3.285931780645464,0.0
45,0.9665019512176514,4.116134317285649,0.1569808554678321,4.385109425960456,4.003844184516254,0.0,0.11402501908972315,0.1,0.06175804138183594,0.8050389289855957,0.049988173,3.840694,3.390249159487467,0.0,0.08214430859763985,0.0,120,0.04288530349731445,0.984128738131885,0.984128738131885,2791,3.4533918117725686,0.0
46,1.1487228870391846,4.080373999505989,0.13172196895607058,4.3084892391612915,4.000904481507172,0.0,0.10443038840194319,0.1,0.060471534729003906,0.8013925552368164,0.04911355,5.1947885,3.4592616434893193,0.0,0.07657169804418933,0.0,109,0.07143783569335938,0.9846383201967372,0.9846383201967372,2900,3.4390432194441156,0.0
47,0.9693381786346436,4.010009157435793,0.011469132999982317,4.029813540186735,4.002056255447949,0.0,0.09642859589103074,0.1,0.03486323356628418,0.44413208961486816,0.048735652,2.0201108,3.514336394883967,0.0,0.08018294090375697,0.0,58,0.04006791114807129,0.992881514205687,0.992881514205687,2958,3.1901054426057662,0.0
48,1.3838789463043213,1.00032774129093,1.5813416001994767,3.0007309082810396,-0.9998915834397242,0.0,0.07367100940482846,0.1,0.0012485980987548828,0.02039313316345215,0.049134683,2.5137951,3.2629355295246634,0.0,6.099529840418796e-06,0.0,12,0.03855085372924805,1.014817880868449,1.014817880868449,2970,3.278994151018314,0.0
49,1.0299508571624756,3.508420843727884,0.8705620577056382,4.03005475201441,2.000698964376758,0.0,0.08989071726086693,0.1,0.0014472007751464844,0.02228856086730957,0.049864277,2.3127375,3.2874840609449856,0.0,0.06515226187173555,0.0,47,0.03137803077697754,0.9941194459692875,0.9941194459692875,3017,3.8601950676094674,0.0
50,1.0684571266174316,3.5602426311507065,2.656066251030466,6.180609573299871,0.0002252539026159628,0.0,0.10991259186840863,0.1,0.06042122840881348,0.7966632843017578,0.04748294,34.699146,3.314759917965558,0.0,0.04111814611468943,0.0,106,0.0854501724243164,1.015359369614354,1.015359369614354,3123,4.0233895471900425,0.0
51,0.9748098850250244,3.0036168492205633,1.7339913357998589,4.012404539047919,0.00026679272238938623,0.0,0.07648194338807499,0.1,0.0014119148254394531,0.02243661880493164,0.049679585,2.6117866,3.2836456110910586,0.0,0.05505853513585227,0.0,32,0.06027674674987793,1.0004605462635845,1.0004605462635845,3155,3.6070734806724136,0.0
52,0.9931447505950928,2.782223945193289,1.6644003174696935,4.125570216384455,0.00020782548078557284,0.0,0.09413248286673287,0.1,0.031035184860229492,0.44497036933898926,0.051107045,2.635734,3.2335034445012814,0.0,0.0455540212423669,0.0,53,0.035196542739868164,0.9895751526975047,0.9895751526975047,3208,3.018883885363478,0.0
53,1.0140480995178223,4.631932071420369,1.0354712386596676,6.424048729799929,4.000606297107235,0.0,0.11741729968467794,0.1,0.056719303131103516,0.7979047298431396,0.048412196,1.5120697,3.37334630719319,0.0,0.08244356442524406,0.0,98,0.031118392944335938,1.0008509679588726,1.0008509679588726,3306,4.306814000995853,0.0
54,1.080674409866333,3.7606640229690296,0.43902892239150604,4.040062394888683,3.000747601693789,0.0,0.09679510631579027,0.1,0.022578954696655273,0.44251084327697754,0.04979967,2.0095417,3.4120780787707745,0.0,0.0651943277436607,0.0,55,0.031208276748657227,0.9952690561698505,0.9952690561698505,3361,2.7779162428947806,0.0
55,0.9611635208129883,4.015400973236122,0.009306581517011941,4.028980077465121,4.004141733980417,0.0,0.10075333831060232,0.1,0.060347795486450195,0.7929673194885254,0.048867043,2.7198048,3.472410368217309,0.0,0.08027148388593902,0.0,76,0.03302621841430664,0.9898493257220208,0.9898493257220208,3437,3.7001021695677196,0.0
56,0.9366312026977539,2.7516276694133524,1.6403814424542742,4.003717523482155,0.00017352996359387696,0.0,0.07152537186120919,0.1,0.000997304916381836,0.020944833755493164,0.049019106,2.965111,3.4003320983369134,0.0,0.04502778708410999,0.0,27,0.04138064384460449,1.0037593433388354,1.0037593433388354,3464,3.287195552928916,0.0
57,1.0469591617584229,4.040593274537191,0.06296184763292301,4.149638136868605,4.00301166917433,0.0,0.09786426813560373,0.1,0.062178850173950195,0.8084433078765869,0.049275924,2.9491909,3.464358215956941,0.0,0.08073637856201543,0.0,79,0.03772139549255371,0.9869450576457184,0.9869450576457184,3543,3.152939010410059,0.0
