iteration,time_sampling,stoc_pol_mean,stoc_pol_std,stoc_pol_max,stoc_pol_min,rollout_success,alpha,delta,time_vpg,time_npg,kl_dist,surr_improvement,running_score,rwd_sparse,rwd_dense,success_percentage,num_samples,time_VF,VF_error_before,VF_error_after,env_samples,eval_score,eval_success
0,1.742600917816162,21.617410077137173,16.560077603594955,42.61975233115552,3.0013839480077875,0.0,0.09629351344187971,0.1,0.036370038986206055,0.07435321807861328,0.052259937,1.4285702,21.617410077137173,0.0,0.4122990620477881,0.0,93,0.010277271270751953,1.0025077828442832,1.0025077828442832,93,26.016279203878714,0.0
1,1.4456331729888916,12.890710244944913,7.5573980724321865,23.27037349439894,2.0016047220922664,0.0,0.09292254925535294,0.1,0.005637645721435547,0.09307694435119629,0.052463878,1.8974624,20.744740093917947,0.0,0.24275487717510685,0.0,62,0.0037240982055664062,1.004662958182654,1.004662958182654,155,22.600754861015105,0.0
2,1.6350882053375244,21.60006428089891,9.09576910899083,32.796579236396596,8.268875060378958,0.0,0.10893674350066793,0.1,0.0038781166076660156,0.07848834991455078,0.051471166,1.5261936,20.830272512616045,0.0,0.4120101430214392,0.0,93,0.008347749710083008,1.0033403618879613,1.0033403618879613,248,31.290351197948056,0.0
3,1.5292167663574219,15.680439501892334,8.01546569378677,27.53608393416324,5.029088994438803,0.0,0.10247599876297438,0.1,0.0032591819763183594,0.07172822952270508,0.050163805,1.2711366,20.31528921154367,0.0,0.2935297573845578,0.0,70,0.008373260498046875,1.0041293165817293,1.0041293165817293,318,22.291290149521444,0.0
4,1.430363416671753,14.445997597443961,14.742243357094006,38.600829771467204,2.0028148741702623,0.0,0.09004136928641768,0.1,0.003264188766479492,0.07065463066101074,0.051175628,2.0319376,19.728360050133702,0.0,0.26887134597130136,0.0,65,0.0039331912994384766,1.0028461144391854,1.0028461144391854,383,20.346830951593613,0.0
5,1.4869751930236816,12.396354667724147,9.09903531749283,21.191505602592255,-0.9999208238596324,0.0,0.0862829866075119,0.1,0.006942272186279297,0.0694587230682373,0.04949813,1.2870452,18.995159511892748,0.0,0.227910090345618,0.0,57,0.003403186798095703,1.0050421015502797,1.0050421015502797,440,21.220843226705266,0.0
6,1.6022441387176514,26.546934646681464,6.597049069227195,34.35899544146637,18.121864004788996,0.0,0.1135254779612439,0.1,0.004660606384277344,0.08508849143981934,0.04884123,1.312346,19.750337025371618,0.0,0.511087025661286,0.0,113,0.017451047897338867,1.0031528715570328,1.0031528715570328,553,20.810457985616818,0.0
7,1.6926257610321045,20.90109550621518,15.408719497869557,43.15413291303453,0.0002125061999047606,0.0,0.1091726747700209,0.1,0.0049474239349365234,0.07697010040283203,0.051612575,1.404593,19.865412873455973,0.0,0.40324218160973235,0.0,94,0.007635593414306641,1.0028331817185399,1.0028331817185399,647,18.5148344613136,0.0
8,1.4191279411315918,20.452491417800275,5.985625322896662,30.334287335175773,14.251348455289065,0.0,0.10341533663808235,0.1,0.0046193599700927734,0.06700015068054199,0.049741745,1.168057,19.924120727890404,0.0,0.3889400140116757,0.0,89,0.007197380065917969,1.004180437775114,1.004180437775114,736,29.30895797037883,0.0
9,1.3986809253692627,17.47798716176387,4.033751876315179,22.63928325413398,13.065942259899613,0.0,0.09216893690297066,0.1,0.002850770950317383,0.06274819374084473,0.052519873,3.3353446,19.67950737127775,0.0,0.32871392448658676,0.0,77,0.0035445690155029297,1.00491176412298,1.00491176412298,813,32.40345235982955,0.0
10,1.4141926765441895,15.923234898840846,14.474978290805858,33.062732324899066,1.0005473264465103,0.0,0.09217200604746545,0.1,0.003248453140258789,0.06507682800292969,0.05099224,1.1934993,19.30388012403406,0.0,0.29771018916747877,0.0,71,0.0036840438842773438,1.0031211766819417,1.0031211766819417,884,18.404085101823753,0.0
11,1.3149380683898926,15.378996309508507,9.880278938775797,26.65845591762264,0.00016654409179905905,0.0,0.08982445427222138,0.1,0.0038099288940429688,0.07953071594238281,0.048449934,1.6259853,18.911391742581504,0.0,0.28744852492398987,0.0,68,0.006659746170043945,1.004447059843937,1.004447059843937,952,26.730182638173105,0.0
12,1.3908913135528564,21.458453473048994,13.719183910426246,40.48434882425729,2.0004297738689236,0.0,0.1033432662496805,0.1,0.002980947494506836,0.0666348934173584,0.048522115,1.5051554,19.166097915628253,0.0,0.414463195581928,0.0,105,0.016727447509765625,1.0027785910664568,1.0027785910664568,1057,29.893246304432026,0.0
13,1.2553198337554932,12.400414925785405,8.722575041126031,22.449440270907132,-0.9999080303543193,0.0,0.08644202380313276,0.1,0.017579317092895508,0.07414817810058594,0.049336445,1.9151123,18.48952961664397,0.0,0.22792011078609534,0.0,57,0.0036957263946533203,1.0051416610682795,1.0051416610682795,1114,24.80542687509261,0.0
14,1.204500436782837,21.408643372565848,13.35266429222194,35.28954697437789,1.0003844809056133,0.0,0.10800010276625996,0.1,0.003270864486694336,0.06430840492248535,0.049899913,1.1424323,18.78144099223616,0.0,0.42320765099234864,0.0,104,0.018167495727539062,1.0029241581954147,1.0029241581954147,1218,16.507376556675805,0.0
15,1.2454612255096436,14.63004564080354,9.455872741758046,28.358420268014566,4.001464871707496,0.0,0.08566188483253777,0.1,0.030099153518676758,0.06424975395202637,0.050832,1.8267547,18.3663014570929,0.0,0.27256371004210855,0.0,66,0.003144979476928711,1.004149342438556,1.004149342438556,1284,24.251719663898147,0.0
16,1.3201007843017578,9.377492781952927,5.23192080260177,15.380244489925705,2.000452775717701,0.0,0.08268869344199649,0.1,0.0032379627227783203,0.15299630165100098,0.050741706,2.3224652,17.4674205895789,0.0,0.1674947904129676,0.0,45,0.004080772399902344,1.0066134391136004,1.0066134391136004,1329,25.914904866876157,0.0
17,1.458672046661377,25.526513152038714,8.293548715613571,38.28391824535666,15.155860038458616,0.0,0.1133412193701356,0.1,0.0031964778900146484,0.06818032264709473,0.049839422,1.0118562,18.273329845824883,0.0,0.49545473454026556,0.0,111,0.020097732543945312,1.003419232566035,1.003419232566035,1440,31.719827776367314,0.0
18,1.5123419761657715,24.75341450241362,21.99047861603292,50.962688816167855,2.0018603326584468,0.0,0.10549527123195111,0.1,0.03387165069580078,0.08811402320861816,0.04927536,1.1185554,18.92133831148376,0.0,0.4646631402376153,0.0,102,0.01559901237487793,1.0020204187780206,1.0020204187780206,1542,32.51124619333945,0.0
19,1.4518849849700928,9.284104467357906,10.578792151055335,27.08799095039045,0.0002613351893658855,0.0,0.07899584854492077,0.1,0.013217687606811523,0.17071986198425293,0.05060218,3.2246885,17.957614927071173,0.0,0.17069935065091157,0.0,47,0.0030002593994140625,1.0039931561734996,1.0039931561734996,1589,23.625655532275058,0.0
20,1.6298911571502686,21.452713114004016,10.928956153757573,33.33958156783788,9.021596683022484,0.0,0.1093070591685128,0.1,0.004061222076416016,0.07753777503967285,0.050701555,1.390312,18.307124745764455,0.0,0.403985744275174,0.0,108,0.015372276306152344,1.0034339518084892,1.0034339518084892,1697,27.30693815984793,0.0
21,1.4779062271118164,11.823246293001372,6.283660098752825,19.211316347188006,3.014143046043192,0.0,0.08674656732149215,0.1,0.0124664306640625,0.14224553108215332,0.049870778,1.871502,17.658736900488147,0.0,0.21634410796819134,0.0,55,0.00541996955871582,1.0058748849730752,1.0058748849730752,1752,23.68928388836467,0.0
22,1.528444766998291,15.199730206634552,14.20778752375934,36.56282167706762,0.0002867523270488892,0.0,0.09736937302263708,0.1,0.002803325653076172,0.06105518341064453,0.048995867,1.4552209,17.412836231102787,0.0,0.29396699449992947,0.0,71,0.0031037330627441406,1.0029262991004149,1.0029262991004149,1823,24.79278976857887,0.0
23,1.459362268447876,17.44456853282445,14.86343962136218,40.674214208033945,1.0002666057088256,0.0,0.0991871044902772,0.1,0.0029449462890625,0.07127046585083008,0.050195042,1.5415645,17.416009461274953,0.0,0.32884416718031606,0.0,77,0.0039942264556884766,1.0026097459298813,1.0026097459298813,1900,20.202946878788207,0.0
24,1.5903151035308838,29.954557837393835,12.534646342940842,50.32010258310167,19.126711192265844,0.0,0.1102512186205616,0.1,0.0033309459686279297,0.07314181327819824,0.049665462,1.0487286,18.669864298886843,0.0,0.5689493717151837,0.0,125,0.016715049743652344,1.002496236057292,1.002496236057292,2025,16.747740513449347,0.0
25,1.4590122699737549,21.45079477002769,7.821009656185081,32.39146465266925,11.087536518308163,0.0,0.12068839974794053,0.1,0.007644176483154297,0.07173728942871094,0.049085032,1.0884303,18.94795734600093,0.0,0.41892867240054155,0.0,111,0.01492619514465332,1.003471169499568,1.003471169499568,2136,19.036208334127288,0.0
26,1.4284772872924805,22.225774715645734,10.520522618358465,31.221485960899855,5.015302183873186,0.0,0.10395422662859796,0.1,0.006195068359375,0.08816027641296387,0.049811203,1.0511394,19.275739082965412,0.0,0.43950388061669765,0.0,101,0.022092342376708984,1.0032634462040793,1.0032634462040793,2237,16.065585156029446,0.0
27,1.3488738536834717,32.971936320962456,9.338479477626885,45.14665973965472,20.058494978419798,0.0,0.12322333046012122,0.1,0.012331008911132812,0.10589027404785156,0.049352475,0.88000935,20.645358806765117,0.0,0.6392587431500407,0.0,139,0.08951425552368164,1.0026873794530011,0.9976953146632553,2376,21.606269015776714,0.0
28,1.4307610988616943,19.851145175574366,9.819139052736945,30.15732296557897,4.003241930051721,0.0,0.09544351172157037,0.1,0.01022028923034668,0.07493782043457031,0.04951773,1.3502353,20.565937443646042,0.0,0.382003977280043,0.0,88,0.004215240478515625,0.9967424613371284,0.9967424613371284,2464,22.629809420689558,0.0
29,1.3906419277191162,20.9486887536826,9.853989354247842,37.33343867564852,11.0135645428566,0.0,0.1092455894473825,0.1,0.0029261112213134766,0.0663912296295166,0.050009616,1.1676501,20.604212574649697,0.0,0.3989167510955458,0.0,91,0.004027843475341797,0.9972998703838775,0.9972998703838775,2555,12.946906054099827,0.0
30,1.3582544326782227,15.373930820755582,13.124405205362791,36.33926874275634,2.001626236692079,0.0,0.0947722037155823,0.1,0.002686738967895508,0.05781722068786621,0.050040748,1.516113,20.081184399260284,0.0,0.29242213921868976,0.0,72,0.003552675247192383,0.9969806649094952,0.9969806649094952,2627,21.615192608181943,0.0
31,1.4808285236358643,9.613019899070466,10.624801508617656,26.306419173387134,-0.9999124330328675,0.0,0.08416044869071101,0.1,0.018728971481323242,0.20479774475097656,0.0486034,4.16844,19.0343679492413,0.0,0.17210389835195827,0.0,46,0.003941059112548828,0.9967438773542479,0.9967438773542479,2673,23.907063980387093,0.0
32,1.4697275161743164,12.07548390886829,11.626191050837953,24.181878529277085,-0.9999102212637561,0.0,0.09049494255203137,0.1,0.016498088836669922,0.07646632194519043,0.04888084,1.6718735,18.338479545204,0.0,0.22654717987353556,0.0,63,0.004384756088256836,0.9968739182221538,0.9968739182221538,2736,14.881354540673916,0.0
33,1.3428101539611816,19.81665995756197,12.610303619756207,38.58227712689629,3.033733721366037,0.0,0.10301921388443837,0.1,0.007851600646972656,0.06084251403808594,0.050430533,1.4028509,18.486297586439797,0.0,0.37610953421873766,0.0,86,0.004748344421386719,0.9975067567793511,0.9975067567793511,2822,15.91803508596658,0.0
34,1.3557887077331543,10.079869047324003,4.527622221141527,16.16775169845451,4.003679738632797,0.0,0.08704085982650056,0.1,0.002689838409423828,0.05991530418395996,0.050046317,4.032253,17.645654732528218,0.0,0.18655032257054138,0.0,54,0.008442163467407227,0.9945628236415459,0.9945628236415459,2876,15.140423790007338,0.0
35,1.4643242359161377,23.512308063624708,6.33112292572056,33.57524414758907,17.164495840546426,0.0,0.10521012037894306,0.1,0.008987665176391602,0.07047104835510254,0.048260007,1.1509856,18.232320065637868,0.0,0.45509960776386443,0.0,108,0.017656564712524414,0.9969121660000486,0.9969121660000486,2984,17.038671242571127,0.0
36,1.4760253429412842,19.47627719307857,12.4625784839174,34.65911440167785,2.0013699894537487,0.0,0.09634768979773052,0.1,0.031075716018676758,0.08723807334899902,0.04951884,1.4583187,18.35671577838194,0.0,0.37935265482842434,0.0,87,0.0037758350372314453,0.9971291808973635,0.9971291808973635,3071,24.079514997296403,0.0
37,1.4739325046539307,17.1381328349186,8.882989032673517,27.149511686242903,3.009013404783073,0.0,0.09836434528480714,0.1,0.0076732635498046875,0.06572604179382324,0.04873536,1.1276655,18.234857484035604,0.0,0.33280283528219834,0.0,80,0.006201267242431641,0.9966816985021448,0.9966816985021448,3151,19.08948554658636,0.0
38,1.4536447525024414,5.8169117226488485,5.22111773055956,14.257527816078563,1.000821413536187,0.0,0.08014090852221133,0.1,0.0030889511108398438,0.22613191604614258,0.048138086,3.2203195,16.99306290789693,0.0,0.10135970282936518,0.0,34,0.006203889846801758,0.9948657611736079,0.9948657611736079,3185,13.794056101540335,0.0
39,1.5699067115783691,20.75172329567971,7.096914494352967,30.601714832938875,11.163604979310916,0.0,0.10395281249118779,0.1,0.0037419795989990234,0.07202696800231934,0.05001009,1.4365543,17.368928946675208,0.0,0.4049943173337044,0.0,96,0.006440162658691406,0.9963868071188016,0.9963868071188016,3281,14.248952684815185,0.0
40,1.6003949642181396,12.43954091062146,12.504393547791402,31.573093710284713,-0.99991130572577,0.0,0.09176725899382675,0.1,0.01513218879699707,0.15388822555541992,0.051047504,1.5310214,16.875990143069835,0.0,0.23373010961813284,0.0,60,0.0069234371185302734,0.9970014745618266,0.9970014745618266,3341,15.755006656274922,0.0
41,1.6539063453674316,17.77458769954803,16.23548955864417,43.000932388116546,3.0264365860952274,0.0,0.09556831277327747,0.1,0.0034437179565429688,0.0737295150756836,0.04929578,1.1939626,16.965849898717654,0.0,0.3403913397558948,0.0,79,0.004122018814086914,0.9977245769479186,0.9977245769479186,3420,13.88889790654688,0.0
42,1.5917844772338867,10.037428687286308,11.330860130019154,29.100076633745964,1.003440420915532,0.0,0.08581724688702073,0.1,0.0036458969116210938,0.14287304878234863,0.050243307,1.7378699,16.27300777757452,0.0,0.18075195582368248,0.0,48,0.003533601760864258,0.9970185648404998,0.9970185648404998,3468,14.809098201456273,0.0
43,1.231557846069336,12.890035681106724,6.9049118594592285,18.066788725648458,1.0012363191757478,0.0,0.0973521706726492,0.1,0.01461029052734375,0.05975198745727539,0.049695477,1.3206631,15.934710567927741,0.0,0.24275928590769735,0.0,61,0.0038366317749023438,0.9945994811236473,0.9945994811236473,3529,13.382226934461999,0.0
44,1.4144773483276367,18.097884893681417,6.373581954717676,28.08053049287966,12.03537424994556,0.0,0.10547100465742291,0.1,0.012589216232299805,0.06581783294677734,0.0503098,1.3789979,16.15102800050311,0.0,0.3418636561059409,0.0,80,0.003798246383666992,0.9964225461791683,0.9964225461791683,3609,17.76859476250181,0.0
45,1.3832249641418457,18.276015133544753,18.777993735558827,45.92663453173628,0.0005418320609729133,0.0,0.09516593822092262,0.1,0.002917051315307617,0.0646514892578125,0.048880074,1.2419404,16.363526713807275,0.0,0.3454620822610154,0.0,80,0.008559465408325195,0.9978400684103017,0.9978400684103017,3689,15.679914277501284,0.0
