iteration,time_sampling,stoc_pol_mean,stoc_pol_std,stoc_pol_max,stoc_pol_min,rollout_success,alpha,delta,time_vpg,time_npg,kl_dist,surr_improvement,running_score,rwd_sparse,rwd_dense,success_percentage,num_samples,time_VF,VF_error_before,VF_error_after,env_samples,eval_score,eval_success
0,1.681779146194458,4.037549268677811,0.02327218368249633,4.064206648248328,4.001592208037288,0.0,0.10263755755429932,0.1,0.07194685935974121,0.086639404296875,0.05498827,4.4167523,4.037549268677811,0.0,0.08074427046407218,0.0,108,0.023997068405151367,1.0163081941598813,1.0163081941598813,108,4.042652596572841,0.0
1,1.6363978385925293,4.0434680779848335,0.026223324258109245,4.0758952597371065,4.002687160996464,0.0,0.10345584751204588,0.1,0.0057239532470703125,0.11880922317504883,0.050085038,2.4089835,4.038141149608514,0.0,0.07585408751485745,0.0,69,0.006958961486816406,1.0086730993668471,1.0086730993668471,177,2.939108832017873,0.0
2,1.5231258869171143,3.028807075958287,1.7489461366983654,4.098838175836775,0.0002357252591993486,0.0,0.09433871758092163,0.1,0.003146648406982422,0.11507582664489746,0.052241016,4.9361796,3.937207742243491,0.0,0.05557629990387508,0.0,61,0.005156755447387695,1.0150882792258236,1.0150882792258236,238,3.7967878142431544,0.0
3,1.5657320022583008,3.781016181420961,0.4452749076179678,4.067981239300931,3.010546486538476,0.0,0.10822618553558741,0.1,0.0033140182495117188,0.13088703155517578,0.04959909,3.009752,3.921588586161238,0.0,0.07061685331695351,0.0,76,0.014027118682861328,1.0140417170135723,1.0140417170135723,314,3.9400157596199357,0.0
4,1.6419975757598877,4.06760026456205,0.05682246468300724,4.1460798788139455,4.00259460338516,0.0,0.11426650462228183,0.1,0.0036225318908691406,0.0767979621887207,0.04912289,6.4150567,3.9361897540013193,0.0,0.081317728071566,0.0,98,0.005043506622314453,1.0186443061484924,1.0186443061484924,412,3.7882935243386413,0.0
5,1.4754869937896729,3.2687218216999616,0.845782628349887,4.057103031599031,2.0002942347997923,0.0,0.09363280032767812,0.1,0.005580425262451172,0.07153773307800293,0.0512946,3.4743807,3.8694429607711838,0.0,0.055351689004755594,0.0,58,0.003996610641479492,1.0159084263827116,1.0159084263827116,470,3.4362863574556584,0.0
6,1.4761693477630615,4.012295466672794,1.4238620001200293,6.0282386247343025,2.0009639114625273,0.0,0.10103855411584664,0.1,0.005737781524658203,0.06468462944030762,0.054025725,2.147381,3.883728211361345,0.0,0.06526010466478051,0.0,69,0.0073146820068359375,0.9849814534833572,0.9849814534833572,539,3.6223021686112737,0.0
7,1.5440058708190918,3.277340355463469,2.605420796169738,6.059418218340948,-0.9999282501718896,0.0,0.09756278490290297,0.1,0.005930662155151367,0.08404278755187988,0.047649007,41.759247,3.823089425771557,0.0,0.055518636183917086,0.0,89,0.00431513786315918,1.0115047441466727,1.0115047441466727,628,3.6256111458210456,0.0
8,1.491258144378662,4.013129417099119,0.010906230547557912,4.030367528554503,4.002048189602836,0.0,0.0898030875169612,0.1,0.003138303756713867,0.08580493927001953,0.048526805,3.733808,3.8420934249043137,0.0,0.08028147679421441,0.0,58,0.00447392463684082,1.0099670309278352,1.0099670309278352,686,3.3698034348059838,0.0
9,1.5166504383087158,2.503761431078366,1.6614926644298764,4.013377212535511,0.00018277512715347832,0.0,0.07164855604964064,0.1,0.0036666393280029297,0.2700221538543701,0.04771236,3.6753557,3.7082602255217187,0.0,0.040076142166400014,0.0,26,0.017964601516723633,0.9956202700646003,0.9956202700646003,712,4.368590351130671,0.0
10,1.4039788246154785,3.7689560336390455,0.4441008769002466,4.054489848866684,3.000393736299011,0.0,0.09858509791972722,0.1,0.004072666168212891,0.10229706764221191,0.05020698,3.289827,3.7143298063334518,0.0,0.07037762292970252,0.0,74,0.008644580841064453,1.0135512650255303,1.0135512650255303,786,2.934058266376997,0.0
11,1.5424749851226807,2.7583731631583968,2.1698859220269733,4.029623908573255,-0.9999283145479025,0.0,0.08311947067388666,0.1,0.011643648147583008,0.13173937797546387,0.05132416,3.6292946,3.6187341420159465,0.0,0.05016461439196401,0.0,42,0.003274679183959961,1.0083426509066693,1.0083426509066693,828,4.219803814924404,0.0
12,1.393890619277954,3.7931914029651796,0.46117248332323046,4.155769478412024,3.0013060861898353,0.0,0.10805025234095672,0.1,0.005653858184814453,0.11253499984741211,0.049642164,2.3517594,3.63617986811087,0.0,0.07082440596291678,0.0,78,0.003866910934448242,1.0167274559853041,1.0167274559853041,906,3.368234850692444,0.0
13,1.2900540828704834,3.517037244165451,0.8666842619874067,4.036544913220661,2.016033836910074,0.0,0.08681512005194224,0.1,0.004103660583496094,0.20433568954467773,0.049724773,2.2330763,3.624265605716328,0.0,0.0653261771252643,0.0,37,0.00385284423828125,1.0000847985373944,1.0000847985373944,943,3.8009270444989514,0.0
14,1.4170596599578857,5.039753841268194,1.0292207309149901,6.07915730033938,4.005156599707632,0.0,0.11973618943229315,0.1,0.004917621612548828,0.05705523490905762,0.050630566,2.2601833,3.7658144292715146,0.0,0.08077917407366655,0.0,131,0.08451724052429199,0.9949069389570627,0.9886401990159062,1074,3.368036343345766,0.0
15,1.582249641418457,4.037960902249263,0.022448548240013508,4.059885658578064,4.002820609330826,0.0,0.10006289689126681,0.1,0.008661270141601562,0.229201078414917,0.050236285,4.8225007,3.79302907656929,0.0,0.08074494942185063,0.0,96,0.00693964958190918,1.0097048536506559,1.0097048536506559,1170,4.453658892933599,0.0
16,1.9455132484436035,3.2922978757286505,1.3232799500781545,4.080611742857656,1.0008990865451657,0.0,0.0977642951062591,0.1,0.007198810577392578,0.08810925483703613,0.049186956,5.045629,3.742955956485226,0.0,0.060806506424931586,0.0,78,0.006594419479370117,1.0111522504442256,1.0111522504442256,1248,3.633439328112335,0.0
17,1.9895637035369873,3.5411205314791196,0.8896704654444624,4.090498141132921,2.0009524468157904,0.0,0.11073930368261219,0.1,0.0042438507080078125,0.14537310600280762,0.050250888,4.639885,3.7227724139846154,0.0,0.06587604247945278,0.0,96,0.004812955856323242,1.0135927412626877,1.0135927412626877,1344,3.8711653651352016,0.0
18,1.958113431930542,4.0692868830510305,1.4996908137406018,6.240072410237798,2.000907647901953,0.0,0.1024289966318259,0.1,0.019413471221923828,0.11082983016967773,0.049578063,2.5624354,3.757423860891257,0.0,0.06634711238652503,0.0,82,0.0069882869720458984,0.9933720437090979,0.9933720437090979,1426,3.9463225223375153,0.0
19,1.6600708961486816,3.013188905745486,1.0102970764829267,4.042577379221335,2.0003251829982,0.0,0.07722707712873389,0.1,0.012474775314331055,0.2646963596343994,0.04984204,2.832024,3.68300036537668,0.0,0.05026236464596473,0.0,30,0.019855737686157227,0.9986674082407424,0.9986674082407424,1456,4.133003728791253,0.0
20,1.4998302459716797,3.762944612176266,0.4382004630782586,4.025828174356664,3.0040495843489996,0.0,0.08258599494766179,0.1,0.010571479797363281,0.1838080883026123,0.04953675,2.4393687,3.6909947900566387,0.0,0.07025676517476775,0.0,38,0.006639003753662109,0.9969217666287192,0.9969217666287192,1494,4.007703844318189,0.0
21,1.774731159210205,2.7899476901379865,2.634080520650059,6.1477403639454105,-0.9999286045780138,0.0,0.09942338470232014,0.1,0.03182554244995117,0.12755441665649414,0.050033506,3.2183554,3.6008900800647736,0.0,0.03576720074625925,0.0,69,0.0031468868255615234,0.98561654893933,0.98561654893933,1563,3.8928566148913553,0.0
22,1.6978447437286377,3.554989618473316,0.898571083489902,4.143833356796146,2.0004405590414693,0.0,0.09903453544778758,0.1,0.0028657913208007812,0.06368732452392578,0.050386332,2.4571042,3.596300033905628,0.0,0.06598999168380458,0.0,58,0.0055141448974609375,1.0048391331039015,1.0048391331039015,1621,4.323577576662583,0.0
23,1.6538560390472412,3.5311583407662797,0.8831855754432625,4.092220043810809,2.002458089361687,0.0,0.10981441305216798,0.1,0.0044782161712646484,0.08184266090393066,0.053086262,2.9638202,3.5897858645916934,0.0,0.06561609864035177,0.0,79,0.0035483837127685547,1.0108492812693366,1.0108492812693366,1700,3.4208815333319316,0.0
24,1.698307991027832,2.5236889702794207,1.6790085100810923,4.070010228875239,0.0011724928049647865,0.0,0.07487298773457386,0.1,0.002862691879272461,0.2493879795074463,0.049672123,3.8905308,3.483176175160466,0.0,0.03540906513378479,0.0,30,0.018752574920654297,0.997006089493008,0.997006089493008,1730,3.719649237324758,0.0
25,1.9338982105255127,3.764812980831868,0.44098749435165263,4.044605116558465,3.0014901650991943,0.0,0.1030988267508891,0.1,0.003947734832763672,0.09226179122924805,0.04974297,1.9719816,3.5113398557276065,0.0,0.07028888737048083,0.0,61,0.006041049957275391,1.003292053989476,1.003292053989476,1791,3.822052501755845,0.0
26,1.7231767177581787,4.060741828399276,0.04030051563799609,4.118881572829479,4.006794469199837,0.0,0.11479322173718436,0.1,0.0034863948822021484,0.12971186637878418,0.04974603,5.507368,3.566280052994774,0.0,0.08120582936394785,0.0,122,0.015208005905151367,1.0127797905073201,1.0127797905073201,1913,4.337296542610468,0.0
27,1.8251368999481201,4.047318383806886,0.05635708399855817,4.142245558145239,4.0035746322801735,0.0,0.10809276853808729,0.1,0.0047817230224609375,0.07666540145874023,0.051548656,2.5233538,3.614383886075985,0.0,0.07591083984013736,0.0,95,0.007678508758544922,1.0099034183997386,1.0099034183997386,2008,3.399660073125425,0.0
28,2.1600260734558105,5.2843986762157,3.4456152508043076,11.077506252091961,2.0012644469603087,0.0,0.10552340357734738,0.1,0.00525665283203125,0.08759307861328125,0.050849028,1.5788506,3.7813853650899567,0.0,0.09568205537553308,0.0,92,0.006959676742553711,0.9935674349292863,0.9935674349292863,2100,3.715621639849165,0.0
29,1.8022024631500244,4.565503699959477,0.922661091427348,6.163588533437555,4.028522911358219,0.0,0.115022767617132,0.1,0.0036690235137939453,0.09774279594421387,0.050410934,3.0207531,3.8597971985769086,0.0,0.08129289166676294,0.0,110,0.018882274627685547,1.0020475330599614,1.0020475330599614,2210,3.3846094147528647,0.0
30,1.5906105041503906,4.137160512839941,1.5802757204200588,6.463162182562678,2.0020612285426695,0.0,0.10577691747105133,0.1,0.027373790740966797,0.11409759521484375,0.048499025,6.087778,3.8875335300032123,0.0,0.07275505964782968,0.0,82,0.006613731384277344,0.9950667640024145,0.9950667640024145,2292,4.466296645993254,0.0
31,1.8785734176635742,5.618435356209489,0.9032008337126074,6.195921696537437,4.055955060340179,0.0,0.13083567259027407,0.1,0.004081010818481445,0.0881047248840332,0.050147753,3.2804618,4.06062371262384,0.0,0.08233776493653337,0.0,171,0.07695484161376953,0.989055961189232,0.9790100184563028,2463,3.633925755684761,0.0
32,1.6892807483673096,2.777305461372207,2.1809991540868245,4.08536206580508,-0.9999207520452611,0.0,0.09452470030086403,0.1,0.011547327041625977,0.1615006923675537,0.049814,2.570151,3.9322918874986765,0.0,0.050602491954977985,0.0,44,0.00506281852722168,1.005037443453582,1.005037443453582,2507,3.7497502420470195,0.0
33,1.7793164253234863,2.8116638422421736,2.201510807485598,4.184006135758803,-0.9999233939902004,0.0,0.09936763113654223,0.1,0.011987924575805664,0.0721120834350586,0.050684907,3.2440515,3.820229082973026,0.0,0.05122616801550285,0.0,69,0.007986068725585938,1.0208080081708513,1.0208080081708513,2576,3.3023244075632476,0.0
34,1.8424372673034668,3.0278172495021387,1.747911240785619,4.059734433595997,0.0005703874051665725,0.0,0.09319883189493404,0.1,0.0030448436737060547,0.06607723236083984,0.048889715,6.091517,3.740987899625938,0.0,0.05054683770395471,0.0,59,0.00529789924621582,1.012018140949787,1.012018140949787,2635,3.831198674150889,0.0
35,2.005159616470337,3.7606889953760927,0.43411517416780415,4.023587972048098,3.0089058931338606,0.0,0.08781869276518844,0.1,0.003131866455078125,0.07575130462646484,0.050290894,10.378077,3.7429580092009536,0.0,0.07023552915750308,0.0,51,0.0064220428466796875,1.0036747462903282,1.0036747462903282,2686,4.34494792479291,0.0
36,1.7141008377075195,2.260172386469815,2.0549178173133096,4.032324802849787,-0.999919378735201,0.0,0.09002778973658819,0.1,0.003974199295043945,0.0620419979095459,0.049828824,2.3502922,3.59467944692784,0.0,0.03520021427576076,0.0,50,0.004512786865234375,1.0192360465298809,1.0192360465298809,2736,4.206077074359744,0.0
37,1.3573336601257324,4.045202166964423,0.02282796515924198,4.0806396237856415,4.022079084101298,0.0,0.11164110464679114,0.1,0.002576112747192383,0.05085420608520508,0.04897108,2.0365589,3.639731718931498,0.0,0.08084323695493718,0.0,94,0.0035359859466552734,1.0160279367604568,1.0160279367604568,2830,4.413978962467992,0.0
38,1.5253574848175049,3.2654337068161747,1.307266901213804,4.044222712474716,1.0013345414334491,0.0,0.09871667327288286,0.1,0.01304006576538086,0.19409775733947754,0.049499303,2.3336642,3.602301917719966,0.0,0.06028789198733484,0.0,46,0.016266822814941406,1.008405563852238,1.008405563852238,2876,4.3154404401565545,0.0
39,1.8308582305908203,3.790691896195143,0.4551109811777777,4.104044466994578,3.0043554461961595,0.0,0.1098553484381102,0.1,0.0040667057037353516,0.12458205223083496,0.04925556,2.052319,3.6211409155674836,0.0,0.07078643767890386,0.0,77,0.0051844120025634766,1.015170811063186,1.015170811063186,2953,3.9077555630612983,0.0
40,2.1343207359313965,3.6407347722693597,0.7955872110229035,4.271471709049616,2.2753862089692367,0.0,0.10466257620584991,0.1,0.020701169967651367,0.15714287757873535,0.050081145,4.152375,3.6231003012376712,0.0,0.067788267927167,0.0,89,0.007851600646972656,1.0258735741823097,1.0258735741823097,3042,4.016075728147242,0.0
41,1.9945871829986572,4.031685045102091,0.037551233597478625,4.096532821161339,4.006106365088672,0.0,0.09980213870096273,0.1,0.004262208938598633,0.13141846656799316,0.049237948,2.2407546,3.6639587756241134,0.0,0.08061255923285499,0.0,64,0.006567239761352539,1.008308955412845,1.008308955412845,3106,3.9837517891073104,0.0
42,2.2127537727355957,3.6034411062843654,0.9335318147591651,4.3384912458949,2.00099374383864,0.0,0.11386914170012624,0.1,0.004042625427246094,0.09063005447387695,0.05014541,1.8357718,3.6579070086901386,0.0,0.06702315233320484,0.0,77,0.005410909652709961,1.0182905334783174,1.0182905334783174,3183,4.066460105782434,0.0
43,1.96248459815979,4.072058975851213,0.08447247194444098,4.2119942926520215,4.001172935791459,0.0,0.10981937669033802,0.1,0.003178834915161133,0.13260507583618164,0.050145842,2.544589,3.6993222054062462,0.0,0.07650660911480717,0.0,86,0.003232717514038086,1.0180512234220527,1.0180512234220527,3269,3.918418504731141,0.0
44,1.7218899726867676,4.643520920550479,0.8659435156643812,6.14019437603914,4.055865908756967,0.0,0.12684337807829882,0.1,0.006459712982177734,0.13810300827026367,0.049705874,2.5416546,3.79374207692067,0.0,0.0827189306401242,0.0,152,0.09313178062438965,1.0142756802891923,1.0056093012032192,3421,3.408260777315768,0.0
45,1.6107382774353027,2.799603691985147,2.194106281352586,4.137874874550984,-0.9999268189891279,0.0,0.11139817554914806,0.1,0.045786380767822266,0.3774867057800293,0.04861652,3.4236321,3.6943282384271177,0.0,0.05095925841557431,0.0,107,0.01708388328552246,1.0167403471948295,1.0167403471948295,3528,3.9223684305023494,0.0
46,1.8965117931365967,3.0266028535059153,1.74751135326322,4.074006787802244,0.00015926476236005627,0.0,0.10002192264271834,0.1,0.02562880516052246,0.10220003128051758,0.050781198,5.9577107,3.6275556999349976,0.0,0.055539908490727666,0.0,83,0.006556272506713867,1.015710082529874,1.015710082529874,3611,4.247293412632224,0.0
47,1.9299356937408447,2.508416461871,1.5072331162834698,4.020954022289888,1.0004783686718552,0.0,0.08200578223965826,0.1,0.0043294429779052734,0.1379544734954834,0.049520314,6.1810484,3.515641776128598,0.0,0.04028843595446561,0.0,49,0.00975799560546875,1.0150382991200908,1.0150382991200908,3660,4.192217697474221,0.0
48,1.9218976497650146,3.306674966683304,1.330365993727674,4.153094489663066,1.0040370057590484,0.0,0.10635477607058351,0.1,0.007302045822143555,0.3177187442779541,0.049574032,2.0187483,3.4947450951840686,0.0,0.061026856317166464,0.0,71,0.009102344512939453,1.0191204054216207,1.0191204054216207,3731,3.7605315360909723,0.0
49,1.6829743385314941,3.7661948369844884,0.4404117160912964,4.037405282772362,3.0035933031720674,0.0,0.09070124640393064,0.1,0.0033464431762695312,0.06595873832702637,0.05048026,2.625361,3.521890069364111,0.0,0.07032827414289466,0.0,50,0.0077283382415771484,0.9995083584630162,0.9995083584630162,3781,3.1181815765346808,0.0
50,1.6625757217407227,3.546727201756842,2.203302616005883,6.058879788828565,0.0011028217770050475,0.0,0.10042798005505839,0.1,0.006338834762573242,0.09921622276306152,0.0507456,5.5369005,3.524373782603384,0.0,0.055927867924494876,0.0,98,0.0038912296295166016,0.9997873349975424,0.9997873349975424,3879,3.3134456825376577,0.0
51,2.002145528793335,4.049063618772375,0.041931140536136,4.09315444374069,4.001654937857791,0.0,0.1179217443154311,0.1,0.010841131210327148,0.12484097480773926,0.05059542,2.6074643,3.5768427662202833,0.0,0.08088574707263903,0.0,98,0.00903177261352539,1.012721551900638,1.012721551900638,3977,3.3667444950578194,0.0
52,1.583733081817627,4.155312307274581,0.18710022596324688,4.472653082878125,4.008960242210428,0.0,0.11082659334598255,0.1,0.025225162506103516,0.09516525268554688,0.05038261,3.0336921,3.634689720325713,0.0,0.08298168928990063,0.0,91,0.006801128387451172,1.0096835180587984,1.0096835180587984,4068,4.411122359748232,0.0
53,1.5910522937774658,4.166978189593962,0.25685841515629,4.611565352371193,4.00487530219672,0.0,0.1281502140116493,0.1,0.011891841888427734,0.14499759674072266,0.048894126,1.8586515,3.687918567252538,0.0,0.08331033532243791,0.0,107,0.017138004302978516,1.0099813321864792,1.0099813321864792,4175,5.329717250725076,0.0
54,1.9563894271850586,2.598725791025202,2.8169731552529913,6.368483641865355,-0.9999224538418277,0.0,0.1093656822934497,0.1,0.03236031532287598,0.11740851402282715,0.049162824,2.8803675,3.5789992896298046,0.0,0.03196388249897179,0.0,83,0.003639698028564453,0.9910191124646057,0.9910191124646057,4258,3.885167061540321,0.0
55,1.8316235542297363,4.048860741700401,0.030589076248615326,4.088214094258269,4.018089530790007,0.0,0.09787758052002896,0.1,0.0041806697845458984,0.12145566940307617,0.04988814,2.3192635,3.6259854348368643,0.0,0.0809427276940234,0.0,70,0.00463104248046875,1.0078789741168928,1.0078789741168928,4328,3.4789363767521446,0.0
56,1.6834778785705566,4.0619318959515205,0.07883407889049716,4.197275003905567,4.002325924687467,0.0,0.1040468066337157,0.1,0.0034677982330322266,0.12056326866149902,0.049354058,5.675754,3.66958008094833,0.0,0.08121245219620436,0.0,97,0.00429844856262207,1.013702264183825,1.013702264183825,4425,3.797159979027359,0.0
57,1.7842607498168945,3.0125471316021355,1.7389425081111285,4.025667838284031,0.000634157200758656,0.0,0.08822513867192992,0.1,0.002704143524169922,0.12271952629089355,0.04970938,2.7668653,3.6038767860137106,0.0,0.05524153192254338,0.0,44,0.003706693649291992,1.0008804813902645,1.0008804813902645,4469,4.033896398182553,0.0
58,2.010735034942627,3.0794162686674023,1.294886836810108,4.315054042621397,1.0002135856787917,0.0,0.08290334320498635,0.1,0.003658294677734375,0.07627511024475098,0.049269166,5.3752413,3.55143073427908,0.0,0.051540019894674,0.0,51,0.006604909896850586,1.0058115678827904,1.0058115678827904,4520,4.519534847623247,0.0
