iteration,time_sampling,stoc_pol_mean,stoc_pol_std,stoc_pol_max,stoc_pol_min,rollout_success,alpha,delta,time_vpg,time_npg,kl_dist,surr_improvement,running_score,rwd_sparse,rwd_dense,success_percentage,num_samples,time_VF,VF_error_before,VF_error_after,env_samples,eval_score,eval_success
0,1.1033985614776611,-1.9925359082703844,0.0030023048850321464,-1.9877865638136754,-1.995913389783376,0.0,0.08047453822062016,0.1,0.03261685371398926,0.04624772071838379,0.058594674,3.2243974,-1.9925359082703844,0.0,-0.026163842933148544,0.0,64,0.004690885543823242,1.0495892086552334,1.0495892086552334,64,-1.9928268738034374,0.0
1,1.190584659576416,-1.47244612836601,0.875478032172381,0.04390776122614785,-1.984954326931567,0.0,0.12642040339880944,0.1,0.0028994083404541016,0.051073551177978516,0.05495375,0.80888927,-1.940526930279947,0.0,-0.025895829137431277,0.0,147,0.023201465606689453,1.0528756308308909,1.0028323410400728,211,-1.9929119364866505,0.0
2,1.1535232067108154,-1.9860393968948233,0.012195822061710902,-1.9654210862250476,-1.9954451327947929,0.0,0.1123598650595075,0.1,0.0025870800018310547,0.04870939254760742,0.047554113,1.5868045,-1.9450781769414347,0.0,-0.02607745482961216,0.0,104,0.0028297901153564453,1.006796599334447,1.006796599334447,315,-1.9930809881374223,0.0
3,0.9589452743530273,-1.9939857927160718,0.0010728119740978403,-1.9921757321937084,-1.9949583725811817,0.0,0.09074186370082939,0.1,0.002955198287963867,0.08022069931030273,0.048725426,1.5393502,-1.9499689385188983,0.0,-0.0261829518346059,0.0,48,0.002349853515625,1.0033813867816237,1.0033813867816237,363,-1.9929723461703448,0.0
4,1.1496024131774902,-1.9763358873279602,0.02067814398344093,-1.9417298365255233,-1.9945743472978226,0.0,0.10813672174836951,0.1,0.002910137176513672,0.050801992416381836,0.051713225,1.9598852,-1.9526056333998045,0.0,-0.025947385064719407,0.0,118,0.004706621170043945,1.0070152449385203,1.0070152449385203,481,-1.9925529595786362,0.0
5,1.050835132598877,-1.992925098959145,0.0038412292004301636,-1.9864563378495854,-1.996332751240358,0.0,0.08373365608138499,0.1,0.002534627914428711,0.07441854476928711,0.05037735,3.038084,-1.9566375799557387,0.0,-0.026168899365511117,0.0,53,0.0024671554565429688,1.0055510704629096,1.0055510704629096,534,-1.99206848322295,0.0
6,1.04939603805542,-1.9903596483130204,0.0037626855032422005,-1.9844968018364866,-1.9947297247140123,0.0,0.08668809045399359,0.1,0.0022318363189697266,0.04502439498901367,0.04951486,2.6162572,-1.960009786791467,0.0,-0.026134730501647645,0.0,62,0.0022249221801757812,1.0038178935785582,1.0038178935785582,596,-1.9828297250150415,0.0
7,1.1983962059020996,-1.9783286012096708,0.014685851070096801,-1.9597265762151197,-1.9931160793953462,0.0,0.11756360250195616,0.1,0.002574920654296875,0.06555461883544922,0.05173644,1.1309658,-1.9618416682332875,0.0,-0.02597437362377418,0.0,129,0.017978429794311523,1.0062282192451126,0.9576100138752077,725,-1.9801423670727518,0.0
8,1.0387446880340576,-1.9932020802109878,0.0014974630883342367,-1.990934749467557,-1.9950857394090602,0.0,0.08405515160864768,0.1,0.0023317337036132812,0.0773928165435791,0.05018987,2.4181135,-1.9649777094310577,0.0,-0.026172489683732196,0.0,47,0.002282857894897461,0.9571308742294216,0.9571308742294216,772,-1.9769064164917625,0.0
9,1.1362967491149902,-1.976526214016876,0.028176814988218894,-1.9277805898965956,-1.994214642568301,0.0,0.08841464122907475,0.1,0.0026557445526123047,0.046413421630859375,0.050731484,4.9471283,-1.9661325598896395,0.0,-0.02595031199915435,0.0,82,0.0026204586029052734,0.9575361684715465,0.9575361684715465,854,-1.9708664582509805,0.0
10,1.2644689083099365,-1.984716399903347,0.0059919572847621765,-1.97969531047256,-1.9949155130984841,0.0,0.12007791074083342,0.1,0.0027723312377929688,0.050202131271362305,0.04950401,0.97864085,-1.9679909438910104,0.0,-0.026059571658129145,0.0,141,0.009528160095214844,0.9587298594037175,0.9080804947767548,995,-1.972427251110126,0.0
11,1.171217918395996,-1.9745098579428622,0.02357268014833033,-1.9351508902413108,-1.9952298199429581,0.0,0.09751657454884481,0.1,0.0024483203887939453,0.04738283157348633,0.05068794,2.5839806,-1.9686428352961958,0.0,-0.02592352511476461,0.0,97,0.002707958221435547,0.9099830811883743,0.9099830811883743,1092,-1.9657175204326585,0.0
12,1.1832780838012695,-1.9473792814328394,0.05044643733445223,-1.8721839971549854,-1.9942451739254834,0.0,0.11371552854440815,0.1,0.002624034881591797,0.04892253875732422,0.050447278,1.210956,-1.9665164799098602,0.0,-0.025562514462064277,0.0,118,0.0048372745513916016,0.9047130626099452,0.9047130626099452,1210,-1.9624949332280164,0.0
13,1.3047711849212646,-1.4714135737513703,0.9023547503715055,0.09151013336767386,-1.9933558550663806,0.0,0.10790439177995163,0.1,0.002917766571044922,0.049652814865112305,0.050962575,0.7922958,-1.9170061892940113,0.0,-0.02588530055712011,0.0,127,0.004294157028198242,0.9119326604740133,0.9119326604740133,1337,0.039344244004313335,0.0
14,1.0542469024658203,-1.989446011053908,0.002527286859423186,-1.9862996470077596,-1.9925936237946946,0.0,0.0801986426862622,0.1,0.0029566287994384766,0.07807159423828125,0.05053163,2.8427622,-1.924250171470001,0.0,-0.02612248442175656,0.0,56,0.002900362014770508,0.9060153048307548,0.9060153048307548,1393,0.052247457309009,0.0
15,1.3529119491577148,-1.466378042677243,0.8789991997862654,0.05579020307391672,-1.992273867003811,0.0,0.1380288650392487,0.1,0.0031380653381347656,0.05151963233947754,0.0497185,0.7148153,-1.8784629585907253,0.0,-0.025815607816082817,0.0,190,0.008429765701293945,0.9076713152256046,0.8554821240159545,1583,-1.947758648027382,0.0
16,1.2995750904083252,-1.4732595887039688,0.8869969994129285,0.06297769449361794,-1.995646818182454,0.0,0.10492450969959084,0.1,0.0025212764739990234,0.04832935333251953,0.05123846,0.7411196,-1.8379426216020496,0.0,-0.02590737145269622,0.0,120,0.0027425289154052734,0.8643780121152423,0.8643780121152423,1703,0.05926839621549477,0.0
17,1.4342963695526123,-0.8979579726471623,1.1010506698573712,0.3353607155440133,-1.9962048440516276,0.0,0.1243332366440964,0.1,0.0027997493743896484,0.05074191093444824,0.04930083,0.45283163,-1.743944156706561,0.0,-0.02490447049232951,0.0,177,0.009671926498413086,0.9149558367016715,0.8986414323725082,1880,0.0618100039695326,0.0
18,1.3601760864257812,-1.401193886511995,0.869001771743507,0.09043104518718487,-1.9954171133526641,0.0,0.12347453835302043,0.1,0.00357818603515625,0.09061884880065918,0.049071886,0.62543344,-1.7096691296871045,0.0,-0.02494924174343081,0.0,161,0.010010719299316406,0.8106813852452581,0.7612229699852336,2041,-1.943053155634442,0.0
19,1.3342747688293457,-1.4680463906060315,0.8919996647480524,0.07686306319310915,-1.992581826414884,0.0,0.11203005590280142,0.1,0.002637624740600586,0.05055069923400879,0.050354343,0.74761957,-1.6855068557789972,0.0,-0.02583682601220063,0.0,133,0.010194540023803711,0.7716722054815159,0.7218255050914117,2174,-1.93952855700434,0.0
20,1.3175811767578125,-1.9828748671938046,0.012337024829315797,-1.961793186506275,-1.9920987406759523,0.0,0.0967589439667314,0.1,0.002603292465209961,0.04903364181518555,0.04925344,4.559984,-1.7152436569204779,0.0,-0.02603493720239726,0.0,108,0.0029380321502685547,0.6776865832011382,0.6776865832011382,2282,-1.9320376170713915,0.0
21,1.4057979583740234,-0.8622459302358065,1.123197170308052,0.26849834918534493,-1.9918036233115637,0.0,0.12991619589861833,0.1,0.007454872131347656,0.06254267692565918,0.048289996,0.49234086,-1.6299438842520106,0.0,-0.024434847242375712,0.0,196,0.013517141342163086,0.8542620471822878,0.847850545755013,2478,0.06388660197602392,0.0
22,1.4194293022155762,-1.4026252052323525,0.9260276311904279,0.19667352604676736,-1.995570773792494,0.0,0.12388306679206122,0.1,0.0025954246520996094,0.051047325134277344,0.05062403,0.70205957,-1.607212016350045,0.0,-0.024966817476374147,0.0,161,0.010149240493774414,0.6346234521469559,0.5976669484530498,2639,0.08001785944855547,0.0
23,1.4500906467437744,-1.954849258810576,0.023319219793521605,-1.9333218599188033,-1.9935359490579256,0.0,0.1306145611713553,0.1,0.002641916275024414,0.05234670639038086,0.049870744,0.890855,-1.6419757405960982,0.0,-0.025661809702695403,0.0,185,0.009850502014160156,0.5160455746545171,0.43787266591466045,2824,-1.8799329859872735,0.0
24,1.4289896488189697,-0.912288838033716,1.074536451033992,0.18753862926548473,-1.991357393490549,0.0,0.137365257845173,0.1,0.002821683883666992,0.05491828918457031,0.050522078,0.540952,-1.56900705033986,0.0,-0.025099703183261705,0.0,198,0.014636993408203125,0.8228825963233397,0.897064525484341,3022,0.08694239793614418,0.0
25,1.4823453426361084,-1.4438429213442172,0.8713351362853029,0.06509006488517138,-1.9604706925326119,0.0,0.15844211945622397,0.1,0.0028679370880126953,0.056430816650390625,0.051058628,0.6746451,-1.5564906374402958,0.0,-0.025519617721892998,0.0,271,0.01791667938232422,0.42353038811822474,0.3273707889611627,3293,0.06463921214919902,0.0
26,1.4564175605773926,-1.459475576119664,0.8922978066924622,0.08589817855374293,-1.993243593399397,0.0,0.13101804157246524,0.1,0.0027322769165039062,0.052186012268066406,0.050816774,0.9317451,-1.5467891313082327,0.0,-0.025738899835165786,0.0,171,0.009671211242675781,0.43630826247668825,0.4402406370873936,3464,0.08729055668380294,0.0
27,1.4284510612487793,-1.9346866685353121,0.07722713145900137,-1.804248787128228,-1.994212884418694,0.0,0.11999945846924188,0.1,0.0027303695678710938,0.051696062088012695,0.05145554,1.4297634,-1.5855788850309407,0.0,-0.025392259529889417,0.0,167,0.013526678085327148,0.14756378951343388,0.1016481504907184,3631,-1.9253371419783403,0.0
28,1.4454612731933594,-1.4398511598888837,0.8705405270539606,0.06695680615553519,-1.9826602426711006,0.0,0.14031029236648634,0.1,0.0029115676879882812,0.053870201110839844,0.050105102,0.9836658,-1.571006112516735,0.0,-0.02546276473914111,0.0,206,0.013391971588134766,0.4117732801370129,0.4583877401421852,3837,-1.9292335942711427,0.0
29,1.508617639541626,-0.9539180139248822,1.0376343849112617,0.12097728408921107,-1.9923998704041217,0.0,0.12591300906040398,0.1,0.0028769969940185547,0.05359029769897461,0.049389366,0.56701326,-1.5092973026575496,0.0,-0.02565227670547473,0.0,184,0.009466171264648438,2.707924996078899,2.3613426302868756,4021,0.0913818694822387,0.0
30,1.4399821758270264,-0.9559009862543745,1.029797933046558,0.10431821547957068,-1.9960090849967558,0.0,0.14012752527767408,0.1,0.0028533935546875,0.05338597297668457,0.049788717,0.70196503,-1.4539576710172322,0.0,-0.025682313718805666,0.0,205,0.013513565063476562,1.5480628976895423,1.0300110820399033,4226,0.105475630217273,0.0
31,1.4862351417541504,-0.41008210576641974,0.8838426829009934,0.13295040492537177,-1.940468947402525,0.0,0.165704416221471,0.1,0.002910137176513672,0.05752110481262207,0.049473222,0.48013732,-1.349570114492151,0.0,-0.025071163484747395,0.0,272,0.017342567443847656,1.764998575126993,1.010306110391272,4498,0.12632904823868704,0.0
32,1.4981465339660645,-0.4455472095659909,0.8801825612600357,0.08395582661749845,-1.9698931797927617,0.0,0.14089817330215434,0.1,0.002943277359008789,0.05509614944458008,0.0499022,0.3774713,-1.259167823999535,0.0,-0.02553772920615992,0.0,263,0.018926620483398438,1.1062435647379656,0.8961827253180267,4761,0.08529156515948226,0.0
33,1.4654860496520996,-0.31976346488069857,0.9743206844958695,0.48242403176863796,-1.9869663387125769,0.0,0.1349400710729478,0.1,0.004065990447998047,0.08940887451171875,0.04878395,0.34468344,-1.1652273880876514,0.0,-0.023903166471337278,0.0,249,0.013526678085327148,1.2064619520638795,1.094459942293079,5010,0.12960436269557385,0.0
34,1.401139736175537,-1.405169418871624,0.956850218749432,0.251026243390562,-1.993075178141805,0.0,0.12246416179671409,0.1,0.002871990203857422,0.09296441078186035,0.048649944,0.74549085,-1.1892215911660486,0.0,-0.02499904109251125,0.0,170,0.010290384292602539,0.7352683266660016,0.7526841958755516,5180,0.1135958485204522,0.0
35,1.4442389011383057,-0.9148079203704593,1.0639465621734578,0.20151711697230593,-1.9950678923221588,0.0,0.12408890990893325,0.1,0.0028035640716552734,0.051453351974487305,0.051140826,0.48247066,-1.1617802240864898,0.0,-0.025135911818636378,0.0,185,0.011765241622924805,0.838844089247316,0.8409231731577113,5365,0.09301324031268908,0.0
36,1.4860756397247314,-0.9186914647410703,1.0667854476353027,0.21212347530187928,-1.9932136907551865,0.0,0.12153284383860109,0.1,0.002719402313232422,0.0531308650970459,0.050275914,0.49113443,-1.1374713481519478,0.0,-0.025184128242582902,0.0,195,0.013512372970581055,0.8254525091899418,0.8301313028300594,5560,0.11762208797756608,0.0
37,1.4739031791687012,-0.8611519356039202,1.1240915680484287,0.3558748488889456,-1.9838128991676993,0.0,0.12651565478674132,0.1,0.002749919891357422,0.05155801773071289,0.049350165,0.5019227,-1.109839406897145,0.0,-0.024419387604095382,0.0,190,0.011901617050170898,0.8604454516812945,0.8600898812252749,5750,0.08541245321557962,0.0
38,1.505075454711914,0.20004893526595327,0.10344987380693861,0.375469857223886,0.10870117819070692,0.0,0.1525516950073502,0.1,0.0029637813568115234,0.0558621883392334,0.04978114,1.1808736,-0.9788505726808353,0.0,-0.023615920108932188,0.0,300,0.016778945922851562,6.0252137906739565,5.281982465540288,6050,0.143461095079757,0.0
39,1.520538091659546,-0.856020922278359,1.106171315426851,0.38489741189763527,-1.9783918345895628,0.0,0.13216373770375797,0.1,0.0027649402618408203,0.051795005798339844,0.04996034,0.53010994,-0.9665676076405877,0.0,-0.02435455797988709,0.0,199,0.013184070587158203,0.8565482812280759,0.8590497302062978,6249,0.1595712522866959,0.0
40,1.49074387550354,-0.8032555371616314,1.1399408772384114,0.48459278998658856,-1.9636044591973174,0.0,0.1661204238669215,0.1,0.014200925827026367,0.0749671459197998,0.050158832,0.545827,-0.9502364005926921,0.0,-0.023642687987113303,0.0,273,0.017946720123291016,0.8455624970976121,0.8320527123417352,6522,0.06700552139255676,0.0
41,1.5492103099822998,-0.8724411273862784,1.1230009061215869,0.3116478434868481,-1.9945931569285855,0.0,0.11076669238961498,0.1,0.0026738643646240234,0.052764177322387695,0.04919712,0.3882273,-0.9424568732720507,0.0,-0.024579944693105534,0.0,168,0.009256839752197266,0.9533849650907652,0.9559473450881205,6690,0.11141808120072416,0.0
42,1.5934650897979736,-0.2861159598553996,0.9036575414183055,0.39700493297485906,-1.8398155685561308,0.0,0.16888221322415797,0.1,0.002846240997314453,0.055988311767578125,0.049657162,0.37280586,-0.8768227819303857,0.0,-0.023418351148529352,0.0,277,0.018620014190673828,0.900367015149763,0.8989122755779931,6967,0.14910120879131608,0.0
43,1.6110124588012695,0.17208716299873655,0.0842841045884255,0.2985174132427329,0.06658995838316513,0.0,0.15208915084481148,0.1,0.007730722427368164,0.06010890007019043,0.050212193,1.7546238,-0.7719317874374735,0.0,-0.02398087916958169,0.0,300,0.01788926124572754,7.579141381701126,7.176030675373881,7267,0.21936103393220444,0.0
44,1.580963134765625,-0.3519781711552438,0.9243026742736689,0.21118379715017369,-1.9521607807678134,0.0,0.1432459971991631,0.1,0.0028982162475585938,0.05704975128173828,0.04958364,0.37280715,-0.7299364258092506,0.0,-0.024310405346775872,0.0,276,0.04040384292602539,0.8834856270726148,0.8822482449874327,7543,0.3336437671465278,0.0
45,1.5215165615081787,-0.2340297114142762,0.9935730062574629,0.4300777078448334,-1.9513393926176281,0.0,0.13605997864111607,0.1,0.0030944347381591797,0.0564732551574707,0.049785297,0.35833266,-0.6803457543697532,0.0,-0.022767635515330224,0.0,275,0.016885042190551758,0.9592516828592462,0.9535633373439962,7818,0.153349033240145,0.0
46,1.5708467960357666,-0.846266510536795,1.1476083902659158,0.440422715945279,-1.992416757136795,0.0,0.11953323092725995,0.1,0.002697467803955078,0.05594348907470703,0.05116727,0.5177954,-0.6969378299864574,0.0,-0.024234988794810685,0.0,190,0.015616178512573242,0.889035628861963,0.8887375939484868,8008,0.2190929803304548,0.0
47,1.5248522758483887,0.11531497988256662,0.045195837850540335,0.16666110412440605,0.05583566403999363,0.0,0.14275722181150302,0.1,0.003063201904296875,0.056571245193481445,0.049136423,2.5549722,-0.615712548999555,0.0,-0.024746236712449524,0.0,300,0.017534732818603516,13.12724503866255,10.654777215635832,8308,0.2799433124934824,0.0
48,1.527073621749878,0.2719415142050896,0.13910738621434376,0.49847540501466653,0.13483721831500184,0.0,0.1539581315188386,0.1,0.0031147003173828125,0.08330845832824707,0.049877275,1.344625,-0.5269471426790905,0.0,-0.022666079831506234,0.0,300,0.017534732818603516,3.3204896627339195,2.575952866028157,8608,0.19535969831674618,0.0
49,1.5545895099639893,0.23686046299119443,0.09057606176672221,0.37558889580748156,0.13948802814146605,0.0,0.1467586271965241,0.1,0.0031099319458007812,0.05807232856750488,0.04934438,1.9761937,-0.45056638211206196,0.0,-0.023163845952033996,0.0,300,0.017522335052490234,3.1666769423659344,2.154146866544363,8908,0.1648142168404672,0.0
50,1.5116617679595947,-0.3490866399587863,0.9413637581861918,0.2894251890701701,-1.9763615535654733,0.0,0.12862550027537764,0.1,0.002974271774291992,0.056236982345581055,0.0494424,0.3226141,-0.44041840789673437,0.0,-0.0242715965496259,0.0,247,0.0142364501953125,0.9470622606099579,0.9510637107006124,9155,0.21211882537448631,0.0
51,1.577580213546753,-0.36661305204643463,0.9097463645405769,0.18507989096282212,-1.9417278490331673,0.0,0.145751842270621,0.1,0.006811618804931641,0.05611848831176758,0.050121404,0.37017182,-0.4330378723117044,0.0,-0.024505319019792075,0.0,265,0.017404794692993164,0.9580379481440021,0.9647817711915062,9420,0.23521413155056956,0.0
52,1.5630979537963867,-0.3545433472453954,0.9225845308651176,0.21150796854725742,-1.9518212138372468,0.0,0.1404723727659121,0.1,0.0030565261840820312,0.055730581283569336,0.05003078,0.35025376,-0.42518841980507344,0.0,-0.02432931332561937,0.0,252,0.013197660446166992,0.9699565944636257,0.9651956720586982,9672,0.1475570426286785,0.0
53,1.5288546085357666,0.31893525012784646,0.1861696583601007,0.6273366322480501,0.1327173402748277,0.0,0.16298921578318115,0.1,0.0033371448516845703,0.08779597282409668,0.05049631,1.3903595,-0.3507760528117815,0.0,-0.022082109062120686,0.0,300,0.017219066619873047,1.3389157684196178,1.2803634807600255,9972,0.22200194922792185,0.0
54,1.5606849193572998,-0.23982804916034392,1.0193868736362308,0.5733001688291982,-1.9883146947549812,0.0,0.12877606123751786,0.1,0.002801656723022461,0.05405855178833008,0.048360113,0.3234359,-0.3396812524466377,0.0,-0.022799565072764733,0.0,243,0.013624429702758789,0.9878077166695718,0.9821110874013661,10215,0.13260850407045116,0.0
55,1.6122777462005615,-0.2537983411860085,0.836646154961716,0.30187952381872607,-1.6987293735736642,0.0,0.16627190913152695,0.1,0.003058195114135742,0.05567121505737305,0.050669733,0.35148582,-0.3310929613205748,0.0,-0.022995267113037756,0.0,296,0.021381378173828125,0.9911602346027428,0.9862667724204767,10511,0.14068251304543858,0.0
56,1.6402020454406738,0.4118943498375378,0.189096864336401,0.6743207682405192,0.20329114934880368,0.0,0.14891721956359785,0.1,0.0029807090759277344,0.05682706832885742,0.049765542,1.0638515,-0.25679423020476355,0.0,-0.020895410156250425,0.0,300,0.01802825927734375,1.1788317891393625,1.1399962086983157,10811,-1.8546118669788358,0.0
57,1.7092247009277344,-0.2721200650507994,0.9357163587348213,0.4877988734208766,-1.8750659519911477,0.0,0.1310505800759235,0.1,0.013240814208984375,0.06073927879333496,0.050340284,0.36789507,-0.25832681368936716,0.0,-0.023229050241510472,0.0,264,0.017186403274536133,0.9745272821225288,0.9721699136438378,11075,0.06834330921593745,0.0
58,1.601426362991333,-0.3206259481216793,0.937050853187041,0.27966700456990307,-1.9422557098584377,0.0,0.16352896803370115,0.1,0.0028541088104248047,0.056989431381225586,0.050956324,0.38643643,-0.26455672713259837,0.0,-0.023889869699901436,0.0,285,0.016813993453979492,0.9874794643615663,0.9720658029587175,11360,-1.8814589661030496,0.0
59,1.6668026447296143,0.2941994676742209,0.13369783244963543,0.4570307319498699,0.1282432419812563,0.0,0.1430179593719852,0.1,0.003086090087890625,0.05823850631713867,0.050472524,2.2382154,-0.20868110765191644,0.0,-0.02239954107540268,0.0,300,0.0168154239654541,1.3609742317688756,1.4147657656262842,11660,0.09874787359728086,0.0
60,1.6012635231018066,-0.8116422385859031,1.1236461112214504,0.4567470708010846,-1.971768048743991,0.0,0.1461455191129341,0.1,0.0028786659240722656,0.05361199378967285,0.050444454,0.54994816,-0.26897722074531516,0.0,-0.023767744081489166,0.0,249,0.013599395751953125,0.9559270790708043,0.943191355789956,11909,0.0882107519707601,0.0
61,1.6292502880096436,-0.17815433434263778,1.0933726590507595,0.9495528266699025,-1.988387703662938,0.0,0.12196917746491266,0.1,0.0027964115142822266,0.054705142974853516,0.0485409,0.43715882,-0.25989493210504744,0.0,-0.021978648686829826,0.0,244,0.013192415237426758,0.9987780447761904,1.003139685570841,12153,-1.9509029037899055,0.0
62,1.7115771770477295,-0.10325775461354336,0.5720648011292935,0.28852900193910036,-1.0912199652082024,0.0,0.1528852381624211,0.1,0.0029621124267578125,0.057626962661743164,0.05085684,0.30067256,-0.24423121435589704,0.0,-0.0209918976864462,0.0,299,0.017166852951049805,0.9502011802347295,0.9347943785226258,12452,-1.8609362329442698,0.0
63,1.5960049629211426,0.3012534437139599,0.1935025934970442,0.5789007410188677,0.0584895839263905,0.0,0.16880281170783965,0.1,0.003520488739013672,0.05840039253234863,0.050226588,0.9567384,-0.18968274854891135,0.0,-0.022294114355606087,0.0,300,0.017171144485473633,1.7457050722104264,1.7511915957288617,12752,-1.8073908164361019,0.0
64,1.594937801361084,-0.26788336366639176,0.9205008070467805,0.33348718905280544,-1.8588747558258936,0.0,0.1463567444117134,0.1,0.0030584335327148438,0.05874156951904297,0.049626485,0.36815825,-0.1975028100606594,0.0,-0.02319087707948414,0.0,289,0.01746988296508789,0.9306153811337798,0.9245066644099322,13041,-1.81786866139553,0.0
65,1.5794384479522705,-0.11812024689710886,0.7686916332180965,0.4548054308262968,-1.4369541700763193,0.0,0.1490074703211289,0.1,0.0030417442321777344,0.05781722068786621,0.049424984,0.3279134,-0.18956455374430434,0.0,-0.02118242200475262,0.0,273,0.017662525177001953,0.973425454037897,0.9721608056442507,13314,0.20668202077138295,0.0
66,1.6441481113433838,0.15164478242684903,0.07090997339881161,0.26855892282570615,0.08637080896435774,0.0,0.1346010395321751,0.1,0.0031518936157226562,0.09179019927978516,0.04971337,3.7771175,-0.155443620127189,0.0,-0.024274559016664934,0.0,300,0.01813530921936035,4.227696926582044,4.089406000412805,13614,0.3938141287337967,0.0
67,1.6161129474639893,0.3514261186036449,0.18388477006093326,0.5476385596588448,0.14147250634735736,0.0,0.16524290023193908,0.1,0.0030596256256103516,0.06086540222167969,0.04963695,0.96832263,-0.1047566462541056,0.0,-0.02161468728805428,0.0,300,0.01696491241455078,1.739781913760304,1.57334038662946,13914,0.1273476545679808,0.0
68,1.668755292892456,0.2371251308146539,0.06911723124057713,0.3025941181579084,0.12088729078466393,0.0,0.15232644345855986,0.1,0.003013134002685547,0.057898521423339844,0.049535386,1.0452055,-0.07056846854722966,0.0,-0.023117402277697888,0.0,300,0.018915653228759766,2.3142622323821618,1.8200933662598333,14214,0.11566790901570538,0.0
69,1.5975418090820312,0.29900993839815243,0.32654680689347004,0.8640706237775698,0.08974130948341541,0.0,0.13650085605990997,0.1,0.0030183792114257812,0.057180166244506836,0.049431153,2.8960416,-0.03361062785269145,0.0,-0.022298687008262735,0.0,300,0.01758122444152832,1.2799280060632812,1.1274541701244383,14514,0.13365594896732844,0.0
70,1.5899317264556885,-0.7713819397899,1.0196899039090443,0.307972145361401,-1.9513297453707887,0.0,0.14954757804711005,0.1,0.0030167102813720703,0.05612826347351074,0.050314713,0.55576867,-0.10738775904641232,0.0,-0.023216214819296088,0.0,264,0.023573875427246094,0.9770018424344641,0.9668510986261821,14778,0.11549285562581747,0.0
71,1.6581852436065674,0.3923270710120442,0.18584592939819722,0.6630491006351195,0.14547720340219614,0.0,0.14934069910974768,0.1,0.003033161163330078,0.058457136154174805,0.050027814,1.2624756,-0.05741627604056666,0.0,-0.02106242569403895,0.0,300,0.017577171325683594,1.2503702957519565,1.320547219754658,15078,0.47212276737527664,0.0
72,1.6435978412628174,0.45525979863936056,0.18639315113600163,0.7397803706184949,0.23226414357137157,0.0,0.14927955929100098,0.1,0.0029866695404052734,0.09456896781921387,0.049679622,1.5528135,-0.006148668572573943,0.0,-0.020261462297047627,0.0,300,0.017970800399780273,1.2605788002154477,1.2024488409601055,15378,0.3102937851161869,0.0
73,1.7414097785949707,0.6796628297564584,0.36483747569426356,1.166986155716852,0.21831248717533333,0.0,0.1498605098414329,0.1,0.002973794937133789,0.057333946228027344,0.049370345,1.1422465,0.0624324812603293,0.0,-0.01728485801851048,0.0,300,0.03271055221557617,1.104334365564659,1.0304016985605131,15678,0.20001980751470247,0.0
74,1.6471147537231445,-0.21427431525263194,0.9157204850518499,0.3871636089632059,-1.7984367967751882,0.0,0.15678630909168967,0.1,0.0029761791229248047,0.05696439743041992,0.049011804,0.38585988,0.03476180160903318,0.0,-0.022508664683168568,0.0,298,0.017052412033081055,0.9935219477668579,1.0022882018134494,15976,0.3874902368021136,0.0
75,1.6782047748565674,0.3135222768297017,0.21883909994893322,0.6916679395218036,0.16630433043730997,0.0,0.1526866594664113,0.1,0.014178037643432617,0.07984375953674316,0.049907397,3.4074328,0.06263784913110004,0.0,-0.02216196709949455,0.0,300,0.01860809326171875,0.9822819281858698,0.9421918864503674,16276,-1.86170546364638,0.0
76,1.704820156097412,0.5223247099733564,0.3780363991254296,1.1763680357226696,0.27608755729672135,0.0,0.16315784426401037,0.1,0.013846874237060547,0.05695962905883789,0.050917137,1.4225327,0.10860653521532568,0.0,-0.019385329807931784,0.0,300,0.016651391983032227,0.9710255846824509,0.9178934324304646,16576,0.5780678374271052,0.0
77,1.71061110496521,-0.2712019265515881,0.9926267924333366,0.378467978774853,-1.9876404614842913,0.0,0.12603712225847186,0.1,0.0034027099609375,0.054299354553222656,0.05024542,0.32742706,0.07062568903863431,0.0,-0.023228523396844176,0.0,246,0.013223409652709961,1.002853350839813,1.0064185163997401,16822,0.24397820285203317,0.0
78,1.8050639629364014,0.35357565081831577,0.193635844987467,0.6736191339146261,0.16594350854838014,0.0,0.13781599282399584,0.1,0.0028696060180664062,0.05716967582702637,0.04945006,1.924334,0.09892068521660245,0.0,-0.02157062673616968,0.0,300,0.017498254776000977,0.8095010512313363,0.7408754151262805,17122,0.451281222641132,0.0
79,1.7766666412353516,0.4652698484037393,0.11545380996414963,0.5765474275717071,0.27272645112524885,0.0,0.15297884749472904,0.1,0.0029141902923583984,0.057837486267089844,0.05010764,0.6657929,0.13555560153531615,0.0,-0.02009712319765406,0.0,300,0.016379594802856445,0.7335382903251968,0.6513739105459689,17422,0.7375609691874033,0.0
80,1.7191500663757324,0.3392211840206292,0.1495309906548551,0.5918507369001919,0.20121958008624966,0.0,0.14142271169944465,0.1,0.003070354461669922,0.059737205505371094,0.050385803,2.7192454,0.15592215978384746,0.0,-0.021766735080768415,0.0,300,0.017511844635009766,0.6344422360662663,0.544504002987871,17722,0.6832284816252873,0.0
81,1.657031536102295,0.08519133185618283,1.0824699069412174,0.8505504829969867,-1.7670560954788852,0.0,0.1501682039869054,0.1,0.003164052963256836,0.058628082275390625,0.04955079,0.39784825,0.148849076991081,0.0,-0.01853864909813975,0.0,293,0.017348527908325195,1.0249368607360971,1.0253433090133588,18015,1.0536077669094601,0.0
82,1.8349108695983887,0.45485113268974126,0.28382016435127483,0.9274116720407217,0.21666412798603368,0.0,0.14795756113920208,0.1,0.003171682357788086,0.05892324447631836,0.050057672,1.3834165,0.179449282560947,0.0,-0.020245225813552696,0.0,300,0.017363309860229492,0.6415189424501394,0.6282329872185878,18315,0.5561775229559175,0.0
83,1.774176836013794,0.284590808172184,0.10218966347560807,0.45634177054045794,0.19147173637036272,0.0,0.15045985903522888,0.1,0.003115415573120117,0.05827832221984863,0.05002704,1.2422345,0.1899634351220707,0.0,-0.02252521310006573,0.0,300,0.01683974266052246,0.39489308765665077,0.3694164934844415,18615,1.268649933762832,0.0
84,1.7636826038360596,-0.43711193890329403,1.0777149815316673,0.6773859732082773,-1.5947268887557766,0.0,0.14819855430102272,0.1,0.0030760765075683594,0.06704974174499512,0.049547832,0.50158924,0.12725589771953424,0.0,-0.018776577586407037,0.0,287,0.04037165641784668,1.1115255210166184,1.0803145762048332,18902,0.7894059534996304,0.0
85,1.7428066730499268,0.469388812216666,0.30629429285519233,0.9837361545225091,0.23512457153345992,0.0,0.1562904572263833,0.1,0.0031425952911376953,0.08418965339660645,0.04889425,1.5787438,0.1614691891692474,0.0,-0.020114332014441676,0.0,300,0.017191410064697266,0.7176625795710215,0.7761100435199362,19202,0.3345219295990544,0.0
86,1.7920145988464355,0.7004216074266342,0.2708897455238156,1.0632900360946993,0.30172584985299855,0.0,0.1537862527836144,0.1,0.003079652786254883,0.05783486366271973,0.05007216,0.753173,0.2153644309949861,0.0,-0.017121766359455642,0.0,300,0.017502546310424805,0.8136373816759163,0.7956701995821396,19502,1.2100522527538635,0.0
87,1.7670962810516357,0.4800573165507214,0.31579709889056395,0.915158910084189,0.14872007569660275,0.0,0.1574964277165211,0.1,0.0029850006103515625,0.09228038787841797,0.049310118,1.0827633,0.24183371955055966,0.0,-0.019924327787673387,0.0,300,0.018172740936279297,0.7737641816464723,0.7089083167603328,19802,0.3963464860020413,0.0
88,1.7540087699890137,0.4688962608124038,0.2034005827321608,0.7126387973285623,0.14783263209635528,0.0,0.14436155179711682,0.1,0.0028564929962158203,0.055928945541381836,0.049443275,0.6348256,0.2645399736767441,0.0,-0.020112971241639608,0.0,300,0.03813529014587402,0.5970757275766263,0.4784434739801133,20102,0.9950476021274054,0.0
89,1.7875864505767822,0.32022703203054603,0.03506661907324128,0.37161835416884137,0.28711448226416064,0.0,0.15823344821243335,0.1,0.002996683120727539,0.0571293830871582,0.049805712,0.4993539,0.2701086795121243,0.0,-0.02204343197054462,0.0,300,0.017573833465576172,0.22874908268584973,0.1812805695408055,20402,1.2992436178026028,0.0
90,1.7389578819274902,0.4286942253210678,0.16356654274922403,0.7065288908252999,0.3038134422610522,0.0,0.15176567172377128,0.1,0.0029239654541015625,0.09307503700256348,0.05014113,0.84824455,0.28596723409301866,0.0,-0.02062983086062597,0.0,300,0.016968488693237305,0.37657177173090234,0.3217305699810054,20702,0.5090315816186476,0.0
91,1.7563791275024414,0.519335210421995,0.2448354203557108,0.8484896356723959,0.19212057225267604,0.0,0.14526285553446658,0.1,0.003025531768798828,0.059268951416015625,0.04971897,1.0207648,0.3093040317259163,0.0,-0.01941530371093072,0.0,300,0.019768714904785156,0.4065858861176253,0.3713091945730899,21002,1.3491091672530207,0.0
92,1.7111048698425293,0.4834188574939572,0.12486805218638813,0.5883991079188141,0.28062835695015076,0.0,0.14896640685137813,0.1,0.002817869186401367,0.05922079086303711,0.049796708,0.5508553,0.32671551430272044,0.0,-0.02001871910989595,0.0,300,0.03977775573730469,0.16810355973700802,0.14778584750465182,21302,1.4324989605908012,0.0
93,1.773707628250122,0.5907384395913242,0.1932925791468551,0.8957639790327746,0.3790964801072708,0.0,0.14976211780283694,0.1,0.0029039382934570312,0.05687379837036133,0.049836785,0.7860486,0.3531178068315808,0.0,-0.018496398882755446,0.0,300,0.03016042709350586,0.23964755765251447,0.22049993090217626,21602,1.2982409856539758,0.0
94,1.866448163986206,0.6778081448398507,0.21396797741695578,0.9184137069891066,0.36223975946669384,0.0,0.14740703880537662,0.1,0.0029802322387695312,0.05860090255737305,0.04992776,0.6868222,0.38558684063240783,0.0,-0.017322574612404842,0.0,300,0.01670980453491211,0.2670156439921522,0.2507512821962034,21902,1.471065077546303,0.0
95,1.7912089824676514,0.5879162201130235,0.31831846794485336,1.076786582944079,0.27164510300318656,0.0,0.15113273345066366,0.1,0.002899169921875,0.057940006256103516,0.049979903,0.9374711,0.4058197785804694,0.0,-0.018463908594981402,0.0,300,0.016979217529296875,0.4479215411646544,0.4026320217765871,22202,1.4918438537653038,0.0
96,1.7856776714324951,0.2110572734609288,1.2398306334374327,1.63984499272932,-1.7535266039940582,0.0,0.14865043172603212,0.1,0.0027687549591064453,0.05452108383178711,0.05020053,0.5309858,0.38634352806851535,0.0,-0.017113475272990567,0.0,275,0.01659989356994629,1.0820974430341763,1.0171929096312966,22477,1.532986977052354,0.0
97,1.812335729598999,0.4805624638570256,0.20196277974541121,0.7905746865798253,0.2599404361807466,0.0,0.14767830137819865,0.1,0.0032129287719726562,0.05905771255493164,0.04969953,1.2460955,0.3957654216473664,0.0,-0.019993878952811083,0.0,300,0.01693129539489746,0.24099766315496646,0.27201167357301004,22777,1.3947251896959905,0.0
98,1.7339506149291992,0.45168091272845323,0.34497097376427754,1.0462809395234955,0.19837764328477456,0.0,0.16860682526817922,0.1,0.003030538558959961,0.05706501007080078,0.049373284,1.9132448,0.4013569707554751,0.0,-0.020331538820115763,0.0,300,0.01706719398498535,0.5776643685276976,0.5861872537025643,23077,1.4890356885641485,0.0
99,1.858910083770752,0.6811152707499168,0.4269734924628134,1.4095384052346682,0.3186395329370337,0.0,0.1666591305016466,0.1,0.0029997825622558594,0.056735992431640625,0.049681302,0.8526615,0.4293328007549193,0.0,-0.017288001406478373,0.0,300,0.01673150062561035,0.45904447439112106,0.405558489759517,23377,0.7526804288491705,0.0
100,1.7887253761291504,0.6929696397782683,0.35835239050626305,1.0832852725117839,0.2669020089356048,0.0,0.14397769555433396,0.1,0.0030984878540039062,0.056342363357543945,0.050327495,0.8560457,0.4556964846572542,0.0,-0.017141538249733666,0.0,300,0.017107486724853516,0.3677499651045718,0.2574064079119141,23677,1.5982259919834192,0.0
101,1.8899621963500977,0.5671058198950214,0.20953998235258064,0.8918810171359074,0.3081312870459563,0.0,0.1518853329851767,0.1,0.0030622482299804688,0.057256460189819336,0.04985097,0.72147423,0.4668374181810309,0.0,-0.01887258982228235,0.0,300,0.01918625831604004,0.24510357853676557,0.26806346926182556,23977,1.4883433504566204,0.0
102,1.7422044277191162,1.5404968684203049,1.035378352427954,2.699888775787458,0.323977918816728,0.0,0.15253896628873537,0.1,0.0029845237731933594,0.05680561065673828,0.0493028,0.8778973,0.5742033632049584,0.0,-0.006053963922463778,0.0,300,0.016963720321655273,0.6264015595069132,0.473451566945165,24277,1.4440911029086514,0.0
103,1.8090124130249023,-0.14649060831787708,1.0093538636704422,0.5830445027787308,-1.8875230661528635,0.0,0.1461279142410313,0.1,0.0030829906463623047,0.05782175064086914,0.049522795,0.40075815,0.5021339660526748,0.0,-0.021627950086353324,0.0,294,0.01777362823486328,2.009073997097474,1.6105780733434654,24571,1.5889460283648595,0.0
104,1.792475938796997,0.25756774098419705,0.08978342720464749,0.37637425920772427,0.13612483295728894,0.0,0.14490489545666366,0.1,0.0030846595764160156,0.05921006202697754,0.04963067,0.73340297,0.477677343545827,0.0,-0.022932638233929437,0.0,300,0.016968488693237305,4.560473445189227,0.8364797063735825,24871,1.7929251032094387,0.0
105,1.8123388290405273,0.6408225968423886,0.4362672604875287,1.3460004198974151,0.2428037353464919,0.0,0.14645962626044148,0.1,0.0053522586822509766,0.09061217308044434,0.050187446,1.2457271,0.4939918688754832,0.0,-0.01784652257393196,0.0,300,0.017548322677612305,0.44221085579295166,0.5130928313790829,25171,1.3801828397581346,0.0
106,1.782055377960205,0.7013889951171728,0.5363229822065742,1.6142249585243993,0.23713971665890005,0.0,0.15339962413770464,0.1,0.0030853748321533203,0.0625150203704834,0.049580492,1.2402817,0.5147315814996521,0.0,-0.016953471612985698,0.0,300,0.017948150634765625,0.5283399188293678,0.5534633997140286,25471,1.604675618541486,0.0
107,1.782634973526001,0.00022158921891934913,1.1278508313883433,0.9316092439247821,-1.9248804500989514,0.0,0.13446117200321844,0.1,0.0029065608978271484,0.056447505950927734,0.04977837,0.45596159,0.46328058227157887,0.0,-0.019633824448494094,0.0,275,0.01685166358947754,1.0912001507154836,1.07613084691125,25746,1.30001757909981,0.0
108,1.8483169078826904,0.4245086187472687,0.11322138160932761,0.5685382478992138,0.28655313949503647,0.0,0.14622165935617776,0.1,0.006116151809692383,0.05760073661804199,0.049791127,0.89197206,0.45940338591914787,0.0,-0.020710108474689536,0.0,300,0.018136024475097656,0.2532666992433039,0.2807414787276382,26046,1.5213188319421784,0.0
109,1.8460261821746826,0.7146994959768942,0.44655511643655,1.2601030629036054,0.23555034938303654,0.0,0.1383475466822901,0.1,0.002980470657348633,0.05750918388366699,0.049852416,1.2240559,0.48493299692492253,0.0,-0.01679930230099394,0.0,300,0.017476797103881836,0.5899458295429416,0.5774072570630134,26346,1.1250320530422397,0.0
110,1.851097822189331,0.810983675705248,0.4515143506517003,1.4525876197569716,0.26773070386521725,0.0,0.14869639194161602,0.1,0.006869077682495117,0.0559539794921875,0.05012738,1.3162159,0.5175380648029551,0.0,-0.015565468839663891,0.0,300,0.018674373626708984,0.6160039581307662,0.5703017709042525,26646,1.7824841767548205,0.0
111,1.864091157913208,0.5228941327010548,0.2357285511708055,0.8754552581686005,0.25938328228542706,0.0,0.150394050178784,0.1,0.0029630661010742188,0.05611896514892578,0.049980044,1.4490603,0.5180736715927651,0.0,-0.019416407204236805,0.0,300,0.017260074615478516,0.4615491973303017,0.41572269130102324,26946,1.6093273830037764,0.0
112,1.9402368068695068,0.6545492349751025,0.3643608679489195,1.1515063791711126,0.28920066958567636,0.0,0.13772747780355643,0.1,0.0029587745666503906,0.057125091552734375,0.049182147,1.6347761,0.5317212279309989,0.0,-0.017609019272021416,0.0,300,0.01733231544494629,0.4328569303878709,0.40218524591932214,27246,1.280001365168815,0.0
113,1.9130525588989258,0.632453655014611,0.2426474666091955,0.9828896424844512,0.31109866259679,0.0,0.15201101403026324,0.1,0.0029320716857910156,0.06013846397399902,0.049985535,0.7753395,0.5417944706393601,0.0,-0.017965313980851206,0.0,300,0.01721644401550293,0.2854208379888223,0.25254479469944163,27546,1.5208439590558893,0.0
114,1.903245449066162,-0.1355372919367443,1.0561695754597011,0.6639838449570655,-1.947490394302519,0.0,0.12354909201073458,0.1,0.006166934967041016,0.08244872093200684,0.049015637,0.35843378,0.4740612943817497,0.0,-0.021454407617795247,0.0,258,0.019440889358520508,1.1657466730254584,1.1495288988482122,27804,1.3233006198975035,0.0
115,1.8052854537963867,0.5657527843127761,0.3638588702824376,1.121046597679964,0.17954116369804543,0.0,0.15011441343898307,0.1,0.0030562877655029297,0.09630274772644043,0.050082434,0.9368636,0.4832304433748524,0.0,-0.018803057052699027,0.0,300,0.020945310592651367,0.4333567840275307,0.43824641545580423,28104,1.4719172350988827,0.0
116,1.7905480861663818,0.516167330445238,0.5122280287087003,1.3986510008736834,0.13615120619154064,0.0,0.1487021850440116,0.1,0.012399435043334961,0.09435534477233887,0.049425382,1.330953,0.48652413208189094,0.0,-0.01944357692758473,0.0,300,0.01768660545349121,0.6400522108073957,0.6391383122345305,28404,1.3321357708423223,0.0
117,1.7937712669372559,0.7683831308857443,0.3950341849649464,1.2826006757328774,0.33259123221943276,0.0,0.14069370966957995,0.1,0.0031991004943847656,0.0586240291595459,0.049799845,1.4799981,0.5147100319622763,0.0,-0.01617235285037763,0.0,300,0.01979994773864746,0.3955205473425186,0.37727035553779076,28704,1.6296602359165444,0.0
118,1.776867151260376,0.5641326721841524,0.4614571538497236,1.3621027509886585,0.27070220172897114,0.0,0.1506554653088601,0.1,0.0031490325927734375,0.0584104061126709,0.05002281,1.8927782,0.5196522959844639,0.0,-0.018774468902647674,0.0,300,0.01847696304321289,0.5297861035242041,0.5180971944659228,29004,1.487518748228606,0.0
119,1.7879252433776855,0.7996947883378713,0.35410266302597115,1.3208640355489227,0.3969098733752369,0.0,0.1492866185959026,0.1,0.003049135208129883,0.05843687057495117,0.049434442,0.9184861,0.5476565452198047,0.0,-0.015784964536307174,0.0,300,0.01788043975830078,0.3955232717901415,0.35134689631274757,29304,1.7164411243523825,0.0
120,1.9434468746185303,1.081544524207323,0.16236146088200723,1.3527262104314566,0.921350726680932,0.0,0.14839288614177315,0.1,0.0031490325927734375,0.05784440040588379,0.0499489,0.7900017,0.6010453431185565,0.0,-0.01193109334586302,0.0,300,0.01751995086669922,0.339322037066082,0.2562872415038212,29604,1.7617832608388608,0.0
121,1.9547135829925537,1.2490274039302336,0.9562985365478771,2.417627200034134,0.2583957267674024,0.0,0.14652781976813012,0.1,0.002966642379760742,0.060695648193359375,0.05014822,0.892594,0.6658435491997243,0.0,-0.009788255516992599,0.0,300,0.022195816040039062,0.5822713541482006,0.49676494747342076,29904,1.8072637403178582,0.0
122,1.940688133239746,0.8313230926426951,0.3839085839010077,1.2116396250911066,0.3586097923187664,0.0,0.1508121655060156,0.1,0.006402730941772461,0.07274341583251953,0.05044543,0.7303948,0.6823915035440214,0.0,-0.015306232657222108,0.0,300,0.019307613372802734,0.2949574801752756,0.3539075963251758,30204,1.6386937594537623,0.0
123,1.9190280437469482,1.0854416616143865,0.3148689464672488,1.4962657206138488,0.6359003066468263,0.0,0.1500406806199513,0.1,0.0030372142791748047,0.05660581588745117,0.050103173,0.71539277,0.722696519351058,0.0,-0.011994545165122208,0.0,300,0.017166614532470703,0.15998678282661816,0.15440231925176276,30504,1.696292166701723,0.0
124,1.9062280654907227,0.613908458383141,0.27735202995152675,0.99957820209658,0.2677213721886324,0.0,0.13806032483017802,0.1,0.0029304027557373047,0.0565946102142334,0.04956734,1.1121857,0.7118177132542663,0.0,-0.018152169378805892,0.0,300,0.017253875732421875,0.7894473322070801,0.4897126255489347,30804,2.0203922010388067,0.0
125,1.9784502983093262,1.303457751714735,0.6474175308555213,1.9804638973440876,0.31250646304209273,0.0,0.1448161566653828,0.1,0.003030061721801758,0.057732343673706055,0.050191667,1.0074366,0.7709817171003133,0.0,-0.009064754755635876,0.0,300,0.0174713134765625,0.30476880070755874,0.3089042303644084,31104,1.8307020315197324,0.0
126,1.9643244743347168,0.8459596676452807,0.42872865317475833,1.206635092012469,0.15213915681947948,0.0,0.14258526049980386,0.1,0.0029964447021484375,0.059934377670288086,0.04969423,0.932405,0.77847951215481,0.0,-0.015122280854968077,0.0,300,0.017548084259033203,0.1996022396732102,0.18783759034288044,31404,2.152860371975229,0.0
127,1.9833745956420898,0.8267609773290414,0.4984620165328844,1.622650872062725,0.25766988019536546,0.0,0.14226210181530158,0.1,0.0029845237731933594,0.05784440040588379,0.04958945,1.0208308,0.7833076586722333,0.0,-0.015317860352188293,0.0,300,0.017573118209838867,0.34022662425581596,0.32636711200830676,31704,1.8918171901766805,0.0
128,1.9913222789764404,1.493571285922964,0.7285698232917066,2.6219660564711735,0.7703307486620834,0.0,0.143919224812648,0.1,0.0028836727142333984,0.05546998977661133,0.04985637,1.0192728,0.8543340213973064,0.0,-0.006514485019946944,0.0,300,0.03841900825500488,0.37711993117517273,0.3083483737984572,32004,2.212605044604523,0.0
129,2.0122780799865723,1.6511931599025857,0.6717268307390974,2.4752803972973125,0.611948948353329,0.0,0.14672913949435998,0.1,0.003114938735961914,0.05741262435913086,0.04929111,0.8236679,0.9340199352478344,0.0,-0.004458358056476482,0.0,300,0.017952919006347656,0.2775652972674694,0.22280289033850617,32304,2.1848358478733023,0.0
130,1.8692681789398193,0.5475081204309564,1.1053318896313136,1.9055414524608367,-1.1291275249356958,0.0,0.1425262671408975,0.1,0.003158092498779297,0.05886244773864746,0.04970425,0.47476253,0.8953687537661467,0.0,-0.012381284108627265,0.0,292,0.017398595809936523,1.2196902266414258,1.0013332381541113,32596,2.4083533162591237,0.0
131,1.9097020626068115,1.2704220114690994,0.8114063431627341,2.571472870677627,0.5209641268232135,0.0,0.15132104018247156,0.1,0.008940458297729492,0.058835506439208984,0.049046714,0.9497114,0.9328740795364419,0.0,-0.009621226768822287,0.0,300,0.01771998405456543,0.3015484439921891,0.3327955697186618,32896,2.5705948869770725,0.0
132,1.9415767192840576,0.6302468387847422,0.19410313492113795,0.8514198865394402,0.3445414055642325,0.0,0.1405970919231488,0.1,0.003056049346923828,0.09652972221374512,0.049439672,0.99323183,0.9026113554612719,0.0,-0.018036123564014996,0.0,300,0.0170595645904541,0.2512983851406147,0.1613851573151812,33196,2.415629164380605,0.0
133,1.9116590023040771,1.3949439959733827,0.357230916175832,1.7739184926622906,0.8098803616195522,0.0,0.1451682060559774,0.1,0.003037691116333008,0.05900835990905762,0.048929106,1.0629338,0.951844619512483,0.0,-0.007777550901158017,0.0,300,0.017271757125854492,0.29714281579404234,0.23447327077707683,33496,2.312023034200888,0.0
134,1.9094574451446533,0.5301901885401245,0.27339953057421895,1.002337478240582,0.33879508235623484,0.0,0.13421166509687826,0.1,0.0031862258911132812,0.060207366943359375,0.049236774,0.66949755,0.9096791764152472,0.0,-0.019322227156868786,0.0,300,0.017533063888549805,0.4946025997784507,0.5485692246683153,33796,2.5924970484277696,0.0
135,2.0613536834716797,0.8635399940761551,0.19136532656232005,1.0235354500940903,0.5365280654089755,0.0,0.14233868198459132,0.1,0.0032358169555664062,0.057710886001586914,0.04986775,0.64945936,0.9050652581813381,0.0,-0.014957363547800317,0.0,300,0.017094135284423828,0.11707637692562044,0.09051894894958654,34096,2.590666225534032,0.0
136,2.0334973335266113,0.6016750363717756,0.2718888981061044,0.8718246463082688,0.2801473575857898,0.0,0.14165776777290215,0.1,0.002998828887939453,0.057724714279174805,0.04986564,0.62404305,0.8747262360003819,0.0,-0.018400132160280844,0.0,300,0.017415761947631836,0.16281450064227931,0.10257815031513147,34396,2.6754351582788978,0.0
137,1.980187177658081,0.8704979070932235,0.3038506610849323,1.3541579263582906,0.5349234061993123,0.0,0.1435075597303557,0.1,0.0030498504638671875,0.058302879333496094,0.04952148,1.1745249,0.8743034031096661,0.0,-0.014808467925743137,0.0,300,0.017228364944458008,0.12151952727483169,0.12912641889346096,34696,2.691267565869861,0.0
138,2.0469846725463867,0.9212892666921536,0.5300185263418423,1.5252636160020965,0.3823407279013257,0.0,0.15920087562483576,0.1,0.0030913352966308594,0.05681014060974121,0.05016254,0.722538,0.8790019894679149,0.0,-0.01422876370642436,0.0,300,0.0167233943939209,0.3166375329345831,0.2876695328435817,34996,2.596030569070347,0.0
139,2.092081308364868,1.2467151015929159,0.8486197441437299,2.2610687880142826,0.28176436258561094,0.0,0.14405279072459898,0.1,0.002836465835571289,0.05584239959716797,0.049717553,1.1946403,0.915773300680415,0.0,-0.009847121808423396,0.0,300,0.017683982849121094,0.4361371443144573,0.3480305394178668,35296,2.8475402382194983,0.0
140,2.0167429447174072,1.2136876397549545,0.7393872515907363,2.430140842936236,0.5239675100195813,0.0,0.14873272957090578,0.1,0.003101825714111328,0.0578608512878418,0.049519576,1.1171055,0.9455647345878689,0.0,-0.010326791484575683,0.0,300,0.01716327667236328,0.2630045115013476,0.24186281852294084,35596,2.524495760802918,0.0
141,2.0148234367370605,1.0947127597081436,0.3747329521293623,1.6701188453018232,0.6633027858721928,0.0,0.15543123800047232,0.1,0.00316619873046875,0.08902144432067871,0.049712166,0.8517714,0.9604795370998964,0.0,-0.01185684492857263,0.0,300,0.017618656158447266,0.18962492786010113,0.19379461054804975,35896,2.737871476207863,0.0
142,1.9915757179260254,1.090927812409722,0.29230963464722565,1.3976447251153716,0.6089160262399349,0.0,0.14622022825587871,0.1,0.0033631324768066406,0.06139326095581055,0.050220896,0.77174425,0.973524364630879,0.0,-0.011842033346697388,0.0,300,0.017299652099609375,0.16811994463777113,0.10827257788482936,36196,2.6766541650323,0.0
143,2.0638084411621094,1.1920375385430482,0.26035642040391455,1.5962627215792116,0.9284981935357909,0.0,0.145572433735762,0.1,0.003094196319580078,0.059049129486083984,0.050159052,1.5217115,0.9953756820220959,0.0,-0.010660547082141526,0.0,300,0.03197002410888672,0.13574507777817496,0.1321909224852562,36496,2.8381965225211627,0.0
144,1.954101324081421,0.18648457627035542,1.0081681327060856,1.3058149332749782,-1.4494889997444358,0.0,0.14781248579492334,0.1,0.0030388832092285156,0.05862283706665039,0.049690984,0.5240218,0.9144865714469219,0.0,-0.01715517977784411,0.0,292,0.019239425659179688,1.2802805267156978,1.02427073893536,36788,2.817354475759782,0.0
145,2.04933762550354,1.06164855321982,0.5525506253476342,1.7713584855202267,0.3296772032101312,0.0,0.1608974060811781,0.1,0.0031821727752685547,0.06116533279418945,0.049444817,0.6981759,0.9292027696242118,0.0,-0.012331822856611382,0.0,300,0.017688512802124023,0.2635267232698661,0.34221320866954463,37088,2.743854509283366,0.0
146,1.9723966121673584,0.4330129927568632,0.1310479850784981,0.6517033652497732,0.3260383515392545,0.0,0.12817490283628863,0.1,0.0030150413513183594,0.07078218460083008,0.050267708,0.81028026,0.8795837919374769,0.0,-0.02056846391282518,0.0,300,0.035727500915527344,0.19439014037682528,0.17533071907655798,37388,2.710310107357125,0.0
147,1.938218593597412,0.9686779555194291,0.6771700612839694,1.843111938277392,0.3024588962813259,0.0,0.1560538245577777,0.1,0.003146648406982422,0.0581517219543457,0.049382966,0.76871014,0.8884932082956721,0.0,-0.013512321228040991,0.0,300,0.018343687057495117,0.39268752250388633,0.31088434640180607,37688,2.9062788767182686,0.0
148,1.9727332592010498,1.692962415790951,0.2565845787517225,2.054044767758993,1.4251863180567068,0.0,0.16190969897535346,0.1,0.003038644790649414,0.05807995796203613,0.050203968,0.7362079,0.9689401290452,0.0,-0.004005426321685783,0.0,300,0.016930580139160156,0.3543294420912201,0.13245251660542898,37988,2.4450932305909205,0.0
149,2.0185678005218506,1.3479191891004494,0.7678355196526111,2.4891392276619078,0.32629747636604334,0.0,0.15661285325028237,0.1,0.0030045509338378906,0.08716750144958496,0.050329857,1.1371558,1.006838035050725,0.0,-0.008595015093370264,0.0,300,0.024927139282226562,0.2813452593674682,0.30982347749597233,38288,2.5515331700004737,0.0
150,2.075997829437256,1.2858705286314258,0.2365487378312334,1.4935030922422063,0.9159465839711147,0.0,0.15352375600660442,0.1,0.014392614364624023,0.0575864315032959,0.049408656,1.2744867,1.0347412844087953,0.0,-0.009326839386948439,0.0,300,0.017000913619995117,0.210570764895971,0.13874377859167553,38588,2.6683716565681705,0.0
151,2.004349708557129,1.1147722141802905,0.2931279100614535,1.3243216357846888,0.6104787447015284,0.0,0.1532851518327978,0.1,0.002881288528442383,0.05568504333496094,0.049966756,1.3653479,1.0427443773859448,0.0,-0.011698606171733465,0.0,300,0.01657414436340332,0.21477134655484553,0.11606504217853823,38888,2.638886788085656,0.0
152,2.025433301925659,0.9907156122760614,0.42208678083298384,1.4401722831241313,0.477167727405624,0.0,0.14824681516628962,0.1,0.002938985824584961,0.05561351776123047,0.05009371,0.98809415,1.0375415008749564,0.0,-0.01323407620931935,0.0,300,0.016701459884643555,0.1660550325929999,0.15181629575373717,39188,2.45814290600206,0.0
153,2.0315465927124023,1.4296253331561277,0.8016864100203068,2.622927215884943,0.5681967985840922,0.0,0.14853797546467964,0.1,0.002924203872680664,0.055509328842163086,0.05014963,1.2305092,1.0767498841030736,0.0,-0.007425040021633386,0.0,300,0.04006052017211914,0.320342818384234,0.3025797758936259,39488,2.368390115978001,0.0
154,2.097813606262207,1.4583758057074423,0.5538316002578878,2.23815638158482,0.8667681789569865,0.0,0.1576730261799855,0.1,0.002814769744873047,0.0612947940826416,0.050141934,0.8819153,1.1149124762635105,0.0,-0.007107737306271927,0.0,300,0.017319917678833008,0.21880802548188688,0.16120602287173927,39788,2.747337090368088,0.0
155,2.060635805130005,1.4306515084647076,0.9063174732827398,2.505639213078156,0.39970497875967176,0.0,0.14899949624250064,0.1,0.0071790218353271484,0.059114694595336914,0.049911715,0.8062153,1.1464863794836302,0.0,-0.007402731336135044,0.0,300,0.017458200454711914,0.22949347883965512,0.20258492969447975,40088,2.756701291502736,0.0
156,2.0390548706054688,0.8375726276479294,0.24428717374306394,1.034469381616644,0.43319524924328345,0.0,0.13705202431307445,0.1,0.007929086685180664,0.05795097351074219,0.050141666,1.0207506,1.1155950043000602,0.0,-0.015222244109088137,0.0,300,0.0176393985748291,0.49297242312553063,0.3966631242913263,40388,3.161930270831015,0.0
157,2.0637893676757812,1.6501227954720536,0.3506154419512714,2.2357498520703376,1.3395004069857228,0.0,0.14831768468800788,0.1,0.003193378448486328,0.058583736419677734,0.050237335,1.0993183,1.1690477834172595,0.0,-0.0045809819221318444,0.0,300,0.017345428466796875,0.11796654573045437,0.1235338872699105,40688,3.093880006567671,0.0
158,2.0043270587921143,1.4597064824988841,0.9461633025999925,2.855211290136793,0.48766433764979106,0.0,0.1576209496575323,0.1,0.0030977725982666016,0.05854225158691406,0.049426924,0.9313553,1.198113653325422,0.0,-0.007107127601675261,0.0,300,0.01702094078063965,0.2637072813043836,0.2507300719766535,40988,3.1121519175045775,0.0
159,1.9769370555877686,0.8687541091489456,0.48698260724393877,1.6836084883682112,0.4191427455990361,0.0,0.15364314809442361,0.1,0.003187894821166992,0.05890798568725586,0.050630514,1.1160673,1.1651776989077745,0.0,-0.015127684617241162,0.0,300,0.017569303512573242,0.4181755465667291,0.29695449513546673,41288,3.104820908310209,0.0
160,1.9465434551239014,1.997618353355683,0.7179919650404856,2.925725350220782,1.2469542226613999,0.0,0.13731505020836923,0.1,0.003159046173095703,0.0585017204284668,0.0499454,2.1798894,1.2484217643525655,0.0,4.720207513546565e-05,0.0,300,0.017858028411865234,0.3209471091092514,0.27020111506464617,41588,2.553267241989826,0.0
161,2.0102505683898926,2.4695609744549114,0.4413772397003045,2.790316112540893,1.7175441303108228,0.0,0.1443044607136366,0.1,0.0030837059020996094,0.058547258377075195,0.049693465,1.200317,1.3705356853628001,0.0,0.006132177851603635,0.0,300,0.017971038818359375,0.21514600057872793,0.07729835386193018,41888,3.0736315056401753,0.0
162,1.9976394176483154,1.152721859972115,0.6229484740280804,1.848096318010487,0.3430211883709704,0.0,0.14111681521866498,0.1,0.0029363632202148438,0.05646038055419922,0.0509645,1.4886405,1.3487543028237317,0.0,-0.011081928654809607,0.0,300,0.017672300338745117,0.6399548456303445,0.5674959733266475,42188,3.0812764943645874,0.0
163,2.04547381401062,1.39446254304363,0.8473676014640596,2.4189610723777375,0.5188186130645911,0.0,0.1510246211128555,0.1,0.0030040740966796875,0.05880260467529297,0.04995162,1.2512405,1.3533251268457216,0.0,-0.007908315334380075,0.0,300,0.017401456832885742,0.47328944945428947,0.23944979791230198,42488,2.2383902727011895,0.0
164,1.9817705154418945,1.7665859092912046,0.8014000806675595,2.6066987590765343,0.7131459924154426,0.0,0.15610208628084415,0.1,0.0031290054321289062,0.05809640884399414,0.049806498,0.8029209,1.39465120509027,0.0,-0.0029889939441445712,0.0,300,0.017925024032592773,0.18040072616702085,0.21943169842993002,42788,2.635150563629359,0.0
165,2.089109420776367,1.717287476258372,0.4978471159154427,2.543790586633447,1.2220157989130964,0.0,0.1427138959567289,0.1,0.0030488967895507812,0.05756688117980957,0.04987096,0.92261547,1.4269148322070802,0.0,-0.0036854851089148377,0.0,300,0.017957687377929688,0.22044081404296473,0.17190880054951402,43088,2.297738445663094,0.0
166,2.0784027576446533,2.1327515252721994,0.823513784388489,3.245178750826672,1.278523199626234,0.0,0.17016749045516316,0.1,0.0029675960540771484,0.0579066276550293,0.049082138,0.78671557,1.4974985015135922,0.0,0.0016115931426522205,0.0,300,0.0173952579498291,0.2145072633621735,0.11513026518927796,43388,2.293989223602657,0.0
167,2.0488812923431396,1.4765727031285227,0.7221488654858507,2.67924149687784,0.7546713830154935,0.0,0.14166039746617806,0.1,0.0030603408813476562,0.0616605281829834,0.050125588,1.1244049,1.4954059216750852,0.0,-0.0070334781066241124,0.0,300,0.020458459854125977,0.29158500100149526,0.30965595748076263,43688,2.3447311526598047,0.0
168,2.0718154907226562,0.8583788735713564,0.3332408875280523,1.3651713772410647,0.5213416303730624,0.0,0.14389661513589583,0.1,0.002954244613647461,0.09247136116027832,0.050501857,2.4049182,1.4317032168647124,0.0,-0.015047333588385363,0.0,300,0.017400026321411133,1.4351766364662002,0.402447766205683,43988,2.3543380143696306,0.0
169,2.1398544311523438,1.7400702384661768,0.9857811894293824,2.738423478210969,0.48617964730297525,0.0,0.1548258560953394,0.1,0.003049612045288086,0.0569610595703125,0.049880233,0.8583126,1.462539919024859,0.0,-0.0033974641471655703,0.0,300,0.017089128494262695,0.23717583663276803,0.29094613938522046,44288,2.148273591567232,0.0
170,2.1675796508789062,1.4686960989301046,0.4265016057945407,1.9482169835543788,0.7897450144705327,0.0,0.14332462740388127,0.1,0.003049612045288086,0.05678129196166992,0.049994644,1.4262904,1.4631555370153835,0.0,-0.00707686679843258,0.0,300,0.0174407958984375,0.2901808869632188,0.27193575232273026,44588,2.2354647620254626,0.0
171,2.113536834716797,1.6118527738029693,0.3570480071351375,2.0478007981618815,1.2231347604708587,0.0,0.1558875724549204,0.1,0.002997875213623047,0.08936214447021484,0.0507955,0.8454312,1.478025260694142,0.0,-0.005192106260227414,0.0,300,0.018888235092163086,0.1643357925572912,0.09736199289912405,44888,2.3808717687128715,0.0
172,2.125293731689453,1.302633047458097,0.6135639718656448,2.092072992552157,0.5516865490361743,0.0,0.17294982376035833,0.1,0.002851247787475586,0.05620288848876953,0.050124504,0.8938285,1.4604860393705374,0.0,-0.009234377904106719,0.0,300,0.01673436164855957,0.18089538272523223,0.19926811217555787,45188,2.4026773810240134,0.0
173,2.0784177780151367,1.5317079701488323,0.7868871187251375,2.6802656779630527,0.7731967256801744,0.0,0.13784361033894812,0.1,0.0028715133666992188,0.056078195571899414,0.049791064,2.3074403,1.467608232448367,0.0,-0.006065945406317179,0.0,300,0.017389535903930664,0.2648271710323287,0.24878436940855658,45488,2.229617150174366,0.0
174,2.1737611293792725,1.615809305965811,0.7366437065925858,2.7116753563735085,0.6480272599080865,0.0,0.1596483598977898,0.1,0.0030562877655029297,0.057520151138305664,0.050227992,0.6679724,1.4824283398001115,0.0,-0.005065478021838415,0.0,300,0.01685047149658203,0.17549403043623085,0.17140100434244687,45788,3.1325938973419576,0.0
175,2.2246060371398926,2.1312194967454,1.1048852859128884,3.3394059618959666,0.8333221630185582,0.0,0.16046298820955746,0.1,0.002939939498901367,0.055304765701293945,0.050388955,0.93433553,1.5473074554946404,0.0,0.0016791036755574211,0.0,300,0.017305374145507812,0.252508678561608,0.18110276532388517,46088,3.0799403115604456,0.0
176,2.1328043937683105,1.5586645810200963,0.5803741290051463,2.51484181900385,1.0188993511013458,0.0,0.13841755083056323,0.1,0.0034575462341308594,0.061034440994262695,0.049387813,4.283562,1.5484431680471862,0.0,-0.0058533123436516335,0.0,300,0.017804861068725586,0.13445553004401434,0.16657262063886047,46388,3.007487416242697,0.0
177,2.0219123363494873,2.2232859825785347,0.5971653906012749,2.8401650144960735,1.6197695978816873,0.0,0.14750195290722345,0.1,0.0030694007873535156,0.057390689849853516,0.05044954,1.6319708,1.615927449500321,0.0,0.00297866584644833,0.0,300,0.019191741943359375,0.09460628453342483,0.08686820677173439,46688,3.1149847967785944,0.0
178,2.0960474014282227,1.2016848523927417,0.6866338959392264,2.301511655072188,0.5769288709435278,0.0,0.14288120488314218,0.1,0.0030798912048339844,0.056749820709228516,0.049507,1.1290336,1.5745031897895632,0.0,-0.010454538877984544,0.0,300,0.016985654830932617,0.6840184747932528,0.506716479319547,46988,3.1219012792399794,0.0
179,2.1307122707366943,1.5175612292065916,0.348570848145559,1.8015017393672892,0.9458225014728191,0.0,0.14125839852935146,0.1,0.0030503273010253906,0.05641317367553711,0.04966294,0.71673644,1.5688089937312661,0.0,-0.006355671592915095,0.0,300,0.01887226104736328,0.08980822548997637,0.08473294225781855,47288,3.008607285962506,0.0
180,2.0650017261505127,1.3937123470991275,0.876974250944278,2.5422979784481963,0.462465125219014,0.0,0.15235812149369815,0.1,0.0029478073120117188,0.08836674690246582,0.049496923,0.82089007,1.5512993290680523,0.0,-0.00797265384661867,0.0,300,0.0194242000579834,0.268229099386907,0.269620662081261,47588,3.0366607155512093,0.0
181,2.0663232803344727,1.658109691620221,0.5160826912319391,2.40189021120551,1.1510134738788136,0.0,0.149798024382051,0.1,0.0030062198638916016,0.05610036849975586,0.049809895,0.8316489,1.5619803653232691,0.0,-0.004490766508495393,0.0,300,0.03847241401672363,0.13157126084000476,0.11779188034423826,47888,3.0325407841789453,0.0
182,2.0274434089660645,1.6166197878099557,0.741096615993093,2.517995148563533,0.46623430108348846,0.0,0.12945536015717599,0.1,0.0029439926147460938,0.05698680877685547,0.049567435,2.2811942,1.567444307571938,0.0,-0.004884662018257247,0.0,300,0.017313480377197266,0.31673994421248847,0.2947453451299869,48188,3.093213139044941,0.0
183,2.1423282623291016,1.7366625564943154,0.788717028721534,2.886101599498002,0.6791398337173413,0.0,0.15053509022709313,0.1,0.002925872802734375,0.05697751045227051,0.049782805,1.042657,1.5843661324641758,0.0,-0.003511864671035054,0.0,300,0.016875028610229492,0.1838153298121678,0.15791937856851562,48488,2.414243029875891,0.0
184,2.1532557010650635,1.5044922877942357,0.28905484751331034,1.9738717708853386,1.2037355315437102,0.0,0.15141269772224186,0.1,0.0029649734497070312,0.09014177322387695,0.049712278,0.9383076,1.576378747997182,0.0,-0.0065734759506984024,0.0,300,0.019684314727783203,0.04468761582428577,0.05676475088400496,48788,3.0460433808958065,0.0
185,2.1658236980438232,1.627407827697224,0.7267251579438768,2.5900017524404406,0.6104930585187193,0.0,0.1568444061575653,0.1,0.002899646759033203,0.05666470527648926,0.05021564,1.0587106,1.5814816559671863,0.0,-0.004920053371710724,0.0,300,0.01725172996520996,0.19147132834716224,0.17569772385318985,49088,3.0353620251198667,0.0
186,2.0731005668640137,1.8599631594466748,0.8754417784516304,2.8282098307432717,0.4797040382123021,0.0,0.14398350242538072,0.1,0.0029692649841308594,0.056807756423950195,0.04986517,1.0553634,1.6093298063151353,0.0,-0.001882238610563493,0.0,300,0.040200233459472656,0.15424614929512795,0.15132084263070555,49388,2.9472513867758487,0.0
187,2.1305770874023438,2.3333765040123158,0.48338558837868695,2.7141396126832125,1.5239120608221381,0.0,0.15781713810480966,0.1,0.0029587745666503906,0.05713033676147461,0.0494571,0.9574621,1.6817344760848536,0.0,0.004409096640665739,0.0,300,0.017040252685546875,0.11531807826697693,0.08552364407230319,49688,3.1709316025263825,0.0
188,2.1164159774780273,1.5386916349237942,0.1906648308461137,1.7199939460134217,1.2424865236423746,0.0,0.1435697771926906,0.1,0.0028884410858154297,0.05780911445617676,0.050077252,0.6479929,1.6674301919687478,0.0,-0.006245279834646669,0.0,300,0.018142223358154297,0.07560754117545061,0.07816343551153812,49988,3.2749439234416804,0.0
189,2.206106185913086,1.3686691021732673,1.9290496975139722,2.8203518079489522,-1.9031035647433476,0.0,0.14116915141105982,0.1,0.002850055694580078,0.07272577285766602,0.049369775,0.443762,1.6375540829891997,0.0,-0.0017642160598529454,0.0,274,0.02766704559326172,0.6031009426364101,0.5420401084700903,50262,3.017756132612736,0.0
190,2.1678450107574463,1.7016063408289333,0.4752922849500917,2.366700412559285,1.0545528820448709,0.0,0.14042944943025357,0.1,0.0029497146606445312,0.05658745765686035,0.049538754,0.9858309,1.6439593087731732,0.0,-0.00413400789345027,0.0,300,0.017379045486450195,0.10098338595926203,0.11916495177766448,50562,3.026610455382778,0.0
191,2.115147352218628,1.767984433218851,0.6223496897979064,2.7484959521414134,1.0826484754211658,0.0,0.14861300401072564,0.1,0.003226041793823242,0.061661481857299805,0.049571063,1.4114591,1.656361821217741,0.0,-0.0029095703882111327,0.0,300,0.018074512481689453,0.12100419305859753,0.11682679752498791,50862,3.05979471449515,0.0
192,2.100175380706787,1.1825232037992037,0.8149884335477106,2.4548301763064906,0.43166000809071914,0.0,0.14344388196275,0.1,0.003200054168701172,0.0589139461517334,0.050457995,0.63364464,1.6089779594758873,0.0,-0.010820364143630634,0.0,300,0.01801466941833496,0.3299483425695246,0.31354957256271,51162,3.00479406377568,0.0
193,2.0477116107940674,0.8416544522838404,1.507566854752465,1.7605233671610176,-1.7686585967274029,0.0,0.13683190397697298,0.1,0.003165006637573242,0.058141469955444336,0.050062902,0.43077335,1.5322456087566825,0.0,-0.008642602674942155,0.0,296,0.01865863800048828,0.8881633332782153,0.7875655967793321,51458,3.09568787966681,0.0
194,2.0952930450439453,1.6759265905151055,0.8150957207284655,2.8530031484516862,0.6442127749640731,0.0,0.14012911940914863,0.1,0.0030705928802490234,0.058476924896240234,0.049601156,0.603284,1.5466137069325248,0.0,-0.004302333595439758,0.0,300,0.017439842224121094,0.3141935651975489,0.3291834505307082,51758,3.249417602718807,0.0
195,2.152050733566284,1.0734282646196078,0.28899361312684096,1.484934010396761,0.6784976689190456,0.0,0.13685202831493098,0.1,0.0032138824462890625,0.05774521827697754,0.049531855,0.97511375,1.499295162701233,0.0,-0.0121805657032143,0.0,300,0.0171506404876709,0.11970137981294675,0.12050027775159158,52058,3.126864525203447,0.0
196,2.1059062480926514,1.1559723033452538,0.6578657744203975,2.195717986833797,0.5380024030403817,0.0,0.1356947676276484,0.1,0.003104686737060547,0.06522631645202637,0.04996197,2.038934,1.464962876765635,0.0,-0.011102403917323804,0.0,300,0.03434133529663086,0.20761535250880675,0.19518559389847925,52358,2.9743268219253785,0.0
197,2.11533260345459,1.8725478901424069,0.8755452558051208,2.9403808765699444,0.5023679700586614,0.0,0.14147792763222883,0.1,0.003078937530517578,0.0559992790222168,0.04969846,3.6053796,1.5057213781033123,0.0,-0.0017768789144730248,0.0,300,0.01692795753479004,0.2298034226303506,0.14902578954521678,52658,3.2796438724145873,0.0
198,2.1105127334594727,2.214516009435912,0.8284422203517352,3.057256173896168,1.0557183977439109,0.0,0.1467284917781251,0.1,0.0030035972595214844,0.0559840202331543,0.050802015,0.87724704,1.5766008412365722,0.0,0.00286453340182153,0.0,300,0.01667642593383789,0.13316973014591507,0.11345239908962182,52958,3.1026326461969256,0.0
199,2.145747661590576,0.9241102841918318,0.7307851596625968,2.162310068686466,0.355870152811657,0.0,0.13783468776669858,0.1,0.0028760433197021484,0.05926680564880371,0.04993616,1.019601,1.5113517855320981,0.0,-0.014101752672403786,0.0,300,0.016782045364379883,1.2957971299822448,0.731367963086212,53258,3.1273522699825373,0.0
200,2.1412851810455322,2.257480415609327,0.3421796662249473,2.6225245924478164,1.7674644060166527,0.0,0.1334420125690731,0.1,0.002881765365600586,0.05629467964172363,0.04972611,2.1261437,1.585964648539821,0.0,0.0033407803580081056,0.0,300,0.01706981658935547,0.1827211308204489,0.20543479639484266,53558,3.2286909873186294,0.0
201,2.1526358127593994,1.849357708430723,0.8818446918333738,3.25899195792362,0.8369937623744389,0.0,0.15674704121274896,0.1,0.0029070377349853516,0.0560305118560791,0.04946838,1.4021581,1.6123039545289113,0.0,-0.0019046947693511602,0.0,300,0.016320228576660156,0.16451229249513244,0.15630361430937778,53858,2.9057865263078457,0.0
202,2.154352903366089,2.758300253785886,0.5111602241717761,3.2912626463098706,1.9154187805765417,0.0,0.15152409301990144,0.1,0.0028526782989501953,0.08975982666015625,0.050090756,1.0342845,1.7269035844546088,0.0,0.00996989559195766,0.0,300,0.02538156509399414,0.11299611935886424,0.058096636892816564,54158,3.2703472663579585,0.0
203,2.1851704120635986,1.874828928698941,0.7977883249292648,2.8457801269667597,0.8470446309780685,0.0,0.1413397631706868,0.1,0.0030066967010498047,0.05768108367919922,0.050071716,1.0761431,1.741696118879042,0.0,-0.0017451555454028036,0.0,300,0.018460512161254883,0.1105960845154071,0.12278785516626183,54458,2.739759905735213,0.0
204,2.1320905685424805,2.3390713250981614,0.6235493751099447,3.0583058393732974,1.455700562386656,0.0,0.1442351808118916,0.1,0.003034830093383789,0.056226253509521484,0.0504724,0.80484426,1.801433639500954,0.0,0.0044474450069596425,0.0,300,0.016469240188598633,0.06852384006060495,0.06431468947374731,54758,2.647577230561708,0.0
205,2.2487874031066895,2.828606718838448,0.10915715826535083,2.9461192257928053,2.6517387622097934,0.0,0.1554140874275403,0.1,0.002888202667236328,0.05643916130065918,0.04957427,1.2474155,1.9041509474347036,0.0,0.010852981901661264,0.0,300,0.017069101333618164,0.040021737148882436,0.03510928881152365,55058,3.229605421170545,0.0
206,2.3051578998565674,1.6299969775373837,0.5197903300635242,2.3152989810259927,1.075387129842802,0.0,0.1513590307761039,0.1,0.003010272979736328,0.06480669975280762,0.04943137,0.8668929,1.8767355504449716,0.0,-0.004940625677231235,0.0,300,0.0379490852355957,0.2239889117073373,0.09268516613827112,55358,3.068125113136644,0.0
207,2.196636199951172,1.6568215066599525,0.7343858442104446,2.47079372730043,0.46899132791153675,0.0,0.1443524717636192,0.1,0.002827167510986328,0.055370330810546875,0.05003662,1.0864013,1.8547441460664698,0.0,-0.004534765802105229,0.0,300,0.02015995979309082,0.15693885996701948,0.14891344358765943,55658,3.0623705765383256,0.0
208,2.135939836502075,1.9397085147286002,1.0149239387877174,3.0083959576103747,0.5809044376540368,0.0,0.1436681545875656,0.1,0.0031430721282958984,0.057409048080444336,0.049956422,0.9434434,1.8632405829326828,0.0,-0.0007774355226567,0.0,300,0.017081260681152344,0.15281684566672474,0.14811700685384735,55958,2.9596949416417284,0.0
209,2.1292471885681152,1.8977277885818882,0.23993924548112824,2.196199450520666,1.5262401092022602,0.0,0.1498920308146863,0.1,0.003156423568725586,0.06312704086303711,0.050281644,0.54426587,1.8666893034976035,0.0,-0.0014390610226012197,0.0,300,0.017742156982421875,0.07204328791252138,0.05450612637161913,56258,3.098249060638082,0.0
210,2.179199695587158,2.2475985528681863,0.7421616492296981,3.218109119694239,1.2152232875570672,0.0,0.1468272092225249,0.1,0.0029854774475097656,0.057448625564575195,0.050067067,1.4787135,1.9047802284346618,0.0,0.003261686861010268,0.0,300,0.017319202423095703,0.09734583432474792,0.05338506281015737,56558,3.101787588348779,0.0
211,2.161349058151245,2.375815829381526,0.49145450749538183,2.943889578585052,1.776435107825427,0.0,0.1600345082310218,0.1,0.0030651092529296875,0.07449197769165039,0.050085876,1.059441,1.9518837885293483,0.0,0.004888544061062282,0.0,300,0.01758885383605957,0.04778760598921459,0.056861019645365676,56858,3.1460624818354472,0.0
212,2.1089491844177246,2.0617279478239547,0.7030418048423104,3.0399460609358675,1.1122428288822421,0.0,0.14031251842061065,0.1,0.003134489059448242,0.09142351150512695,0.05006727,0.7427296,1.962868204458809,0.0,0.0008126781873400465,0.0,300,0.01714634895324707,0.171339920638219,0.12539216637134773,57158,3.205053822607376,0.0
213,2.167015790939331,2.118723763831586,0.41890556038535276,2.8129048202040496,1.7217813695261484,0.0,0.14801395134394524,0.1,0.003148794174194336,0.05967068672180176,0.049077153,2.2009268,1.9784537603960868,0.0,0.0014656043686039509,0.0,300,0.02729058265686035,0.04378211274190279,0.05111147286520643,57458,3.3412179717147272,0.0
214,2.1790149211883545,2.318091054525657,0.9285686991708196,3.464092084871642,0.8940217699884127,0.0,0.14552882399782988,0.1,0.003113269805908203,0.058844804763793945,0.049587652,0.74166465,2.0124174898090437,0.0,0.004154232373957127,0.0,300,0.01889181137084961,0.11603570770657784,0.10739174041886193,57758,3.144095744117031,0.0
215,2.1366820335388184,2.2538933464061373,0.3917662227018965,2.7386176605013164,1.6447838334457052,0.0,0.15680956223315404,0.1,0.0030961036682128906,0.05834770202636719,0.049654126,0.797654,2.036565075468753,0.0,0.0033362117231058924,0.0,300,0.0179598331451416,0.0570914998248734,0.05257434069854518,58058,3.389592779398397,0.0
216,2.1899354457855225,2.761450629997327,0.15754365621656533,3.0341930563383603,2.664303622871409,0.0,0.15814958028842455,0.1,0.0031251907348632812,0.05826759338378906,0.04947629,1.6373211,2.1090536309216104,0.0,0.009949250432050397,0.0,300,0.017479658126831055,0.04036366254527142,0.02652562832242758,58358,3.465906962299146,0.0
217,2.156665563583374,2.414442509454365,0.7280413309525169,3.182127359337088,1.6128056008765084,0.0,0.150661702415548,0.1,0.0030975341796875,0.057933807373046875,0.04883965,1.2667954,2.139592518774886,0.0,0.005462970270053734,0.0,300,0.017355918884277344,0.059540979301599864,0.05242559472342499,58658,3.2583312601448946,0.0
218,2.2169101238250732,3.079654351161083,0.18891726308597967,3.2774427138130657,2.830189735560122,0.0,0.1379516990844235,0.1,0.0029642581939697266,0.09524321556091309,0.05126611,0.8030263,2.2335987020135057,0.0,0.014163318436640189,0.0,300,0.017056703567504883,0.03976362159830233,0.02467171370858104,58958,2.9539981794655614,0.0
219,2.220266819000244,2.4334584258064114,0.4756890395609377,3.017234810582167,1.9098962460130746,0.0,0.13681055525008323,0.1,0.0029754638671875,0.09323239326477051,0.049837627,1.0252733,2.2535846743927963,0.0,0.005748592876714661,0.0,300,0.022438526153564453,0.038192053274828726,0.041757822175363286,59258,2.9024095966138304,0.0
220,2.2427985668182373,2.8332488486004883,0.6413710184625768,3.5352524764090565,1.7878786943959082,0.0,0.1477546257878502,0.1,0.0030698776245117188,0.058821916580200195,0.04949193,1.3932213,2.3115510918135653,0.0,0.01099311846761328,0.0,300,0.01762080192565918,0.0648423202738024,0.04826675447416654,59558,2.911124211865564,0.0
221,2.2063894271850586,2.045579866938449,0.8465671786313314,2.9637705750019654,0.6911370662993095,0.0,0.15424767488070876,0.1,0.0028772354125976562,0.058309078216552734,0.049726184,0.84138316,2.2849539693260534,0.0,0.0006118705352764001,0.0,300,0.018364429473876953,0.12684107876380735,0.08959054885583757,59858,2.9390825931242937,0.0
222,2.2025146484375,2.072935092425439,0.5659533955573236,2.6305890104486203,1.301055778889437,0.0,0.14897046595466468,0.1,0.0031440258026123047,0.0573883056640625,0.04947876,0.921588,2.2637520816359924,0.0,0.0009905854606753642,0.0,300,0.018053531646728516,0.10984853445975898,0.11383044179840729,60158,2.9255774618425043,0.0
223,2.2173373699188232,2.6774595551874305,0.5529687651132884,3.0275664168492735,1.7211940065886409,0.0,0.14668105859141575,0.1,0.003050088882446289,0.05940818786621094,0.049772665,1.3302248,2.305122828991136,0.0,0.009009959741839314,0.0,300,0.017760038375854492,0.11412599658595068,0.07503222226815333,60458,3.064725294715305,0.0
224,2.1911227703094482,1.5440697559443144,0.48986207173778695,1.960388653589323,0.7342590997177376,0.0,0.14307595255483613,0.1,0.002942323684692383,0.05666160583496094,0.04959342,0.5098457,2.229017521686454,0.0,-0.005960048902819622,0.0,300,0.016592025756835938,0.097330769204529,0.11511402504774064,60758,3.0691798236111154,0.0
225,2.226526975631714,2.5407452641119255,0.5915295610612601,3.182909900078797,1.5920195418617826,0.0,0.13951869795600186,0.1,0.007562160491943359,0.07403945922851562,0.05034647,1.3933858,2.260190295929001,0.0,0.007082351760082,0.0,300,0.01630711555480957,0.04096681432083891,0.03623826443331124,61058,2.978813120416453,0.0
226,2.1543757915496826,1.6300384678276305,0.6329391766998019,2.276533589668801,0.584876655722927,0.0,0.14068998481131526,0.1,0.0032148361206054688,0.057852983474731445,0.049638767,0.8525342,2.197175113118864,0.0,-0.004880734625106346,0.0,300,0.01848602294921875,0.32892863964237234,0.18369446608382498,61358,3.072126673344305,0.0
227,2.2035882472991943,2.0413526356765477,0.7237120913329662,2.8451583189118215,0.8897828730617765,0.0,0.15597589723631336,0.1,0.0031948089599609375,0.05689835548400879,0.050219815,0.8660381,2.1815928653746326,0.0,0.0005162528626576229,0.0,300,0.016824960708618164,0.1161039866900773,0.13318986787210577,61658,2.939543812005669,0.0
228,2.210420608520508,2.4754461409876214,0.5309046365260004,3.2814102308892097,1.792053074127707,0.0,0.1473270428310867,0.1,0.0031900405883789062,0.0921487808227539,0.04993715,0.8296335,2.2109781929359316,0.0,0.006211547375069835,0.0,300,0.017409801483154297,0.12620543742472345,0.06583250045772993,61958,3.1507976587468955,0.0
229,2.20177960395813,2.6671960416778564,0.4301576751053512,3.1199425013159665,2.085257142288711,0.0,0.14717225903396686,0.1,0.0030744075775146484,0.057147979736328125,0.04941384,0.912,2.256599977810124,0.0,0.008687393877126349,0.0,300,0.01671624183654785,0.08781408460190204,0.045765735541722634,62258,3.3138783974294284,0.0
230,2.209857225418091,2.2548620703995272,1.1320074133499205,3.4651950923992483,0.5089947166135604,0.0,0.15448151783548275,0.1,0.0030624866485595703,0.05705451965332031,0.04976473,0.84513974,2.2564261870690645,0.0,0.0033827958078970536,0.0,300,0.016679763793945312,0.1475039265502348,0.15374918045212538,62558,2.940830041716277,0.0
231,2.2110283374786377,2.970154193657018,0.2701738121607242,3.2169209660969305,2.5314581392557094,0.0,0.1535294847483411,0.1,0.0029442310333251953,0.05688619613647461,0.04969816,0.8874559,2.32779898772786,0.0,0.012755743112396021,0.0,300,0.01681971549987793,0.04368782783712699,0.03698586316653801,62858,3.012869933089356,0.0
232,2.2404091358184814,3.0498810669770506,0.31152821221995813,3.4094519067429863,2.6615639869707826,0.0,0.16272742552627242,0.1,0.003184795379638672,0.05683565139770508,0.050008785,0.7846991,2.4000071956527793,0.0,0.013741522200802748,0.0,300,0.017859220504760742,0.049586558723931896,0.04654057097093824,63158,3.000902635019654,0.0
233,2.2435455322265625,2.7036097847060283,0.678653418748347,3.308501924985819,1.5619052384216667,0.0,0.1532827647086206,0.1,0.003202199935913086,0.057624101638793945,0.049941137,1.0309639,2.4303674545581044,0.0,0.009204712949834423,0.0,300,0.017212629318237305,0.02851617277605498,0.026361770741723804,63458,3.161869059929939,0.0
234,2.169515371322632,2.8856860132510778,0.5196298665798997,3.420532317556684,2.0451069584648045,0.0,0.14503125453383486,0.1,0.0030336380004882812,0.0565638542175293,0.049805768,0.49142206,2.4758993104274016,0.0,0.0115943085840916,0.0,300,0.01723504066467285,0.03536940714195623,0.031834060744145444,63758,2.859432488207473,0.0
235,2.208491325378418,2.469466342652931,0.6067319134043322,3.2397916291939475,1.7757183888905144,0.0,0.1513927479308509,0.1,0.002979278564453125,0.056032419204711914,0.04939734,0.78688526,2.4752560136499544,0.0,0.006129953117689349,0.0,300,0.016948461532592773,0.060337054716369916,0.04444964662557628,64058,3.2191138751845325,0.0
236,2.2033491134643555,2.6838060000886985,0.21445114598255474,3.0346159622571363,2.455742951335192,0.0,0.1535136977496687,0.1,0.0029587745666503906,0.07271528244018555,0.04960452,0.9063979,2.4961110122938286,0.0,0.008912841286461992,0.0,300,0.016861677169799805,0.034860228778579555,0.0222827832939443,64358,3.093070832888651,0.0
237,2.2571492195129395,2.8752983891800685,0.2066942353172148,3.1789702874127777,2.595348245237597,0.0,0.15397156696623787,0.1,0.003066539764404297,0.05820870399475098,0.049888287,0.6987257,2.5340297499824525,0.0,0.011408707936703882,0.0,300,0.01817917823791504,0.0701332443300174,0.06611854851997594,64658,2.987242060885341,0.0
238,2.2780470848083496,2.530970208087716,0.7736846772817287,3.4518627839178198,1.3931020476809246,0.0,0.1591177515586805,0.1,0.0030312538146972656,0.0581049919128418,0.049890824,0.64924765,2.533723795792979,0.0,0.006918405565957289,0.0,300,0.01743292808532715,0.10731410803737805,0.10167213206071633,64958,3.193434347606786,0.0
239,2.195312261581421,2.865768613774721,0.154667204898276,2.997873575826146,2.609617352926961,0.0,0.16037729717400992,0.1,0.0031158924102783203,0.0942080020904541,0.05050002,0.82041514,2.566928277591153,0.0,0.011282463819199265,0.0,300,0.01769709587097168,0.04138288407350401,0.03647392089078394,65258,3.1148011618006497,0.0
240,2.292827844619751,2.816503636184314,0.5766133382953103,3.325906088432582,1.8597430340160845,0.0,0.15522504709327842,0.1,0.002924203872680664,0.05616259574890137,0.04947386,1.0947304,2.591885813450469,0.0,0.010748677391434163,0.0,300,0.016802072525024414,0.03777388496577471,0.03700552146052074,65558,3.2233216637763955,0.0
241,2.2702717781066895,2.147020743789766,1.0698424798761814,3.3370371243292296,0.690064053461028,0.0,0.15009043371568348,0.1,0.0029456615447998047,0.05594587326049805,0.049601987,0.9771448,2.547399306484399,0.0,0.001976502106948065,0.0,300,0.017163991928100586,0.1766987700812665,0.12755929036633806,65858,3.3822295017627027,0.0
242,2.2203898429870605,2.9977717903876466,0.3539067857517814,3.530380639035203,2.6435464388096475,0.0,0.14230630221100934,0.1,0.002854585647583008,0.06029701232910156,0.049635615,2.723751,2.592436554874724,0.0,0.013292395125375014,0.0,300,0.01750779151916504,0.12452632146121391,0.1037281049107222,66158,3.2302604821913286,0.0
243,2.28136944770813,2.798064298619502,0.5671066612276332,3.2561349514800226,1.826161698644222,0.0,0.14810084167010204,0.1,0.0029103755950927734,0.08697628974914551,0.04981417,0.79900575,2.612999329249202,0.0,0.010508361538350813,0.0,300,0.018828868865966797,0.05198105706773042,0.033483008329662604,66458,3.220439940298428,0.0
244,2.2465882301330566,2.1779583621987606,0.46344226442404207,2.669515183409986,1.575566022790642,0.0,0.1478876381848819,0.1,0.0034432411193847656,0.059552669525146484,0.04972988,0.7287537,2.569495232544158,0.0,0.0023428469878146634,0.0,300,0.017662763595581055,0.1269223759541531,0.06939040851477808,66758,3.3278017357632645,0.0
245,2.1772682666778564,1.9893229409649398,0.628759384642887,3.0731345971398722,1.5328985790148235,0.0,0.1246068459062074,0.1,0.003133535385131836,0.05881047248840332,0.047452115,1.025067,2.511478003386236,0.0,-0.00017367127533134065,0.0,300,0.01772785186767578,0.0728326941252952,0.04704410743006202,67058,3.329892649413248,0.0
246,2.1555593013763428,2.5413923249141215,0.8405856965951244,3.2612535445176314,1.108879863554522,0.0,0.15362309896952567,0.1,0.0030493736267089844,0.05726504325866699,0.049423374,0.5817665,2.514469435539025,0.0,0.007114900394862629,0.0,300,0.017655611038208008,0.17045563577041858,0.16663625680180688,67358,3.3006260869305204,0.0
247,2.2258124351501465,3.19516711376766,0.13842763575303466,3.4094688035237324,3.0259376343724638,0.0,0.17376690804118208,0.1,0.003035306930541992,0.06535053253173828,0.050002977,0.6911656,2.5825392033618884,0.0,0.01571334535891248,0.0,300,0.018601417541503906,0.09025496961639701,0.04582605869069215,67658,3.2156796796450586,0.0
248,2.2020959854125977,1.5949443055893768,0.4871419220483191,2.1174320989539845,0.8002861017297779,0.0,0.12866283836713602,0.1,0.007188320159912109,0.06220293045043945,0.049574506,0.55079913,2.4837797135846373,0.0,-0.005350158221800851,0.0,300,0.021027803421020508,0.2939017634108083,0.24841425824557675,67958,3.1276693260668753,0.0
249,2.197451114654541,3.3020776471423887,0.4073146391407947,3.6979060507996344,2.649095327971599,0.0,0.15268230593014748,0.1,0.003120899200439453,0.09055042266845703,0.049556218,0.6561111,2.5656095069404126,0.0,0.017095893477094865,0.0,300,0.018277883529663086,0.0769234765297113,0.0523740749499761,68258,3.35686589902976,0.0
250,2.2914586067199707,2.480575310445176,0.6406365688699067,3.1903249440540864,1.5193971482379742,0.0,0.13512137162821122,0.1,0.0030994415283203125,0.08968067169189453,0.049326725,1.2665963,2.557106087290889,0.0,0.006167709544450669,0.0,300,0.0202181339263916,0.04943795583292716,0.03973923839297612,68558,3.217668812801271,0.0
251,2.185591459274292,3.102549589661134,0.9594335785413618,4.57439072026158,1.8856466830028253,0.0,0.15332356723565857,0.1,0.003033161163330078,0.05632615089416504,0.049841624,1.5107453,2.6116504375279135,0.0,0.01446977257159527,0.0,300,0.018445730209350586,0.1845380642575404,0.17273445994960415,68858,3.3890037138202156,0.0
252,2.2938079833984375,2.6442884416927748,0.6275788897520405,3.264561872792137,1.595987312116435,0.0,0.15384612085606522,0.1,0.002972841262817383,0.056652069091796875,0.050166897,1.5834813,2.6149142379444,0.0,0.00846701096217348,0.0,300,0.02142190933227539,0.11963180272226896,0.05560303786123852,69158,2.9551493663094877,0.0
253,2.200948476791382,2.887706944043658,0.6448745552612435,3.317702315785558,1.773549192217871,0.0,0.15723994249529163,0.1,0.006546735763549805,0.07948851585388184,0.050099798,1.0638584,2.642193508554326,0.0,0.011574932888640888,0.0,300,0.019158363342285156,0.04052167364926555,0.046294405789961114,69458,3.0286054124852417,0.0
254,2.30726957321167,3.1970700903342775,0.7765379820656853,4.37625839295957,2.206476968702781,0.0,0.1397748193898106,0.1,0.0031003952026367188,0.05740642547607422,0.0495302,1.0269156,2.6976811667323215,0.0,0.015656753259913093,0.0,300,0.019443035125732422,0.09741548297412203,0.06011165413407343,69758,2.9682391933991057,0.0
255,2.206047534942627,3.5163031567723806,0.26377746208439057,3.7770145307210274,3.196653024693893,0.0,0.13737174086044854,0.1,0.002871274948120117,0.056284427642822266,0.049997307,1.0156697,2.7795433657363278,0.0,0.020239427905091603,0.0,300,0.019993305206298828,0.06352720057463575,0.05879964568330835,70058,3.180680172495707,0.0
256,2.336440324783325,2.560800983943936,0.9866226646795858,3.2828672790384266,0.8754314984831243,0.0,0.14286680430775253,0.1,0.0028955936431884766,0.05655694007873535,0.049434215,0.8930218,2.7576691275570884,0.0,0.0073574500131803906,0.0,300,0.018033266067504883,0.09362656734315157,0.0723742586414617,70358,2.9267035850551353,0.0
257,2.2401633262634277,2.991539657205443,0.7604779364399319,3.8759781969085587,1.7801325590609802,0.0,0.15182985194654228,0.1,0.002900838851928711,0.09333920478820801,0.049728062,0.8703636,2.781056180521924,0.0,0.01292131267119097,0.0,300,0.0182950496673584,0.04204022719572646,0.03209608893937549,70658,2.8239913038692017,0.0
258,2.3547797203063965,2.9033071932329233,0.4095093157640014,3.322418142684315,2.2263671028132066,0.0,0.14965397742960979,0.1,0.0028984546661376953,0.05967378616333008,0.049097497,0.6234642,2.7932812817930244,0.0,0.011884860186997661,0.0,300,0.018082141876220703,0.019924792961952778,0.023524052388784536,70958,3.4454434166368326,0.0
259,2.296083688735962,2.75743586531732,0.8956141100296063,3.336152862387558,1.2082939165761009,0.0,0.13446589022157482,0.1,0.002911806106567383,0.05612754821777344,0.04634789,0.44399485,2.789696740145454,0.0,0.009864881422837236,0.0,300,0.017972707748413086,0.06395618925345051,0.04623746514643372,71258,2.8579641302447265,0.0
260,2.2177183628082275,2.752530791659202,0.42422371395006636,3.3734277358276077,2.181125528374068,0.0,0.1651740150986878,0.1,0.003178119659423828,0.057753801345825195,0.049917456,0.8175112,2.7859801452968287,0.0,0.009815754203154076,0.0,300,0.02149820327758789,0.08965366614694999,0.07922273528999269,71558,3.0212712131746753,0.0
261,2.2483651638031006,3.2219544059044556,0.119805664739025,3.3752123291527423,3.039119428033683,0.0,0.14803912288591412,0.1,0.0030214786529541016,0.05751323699951172,0.050957177,0.69658846,2.8295775713575915,0.0,0.016026860451608175,0.0,300,0.0185849666595459,0.026436337213531235,0.02109403488819579,71858,3.3832638501903247,0.0
262,2.277066469192505,2.6685301623779845,0.48657870160502703,3.200766138363637,1.8793176047851061,0.0,0.15082467128432475,0.1,0.002954721450805664,0.05922961235046387,0.050965752,0.8240379,2.813472830459631,0.0,0.008688947337274811,0.0,300,0.03090667724609375,0.09799942094948579,0.0693787928612116,72158,2.7543311121276552,0.0
263,2.227900743484497,2.6857994153972014,0.26670930935531234,2.9781535606402962,2.2597298487073676,0.0,0.14618393558898057,0.1,0.003020048141479492,0.08464479446411133,0.049438428,2.2774277,2.8007054889533882,0.0,0.008986919432038354,0.0,300,0.019888877868652344,0.01901349136785386,0.023875861869308786,72458,2.663035873661179,0.0
264,2.2370073795318604,3.081225903536693,0.22278615520335446,3.3072288693882808,2.7323804298074013,0.0,0.16978968039842707,0.1,0.0029768943786621094,0.05678510665893555,0.04936872,0.6871887,2.8287575304117185,0.0,0.014136314189210245,0.0,300,0.018292665481567383,0.036934210442434445,0.021535048965739427,72758,2.856238882356358,0.0
265,2.2213528156280518,3.0889987721344085,0.19771834915300937,3.3388183829281726,2.8934402872704648,0.0,0.15954004276861708,0.1,0.003007650375366211,0.05636167526245117,0.049732514,0.78266543,2.8547816545839875,0.0,0.014248499851169726,0.0,300,0.01873946189880371,0.04892490088748271,0.044497278101940485,73058,2.6617427805568217,0.0
266,2.23793625831604,2.8619865100283466,0.4664889917596308,3.192489885681636,2.0596077731728863,0.0,0.14763873336356997,0.1,0.0029053688049316406,0.06837058067321777,0.049622238,1.057739,2.855502140128423,0.0,0.011411993299019228,0.0,300,0.019018888473510742,0.02703230213511719,0.024791581626984794,73358,2.857719624571414,0.0
267,2.283545732498169,3.20817661204744,0.18252186823413785,3.427221906039133,2.9212045601323244,0.0,0.15865917374002328,0.1,0.0029990673065185547,0.05630636215209961,0.049579635,0.6419388,2.890769587320325,0.0,0.015842299782387152,0.0,300,0.018505573272705078,0.017424190531958095,0.017588582662563787,73658,2.7296371990718273,0.0
268,2.285388469696045,3.208863255371736,0.3261889322184734,3.5755419323566424,2.8040650654762924,0.0,0.15922219789542807,0.1,0.0030488967895507812,0.08251237869262695,0.049492538,0.70450866,2.922578954125466,0.0,0.01587350494600831,0.0,300,0.019742727279663086,0.02512131317753798,0.022026890420974707,73958,2.938574505288545,0.0
269,2.299372434616089,2.8820562887843533,0.4788364723379455,3.309417567058988,2.075843512607918,0.0,0.147635357547253,0.1,0.0030307769775390625,0.057793378829956055,0.050577022,0.66956586,2.9185266875913545,0.0,0.011565405687165619,0.0,300,0.01890707015991211,0.03252421277340929,0.029508130475795986,74258,3.2957820586649,0.0
270,2.3678958415985107,2.5747393558403733,1.093837437277517,3.392691749122676,0.7190597356085856,0.0,0.15295462067177215,0.1,0.003020763397216797,0.0937190055847168,0.050375473,0.64893633,2.8841479544162567,0.0,0.007576203866848103,0.0,300,0.018538236618041992,0.0854731208391547,0.06590160357816556,74558,2.7060307651102806,0.0
271,2.3373677730560303,2.6710612698633733,0.5751074159128764,3.1666666104460197,1.71085163434669,0.0,0.13113796274485362,0.1,0.0030851364135742188,0.05914115905761719,0.04958306,0.6253865,2.862839285960969,0.0,0.008879913345246663,0.0,300,0.03366708755493164,0.03565003557592417,0.035363425089194524,74858,2.7559159276683,0.0
272,2.4094293117523193,3.1000574207783886,0.20169385274532278,3.3080009156075434,2.8166804723837306,0.0,0.1753487640180404,0.1,0.0029311180114746094,0.056549072265625,0.050025456,0.6414617,2.886561099442711,0.0,0.014449685384926171,0.0,300,0.019811630249023438,0.043497158828290625,0.02747774168191261,75158,2.748273010064849,0.0
273,2.3870835304260254,2.860335935817622,0.4870547769783432,3.2078757120862216,2.0252801657683204,0.0,0.15284304782888797,0.1,0.0028924942016601562,0.062125444412231445,0.050392225,1.2273893,2.883938583080202,0.0,0.011213369143743738,0.0,300,0.01912093162536621,0.026603235191758355,0.029628868812961437,75458,2.5631800634299795,0.0
274,2.220407485961914,3.7957171385429467,0.7281510972387143,4.742036620092934,2.8178295689824244,0.0,0.14938964760242457,0.1,0.0034432411193847656,0.05800199508666992,0.04981678,0.9127366,2.9751164386264763,0.0,0.023726401961026197,0.0,300,0.018764972686767578,0.08242684434422502,0.04156818660104739,75758,2.5452025407606707,0.0
275,2.233818292617798,3.1618323806949986,1.0791938795076785,4.955920564266966,2.2906452787550173,0.0,0.14848459031429814,0.1,0.003035306930541992,0.05909276008605957,0.04954538,1.2907706,2.9937880328333284,0.0,0.015379137024224722,0.0,300,0.01909923553466797,0.09936155287564222,0.09031689750346919,76058,2.726077583977259,0.0
276,2.236504554748535,3.2212104404408697,0.24438050669807007,3.4750677145475355,2.8232597195592835,0.0,0.15718196046667826,0.1,0.0030307769775390625,0.06388545036315918,0.050356254,0.9804859,3.016530273594083,0.0,0.016068971058764744,0.0,300,0.020326852798461914,0.038053244604549494,0.026038633797849743,76358,2.4064326638894893,0.0
277,2.302924871444702,2.7265177890185863,0.6164605863469442,3.344677830190502,1.7701789438868067,0.0,0.14324678909785474,0.1,0.0031251907348632812,0.05929136276245117,0.050695278,0.5761221,2.9875290251365336,0.0,0.009484086799699653,0.0,300,0.019608020782470703,0.07800110779266183,0.07277304033013295,76658,2.6609017609728056,0.0
278,2.2621684074401855,3.180062323174534,0.2713669422560342,3.6462354289016696,2.968207986978888,0.0,0.15229846555208396,0.1,0.0031752586364746094,0.07185983657836914,0.050113752,1.2790918,3.0067823549403334,0.0,0.01553420931841403,0.0,300,0.0315852165222168,0.06005849227073201,0.04132800737019604,76958,2.6288283434709814,0.0
279,2.2641232013702393,3.203394627975512,0.17819089038466415,3.4043610409760543,2.969966959664566,0.0,0.14413617738920753,0.1,0.013486385345458984,0.05873608589172363,0.05057889,0.91654193,3.0264435822438513,0.0,0.01581509156945688,0.0,300,0.019940853118896484,0.01859490423068136,0.023065633102679485,77258,2.7123716510872335,0.0
280,2.3415369987487793,3.0749589400615815,0.14174139417229206,3.2447304926055263,2.9248130725260664,0.0,0.1486325793828902,0.1,0.003100156784057617,0.05842852592468262,0.04940773,3.0064132,3.0312951180256245,0.0,0.014099593816761983,0.0,300,0.020152568817138672,0.017254742276919897,0.016527596332030547,77558,2.4923425487317137,0.0
281,2.2927310466766357,3.253365670639498,0.1110597627615702,3.358777437177994,3.081000242057559,0.0,0.15583534069108745,0.1,0.003881692886352539,0.0782020092010498,0.05044223,0.9380126,3.0535021732870122,0.0,0.01649368329846828,0.0,300,0.020188093185424805,0.013997809505632501,0.013112662224480974,77858,2.543097672980785,0.0
282,2.2481603622436523,2.3480373057207418,0.9987621083531748,3.4146925110496174,0.8447271028642535,0.0,0.14849453514301317,0.1,0.0032501220703125,0.05786442756652832,0.050313074,0.7874384,2.9829556865303855,0.0,0.004509668553724096,0.0,300,0.02057027816772461,0.1357946601201814,0.09768744328231849,78158,2.4636884194692565,0.0
283,2.349675178527832,3.192648036802837,0.2088578478402614,3.5504745950365453,3.0241598356396033,0.0,0.1730585014430821,0.1,0.0030257701873779297,0.05769062042236328,0.05005438,0.7626275,3.0039249215576307,0.0,0.015666955976888216,0.0,300,0.0197296142578125,0.04189345340510264,0.04232520157303873,78458,2.68221305632483,0.0
284,2.2690203189849854,3.2975864172701654,0.21616043736264035,3.517023170291614,2.9985557085243806,0.0,0.16537124050812013,0.1,0.003108501434326172,0.08702611923217773,0.04991995,0.76000774,3.0332910711288843,0.0,0.01702231793188847,0.0,300,0.019961833953857422,0.04409746768484992,0.0273998406800523,78758,2.769966429774803,0.0
285,2.31557035446167,3.602363901746228,1.038554413084567,5.389364086703897,2.8164481407518136,0.0,0.14930364436530477,0.1,0.0031049251556396484,0.05776238441467285,0.050547935,2.1927474,3.0901983541906186,0.0,0.021043316270454734,0.0,300,0.02035808563232422,0.10400578259342731,0.0927281147218333,79058,2.759766063605905,0.0
286,2.28059720993042,2.6987517952189357,0.6880085249353188,3.5747511617924035,1.6481784206408465,0.0,0.14312917149831356,0.1,0.003063678741455078,0.058196306228637695,0.049656194,0.64572716,3.0510536982934506,0.0,0.00912474154534253,0.0,300,0.023228883743286133,0.142540772614612,0.10714515283569548,79358,2.782515428458647,0.0
287,2.2674319744110107,3.7627255020471377,0.8376316157400295,5.184711451379821,3.152338684913197,0.0,0.16392321543240568,0.1,0.0028884410858154297,0.09121179580688477,0.049859032,1.2398454,3.1222208786688195,0.0,0.023122201076890274,0.0,300,0.020017623901367188,0.07951659315304101,0.07437421000256346,79658,2.861512099626816,0.0
288,2.36020827293396,3.064968896438128,1.2033124241230828,4.3765155245428815,1.11355973638048,0.0,0.1578539054204742,0.1,0.00310516357421875,0.05785965919494629,0.050341025,0.5362881,3.1164956804457504,0.0,0.013942605999519622,0.0,300,0.02022862434387207,0.13239017310310924,0.12021559935110251,79958,2.6404483947471524,0.0
289,2.2987515926361084,3.6949080890142083,0.607747717537696,4.705519619116626,3.080372155862559,0.0,0.14687393077747182,0.1,0.0029659271240234375,0.05797982215881348,0.050369296,1.8544605,3.1743369213025963,0.0,0.02237785332201263,0.0,300,0.021224260330200195,0.06272746087271525,0.05304986231352248,80258,2.5647903329925668,0.0
290,2.3296139240264893,4.043993687000288,0.8811609726002343,4.989540214043667,2.9859247871024888,0.0,0.1499528975714283,0.1,0.0029468536376953125,0.058374643325805664,0.0492692,3.0616114,3.2613025978723655,0.0,0.026813616533964593,0.0,300,0.021377086639404297,0.05227019001046803,0.033850192713630094,80558,3.3026664959945724,0.0
291,2.3929495811462402,3.1775967864636825,0.10520118419416476,3.325876909152627,3.028395985378687,0.0,0.15848274661133055,0.1,0.003082275390625,0.057665109634399414,0.050317403,0.99880797,3.252932016731497,0.0,0.015497359780196833,0.0,300,0.021538734436035156,0.06582149570318921,0.03628190007465161,80858,3.793080542084306,0.0
292,2.3812012672424316,2.9150504167470936,0.05087362466171414,2.982268924975279,2.853364750263448,0.0,0.16064721655977948,0.1,0.0030274391174316406,0.05701184272766113,0.049262304,0.6524871,3.219143856733057,0.0,0.012046837644733441,0.0,300,0.020868778228759766,0.09565141399221665,0.05494626154280632,81158,2.9309149287605174,0.0
293,2.3737611770629883,3.5527803127788795,0.8154003639480356,4.959449518157174,3.0055016729782995,0.0,0.13913052467749323,0.1,0.0030851364135742188,0.05921435356140137,0.04946126,0.79234403,3.252507502337639,0.0,0.020440226386917,0.0,300,0.02072000503540039,0.11460593513263317,0.06134728305556194,81458,4.169549116926327,0.0
294,2.341460704803467,2.9741128747109045,0.19228604022181683,3.287101185652457,2.8039694853577752,0.0,0.14994420007705014,0.1,0.0029685497283935547,0.06243562698364258,0.05064043,0.893372,3.2246680395749654,0.0,0.012797582422386215,0.0,300,0.02151942253112793,0.031813176326342375,0.04830479907673422,81758,4.140452458929273,0.0
295,2.3357608318328857,3.6828924482014243,0.6905412911482202,4.838800641603007,3.100755805273492,0.0,0.15794134263091536,0.1,0.002947568893432617,0.056734561920166016,0.049915947,0.7026775,3.270490480437611,0.0,0.022284128993424142,0.0,300,0.02213740348815918,0.046951119456047234,0.041156369479791476,82058,4.541898055742416,0.0
296,2.407195806503296,3.5641496306402747,0.5979810059442003,4.405293497383084,2.902836953379739,0.0,0.14550122427061693,0.1,0.0029327869415283203,0.059949398040771484,0.049754918,1.6707366,3.2998563954578777,0.0,0.020759909271599347,0.0,300,0.033507585525512695,0.03680122037451975,0.03361730189154837,82358,4.549522834302123,0.0
297,2.1986398696899414,2.819127023940572,1.6719200579673326,4.293946546406159,-0.004478743167854793,0.0,0.1402916516757784,0.1,0.003148794174194336,0.05756235122680664,0.049372453,0.602201,3.2517834583061473,0.0,0.01751875196568605,0.0,293,0.02138376235961914,0.5159905682296607,0.3866789584277581,82651,4.775440435963761,0.0
298,2.243535041809082,3.8947555485871357,0.8232909124483874,5.308136606372993,3.2638405648881235,0.0,0.15432379282201605,0.1,0.003023862838745117,0.05755352973937988,0.049634244,1.222865,3.3160806673342464,0.0,0.024937117206795433,0.0,300,0.02165365219116211,0.09748137069843085,0.09598373355820246,82951,4.877948417929894,0.0
299,2.314631938934326,3.8043442219356436,0.49127658562899,4.170259579480411,2.9618953653347715,0.0,0.14779815105050212,0.1,0.0030622482299804688,0.05863356590270996,0.050824877,1.2071631,3.364907022794386,0.0,0.023631859947890688,0.0,300,0.022562503814697266,0.06998484323684646,0.016287642392147368,83251,4.9865267171324925,0.0
300,2.354984998703003,2.9677547392797248,0.1602044388969568,3.2436166958495747,2.8534414640615173,0.0,0.1525186357245145,0.1,0.003163576126098633,0.059363365173339844,0.050316114,0.5382087,3.32519179444292,0.0,0.012680462998159937,0.0,300,0.024817228317260742,0.08260209559469901,0.08313605497417897,83551,4.872418693512413,0.0
301,2.268714427947998,3.7740624636166853,0.4654405075403808,4.356556003756421,3.082122235051913,0.0,0.14142571948098642,0.1,0.007216691970825195,0.06215381622314453,0.049735896,13.267343,3.3700788613602968,0.0,0.02348166285163331,0.0,300,0.022545814514160156,0.04676326935683015,0.04509345094200583,83851,4.7665969089376405,0.0
302,2.2762887477874756,2.9578180075618588,0.7661334591358686,3.9547299082377148,1.8433486458398218,0.0,0.15308440549923122,0.1,0.0030536651611328125,0.05724310874938965,0.049903426,0.7198874,3.3288527759804527,0.0,0.012678019014745537,0.0,300,0.02229905128479004,0.07405234287320935,0.0547750283663347,84151,4.772199518593925,0.0
303,2.2486507892608643,4.001950165107283,0.5852105045911329,4.522670279775203,3.023479572934062,0.0,0.15457678859793564,0.1,0.0029478073120117188,0.08984088897705078,0.050028916,1.8911006,3.396162514893136,0.0,0.02649218942977624,0.0,300,0.02839517593383789,0.06265393320648975,0.039860265247422644,84451,3.934049370472293,0.0
304,2.2806689739227295,3.572531309811286,0.8547465150594915,4.994592065377415,2.8173137243487987,0.0,0.14951519005931613,0.1,0.0030765533447265625,0.05849480628967285,0.05029049,0.956268,3.413799394384951,0.0,0.02078468467906594,0.0,300,0.023065567016601562,0.07946820436402341,0.0636289585583837,84751,5.074410181365885,0.0
305,2.2473690509796143,4.449700314521717,1.070072588319496,5.813513806129246,2.9855292797045547,0.0,0.14795292792437117,0.1,0.0030875205993652344,0.06088542938232422,0.049889013,1.077181,3.5173894863986277,0.0,0.032677417229884015,0.0,300,0.023569822311401367,0.06636769364143734,0.05979973524319431,85051,4.7256890729426155,0.0
306,2.270948648452759,4.042137199123207,0.6169724199771172,4.8080879776751235,3.084271007155323,0.0,0.14768967491109194,0.1,0.00307464599609375,0.05846261978149414,0.049837086,1.3849488,3.5698642576710857,0.0,0.027235738856942034,0.0,300,0.02368617057800293,0.06234270074001896,0.025803213066901746,85351,4.709946694740495,0.0
307,2.6090314388275146,3.425630659469885,1.12912675513681,5.336089972018452,2.3976683857062953,0.0,0.1476982087059403,0.1,0.0030639171600341797,0.09575629234313965,0.049100187,0.74990094,3.5554408978509655,0.0,0.01861681777021071,0.0,300,0.02311110496520996,0.07263379138785396,0.07530496638606758,85651,5.0493684496406095,0.0
308,2.3948817253112793,3.4937033581857024,0.4269118898487705,4.177513097476841,3.059124191410275,0.0,0.14154061729331244,0.1,0.0030083656311035156,0.05743813514709473,0.049885254,0.8860209,3.5492671438844394,0.0,0.019972095397219898,0.0,300,0.02433609962463379,0.020381426788917665,0.02025267761966218,85951,4.8935988937856925,0.0
309,2.336987018585205,3.3811977797354547,0.9682220319959755,4.192884969763948,1.7293973818035688,0.0,0.14083534734128317,0.1,0.003087282180786133,0.05786442756652832,0.05027315,0.98517984,3.532460207469541,0.0,0.01850458008425403,0.0,300,0.023311376571655273,0.06591796063673032,0.058650082351209575,86251,4.80357241856409,0.0
310,2.4011611938476562,4.025481348661792,0.9296893337637049,5.342371393818604,3.148931917019635,0.0,0.14438367810380673,0.1,0.0029370784759521484,0.05804562568664551,0.050279476,0.84753156,3.5817623215887666,0.0,0.02690071878112611,0.0,300,0.023975133895874023,0.07877997156123707,0.06063403046889697,86551,4.279089758332505,0.0
311,2.3823301792144775,4.581183803009564,0.680358015767857,5.321873691608245,3.481778561314785,0.0,0.1606131452532139,0.1,0.002999544143676758,0.09126520156860352,0.05052448,1.0568601,3.6817044697308465,0.0,0.033939020522072476,0.0,300,0.02493739128112793,0.0587120702247813,0.032886250724395966,86851,4.62678187499779,0.0
312,2.381580114364624,3.931999469679316,1.196833123438678,5.936740040060419,2.855011172117704,0.0,0.1640472504122174,0.1,0.0029387474060058594,0.05767011642456055,0.049807504,0.9433722,3.706733969725694,0.0,0.025446212421545697,0.0,300,0.02417898178100586,0.09573548152788244,0.06933977772765718,87151,4.84864146877286,0.0
313,2.3615803718566895,4.056882082663725,1.2370436658755437,5.36536530245608,2.576087423801383,0.0,0.14005505962464487,0.1,0.002923250198364258,0.05647134780883789,0.050004907,0.5273465,3.741748781019497,0.0,0.02737325781075954,0.0,300,0.02601790428161621,0.11724323046062009,0.09701869451523813,87451,5.148229747869216,0.0
314,2.343964099884033,4.506939161631851,0.7381763991634932,5.339394133581401,3.382872625044114,0.0,0.1406951505586377,0.1,0.002866983413696289,0.06195950508117676,0.049465597,0.8969465,3.818267819080732,0.0,0.0333715953459516,0.0,300,0.04583144187927246,0.1082504107952305,0.04083632107068225,87751,4.797719295424159,0.0
315,2.4310076236724854,3.1145934415262944,0.39599581095207576,3.586072697770687,2.49890508829533,0.0,0.12975976116610935,0.1,0.0029032230377197266,0.061574459075927734,0.05157361,0.54944956,3.7479003813252882,0.0,0.01478115601831083,0.0,300,0.024574995040893555,0.042083887258143805,0.07216832591700771,88051,5.111545660450305,0.0
316,2.3805899620056152,4.002766395317833,1.038635638825752,5.477871782862733,2.934654630018935,0.0,0.14875181082344538,0.1,0.004171609878540039,0.05672168731689453,0.050076153,1.0903164,3.773386982724543,0.0,0.026155387226483695,0.0,300,0.024450302124023438,0.06014536446920927,0.0514228498628811,88351,5.16298350378308,0.0
317,2.3767919540405273,4.3314907435583105,0.3405772661633481,4.795185059230938,3.853421694710202,0.0,0.14215979421436314,0.1,0.00286865234375,0.056775569915771484,0.049599484,1.0422539,3.82919735880792,0.0,0.031032890279778954,0.0,300,0.024768590927124023,0.0236309456462626,0.02282100044484514,88651,4.6943285786884825,0.0
318,2.449226140975952,4.701808986390898,1.152317021082386,5.943112092540164,3.2739623439652554,0.0,0.14294167778802871,0.1,0.002931356430053711,0.09506082534790039,0.04984913,0.61153704,3.9164585215662178,0.0,0.03549697002912084,0.0,300,0.02510976791381836,0.07396153281803938,0.05114251727852936,88951,4.619303793487808,0.0
319,2.3917040824890137,3.9274859770303294,0.8749371395187953,4.982015885877846,3.0600467270039022,0.0,0.13856046617333245,0.1,0.002948284149169922,0.09371256828308105,0.049900487,1.1356446,3.917561267112629,0.0,0.025529069121272667,0.0,300,0.024944067001342773,0.036181548337923766,0.038360961730887766,89251,4.524482410631756,0.0
320,2.3563454151153564,3.940081646887256,1.0289671055092084,5.344879348582117,2.6542379994270577,0.0,0.139775066796629,0.1,0.0033419132232666016,0.06127452850341797,0.049571052,1.2360753,3.919813305090092,0.0,0.02586432649444053,0.0,300,0.02552342414855957,0.04326429582746118,0.04345174771522184,89551,4.969574397865663,0.0
321,2.347057342529297,3.5319316151105924,0.8794354855352174,5.0137459341477335,2.818148643702721,0.0,0.1546534567865903,0.1,0.003131389617919922,0.05953073501586914,0.04969527,0.79701763,3.881025136092142,0.0,0.02020503890564867,0.0,300,0.028949975967407227,0.10887785757941483,0.06813189327873909,89851,5.184894599343246,0.0
322,2.4201226234436035,4.076297279622405,0.9503552216788036,5.056752456861237,2.91150084918464,0.0,0.14784403383814676,0.1,0.005489349365234375,0.05954289436340332,0.04965438,0.9055632,3.9005523504451682,0.0,0.02765307063658526,0.0,300,0.025269746780395508,0.054851761909645816,0.05715875060084429,90151,4.499860818720024,0.0
323,2.324918270111084,4.118616394799485,0.85771219337064,5.188248096262394,3.168991425468399,0.0,0.14641299952246545,0.1,0.003099203109741211,0.06392741203308105,0.049320817,3.6879098,3.9223587548806003,0.0,0.027950986289460023,0.0,300,0.025295019149780273,0.04467980204670191,0.027936243431733246,90451,4.876702164075909,0.0
324,2.311771869659424,3.7581548781893312,0.4920910158104279,4.3738818562664195,3.1548229401129926,0.0,0.14662350952677142,0.1,0.0031163692474365234,0.05950188636779785,0.049704343,0.8715239,3.905938367211473,0.0,0.02348564135878546,0.0,300,0.03016805648803711,0.03531528807653117,0.03368236589053394,90751,4.960487853786661,0.0
325,2.351182222366333,4.293100978441662,1.114140914647357,5.428193958046456,2.474376844656246,0.0,0.14551413696043747,0.1,0.0032079219818115234,0.058541059494018555,0.049041715,0.54859316,3.944654628334492,0.0,0.03030554959794565,0.0,300,0.025229454040527344,0.0746137862009663,0.07031849029284483,91051,5.4666978276534275,0.0
326,2.276240110397339,5.114855535312106,0.3404084110689218,5.564637533911633,4.69924681447119,0.0,0.1515347939342816,0.1,0.0032432079315185547,0.09200572967529297,0.049927678,1.0117106,4.061674719032253,0.0,0.041020527938890425,0.0,300,0.026188373565673828,0.056994027207108076,0.029257851348556442,91351,4.899837123803493,0.0
327,2.369401216506958,4.284415825482659,1.5295882032577435,5.963471391606341,1.8655740328730988,0.0,0.14804594577346233,0.1,0.0032129287719726562,0.06187129020690918,0.049219567,0.613503,4.0839488296772934,0.0,0.030082894643701317,0.0,300,0.02541828155517578,0.06876280222962704,0.0657367457916295,91651,5.243342832216028,0.0
328,2.450974225997925,4.563878500326429,0.9441909660940888,5.556341006570541,3.247451383545736,0.0,0.1499392652033593,0.1,0.0031461715698242188,0.05861830711364746,0.050277404,0.8124123,4.131941796742208,0.0,0.03366344010450391,0.0,300,0.0270688533782959,0.03199116663516052,0.030568232321069033,91951,4.731217364928282,0.0
329,2.477710485458374,4.216598937336227,0.9998604846549224,5.318747717911278,2.689883079135135,0.0,0.1469946177883032,0.1,0.0030393600463867188,0.05866527557373047,0.05035971,1.0659615,4.14040751080161,0.0,0.029220893977778196,0.0,300,0.02574753761291504,0.03418059059459147,0.03169816389413481,92251,4.834792737390054,0.0
330,2.4365079402923584,4.237512469009722,0.9556124975503528,5.415796091571113,2.9834796259304945,0.0,0.14439913093802326,0.1,0.003063201904296875,0.057770490646362305,0.049174666,0.9469419,4.150118006622421,0.0,0.029520588974809248,0.0,300,0.025871992111206055,0.05826502120615725,0.05300944198656566,92551,4.670072480980269,0.0
331,2.340165853500366,5.80391795414205,0.5436979577920018,6.707679917656081,5.2899009590080475,0.0,0.1545549370294425,0.1,0.0030341148376464844,0.05846238136291504,0.049671747,0.89801776,4.315498001374384,0.0,0.0501351554399328,0.0,300,0.028127431869506836,0.08854428611271789,0.03391987595154229,92851,4.278015749458629,0.0
332,2.358034610748291,5.3873460755335,1.0640706583843123,6.2505255052449575,3.5698017704404097,0.0,0.13423190646941305,0.1,0.0029671192169189453,0.06047964096069336,0.049662385,0.75888324,4.422682808790295,0.0,0.0446902560729582,0.0,300,0.025774478912353516,0.045447637307023385,0.05345015633133744,93151,5.014600655047304,0.0
333,2.4356536865234375,3.9012403467598054,1.2329103782716857,5.368613166420378,2.5948632680696684,0.0,0.1517499143212868,0.1,0.0029592514038085938,0.0568850040435791,0.050263442,1.0021856,4.370538562587247,0.0,0.024807968747193848,0.0,300,0.02582836151123047,0.3297518736831771,0.05186996816375461,93451,5.332423071413442,0.0
334,2.3909575939178467,3.692972583651798,1.2836116912210893,5.023511823252391,1.8642066171827116,0.0,0.15290543443172744,0.1,0.002995729446411133,0.0577702522277832,0.05013544,1.2766242,4.302781964693702,0.0,0.02236547782274592,0.0,300,0.028095483779907227,0.07029408924269512,0.09717677113224167,93751,4.979877639661936,0.0
335,2.3712682723999023,5.4780756259186045,0.2425344177435735,5.737546030928712,5.080391882040656,0.0,0.13738697863277813,0.1,0.002985239028930664,0.057739973068237305,0.049698714,2.0697486,4.420311330816193,0.0,0.04569452877003047,0.0,300,0.025690555572509766,0.15647120597765263,0.07704563835534584,94051,5.397975765759942,0.0
336,2.487178325653076,3.805893569041794,1.1171801171796525,5.615062425072991,2.825631501672453,0.0,0.14156699088813893,0.1,0.003040313720703125,0.05757951736450195,0.049474414,1.8922871,4.358869554638753,0.0,0.023981206714805924,0.0,300,0.026500463485717773,0.08730705414509424,0.10899581410971701,94351,5.319274792226947,0.0
337,2.459040641784668,3.4759821633867807,1.0063911362582865,5.156141793814077,2.528480268583548,0.0,0.1501354676583566,0.1,0.0029430389404296875,0.05929088592529297,0.050416667,1.0815932,4.270580815513556,0.0,0.019357502565665607,0.0,300,0.05865669250488281,0.16413689553752592,0.07328550872785752,94651,5.3048303337585505,0.0
338,2.3779869079589844,5.564995714148686,0.36952974496650587,5.984008967981391,5.028031045241098,0.0,0.1425632943391387,0.1,0.003017902374267578,0.05780506134033203,0.049860615,0.9188028,4.400022305377069,0.0,0.04711381788969413,0.0,300,0.05062294006347656,0.06417406436648108,0.052415313607107585,94951,5.155484915512132,0.0
339,2.367933750152588,5.267919640180438,0.764848897424147,6.27721230859121,4.498254607163734,0.0,0.14852728757855474,0.1,0.0034532546997070312,0.05961465835571289,0.049673453,1.2731305,4.486812038857406,0.0,0.042782590959588036,0.0,300,0.026285886764526367,0.039511981442523415,0.03054593770866859,95251,5.114878519266918,0.0
340,2.4402341842651367,4.302825089131062,1.8771571511738427,5.5032628540861435,1.061421252232562,0.0,0.1539003748119808,0.1,0.003095865249633789,0.05894613265991211,0.05010901,0.8113499,4.468413343884771,0.0,0.030527522247473907,0.0,300,0.026662826538085938,0.15462942958998327,0.1320058873317291,95551,5.176079822258101,0.0
341,2.4061319828033447,4.552513036168099,0.9572145621189806,5.374918530962051,2.939523026218516,0.0,0.15473483208252228,0.1,0.003115415573120117,0.060814857482910156,0.04983604,0.7914009,4.476823313113104,0.0,0.03353606087767362,0.0,300,0.03766202926635742,0.05011607655955988,0.03265757958379202,95851,5.200789989200835,0.0
342,2.3922805786132812,5.055923105708529,0.9953919110924361,6.03166623567527,3.4548503288489214,0.0,0.1475965982921535,0.1,0.003083467483520508,0.05967259407043457,0.050121658,0.7687355,4.534733292372646,0.0,0.04036077240961054,0.0,300,0.025722265243530273,0.050575065643795214,0.04552237393894059,96151,4.616255945857504,0.0
343,2.393442153930664,4.708680745090028,0.5449836391464938,5.247801042311786,4.019691954274574,0.0,0.14427937755298342,0.1,0.0030205249786376953,0.0576019287109375,0.049769197,0.62903917,4.552128037644384,0.0,0.03566393945973045,0.0,300,0.025894880294799805,0.026898447859657056,0.022192143762219733,96451,5.254980326646995,0.0
344,2.4161698818206787,4.470260552348219,1.1434524603432532,6.118828898871531,3.0866716082287007,0.0,0.15114009187693503,0.1,0.0029497146606445312,0.05718183517456055,0.050234135,0.9182012,4.543941289114768,0.0,0.0323821058016163,0.0,300,0.026302337646484375,0.051472152726611715,0.04661691093802609,96751,5.449297576927694,0.0
345,2.445358991622925,5.020024155822681,1.3132623361151499,6.115847344771465,2.8051376871101663,0.0,0.14917594250806757,0.1,0.003097057342529297,0.057369232177734375,0.05014918,0.8717942,4.591549575785559,0.0,0.039878680453453316,0.0,300,0.02572178840637207,0.03223775145869824,0.029322993817544222,97051,5.344122848284037,0.0
346,2.4245197772979736,5.114009234449727,0.4209708525267703,5.565821269094864,4.444806931156941,0.0,0.1509880224234151,0.1,0.013891935348510742,0.0568082332611084,0.049774062,1.7038615,4.6437955416519765,0.0,0.040977807320608434,0.0,300,0.025954246520996094,0.021001488656447638,0.020142233070055186,97351,4.231192277630583,0.0
347,2.3439509868621826,4.853857889883891,0.877090889703766,5.754185209645506,3.805672872113383,0.0,0.1349797250083289,0.1,0.003080606460571289,0.05855894088745117,0.049570046,0.808759,4.664801776475168,0.0,0.03767903252272072,0.0,300,0.027237653732299805,0.053674740151718706,0.049194757393322075,97651,5.06966860089296,0.0
348,2.3950417041778564,5.9104799681875875,1.3260073254765214,7.910779588197266,4.185909680876,0.0,0.15558002175144756,0.1,0.0030596256256103516,0.059874534606933594,0.050163522,1.0480529,4.78936959564641,0.0,0.0516264759926907,0.0,300,0.02932143211364746,0.054105018638468005,0.048684041932209064,97951,4.010270144707475,0.0
349,2.4933650493621826,5.802753009331626,0.19726822553130313,6.086941012905,5.569236120301405,0.0,0.1501973343939635,0.1,0.0030465126037597656,0.07681465148925781,0.049989413,2.0137002,4.890707937014931,0.0,0.05009056033009134,0.0,300,0.02770090103149414,0.028482791123435755,0.016568722130497905,98251,5.068353591878704,0.0
350,2.468968391418457,5.174390946502918,0.5811879686132538,6.082552571043612,4.592683496353294,0.0,0.15206353337237988,0.1,0.003003358840942383,0.057512521743774414,0.050071575,0.8763447,4.91907623796373,0.0,0.041821203912507945,0.0,300,0.02935194969177246,0.03752308204346577,0.026635331985619373,98551,5.1945887307488166,0.0
351,2.3863656520843506,4.897594935745987,1.1172719555736446,6.187221014938206,3.2059003361948,0.0,0.1421460420472891,0.1,0.0030074119567871094,0.05797624588012695,0.04956569,0.68311256,4.916928107741955,0.0,0.03800368801802761,0.0,300,0.026445627212524414,0.033459822348544506,0.026955884315987267,98851,4.885037269549235,0.0
352,2.4846928119659424,5.41515992297173,0.24450277706341075,5.7963418731789975,5.130547420730048,0.0,0.14764195594972368,0.1,0.0028967857360839844,0.0663003921508789,0.0502332,0.75419116,4.966751289264932,0.0,0.044816589526327506,0.0,300,0.041105031967163086,0.014396809775563972,0.012910806861065776,99151,5.1367333625320635,0.0
353,2.3565738201141357,4.6017358735336735,1.257350837764023,5.905378999557054,2.6231235571365428,0.0,0.1478946098232995,0.1,0.0030176639556884766,0.08502888679504395,0.05026968,0.6890854,4.930249747691806,0.0,0.034334294828443274,0.0,300,0.026621103286743164,0.08345511509127132,0.055605548846970596,99451,5.339492522664599,0.0
354,2.3719279766082764,5.902718272390135,0.3790697546235943,6.479062284362991,5.539458959872138,0.0,0.15216061272765166,0.1,0.00651240348815918,0.05795550346374512,0.050298475,0.83177733,5.02749660016164,0.0,0.051250898974492365,0.0,300,0.02683544158935547,0.03775215867593646,0.0284081428792919,99751,4.672470180490463,0.0
355,2.352421760559082,2.8251656549961637,1.5514979416227017,5.46112671786244,1.4861636082526963,0.0,0.14978646127901216,0.1,0.0031571388244628906,0.05734658241271973,0.049769875,0.77982575,4.807263505645092,0.0,0.011006841782704665,0.0,300,0.02637171745300293,0.5612243204502837,0.2806722599187585,100051,5.327729276917614,0.0
356,2.851630449295044,5.822172635398017,0.23265736589899744,6.1102470391960555,5.483951321877372,0.0,0.14664764737016447,0.1,0.0029630661010742188,0.05831575393676758,0.050272193,1.4239917,4.908754418620385,0.0,0.050149647863738114,0.0,300,0.03189802169799805,0.06009592786324831,0.06023319273552131,100351,5.349392435076871,0.0
357,2.3211770057678223,4.795270777433204,1.3647370280603304,5.734877547082129,2.441065648866631,0.0,0.14019710100028143,0.1,0.0031282901763916016,0.05729246139526367,0.050371233,1.1127677,4.897406054501666,0.0,0.036729939692205886,0.0,300,0.026474714279174805,0.06533649735278395,0.04028696284985875,100651,5.028293662910754,0.0
358,2.4498000144958496,5.4742885938993755,0.5960782603853871,6.019910444560765,4.511309563654265,0.0,0.15330275817104883,0.1,0.003238677978515625,0.0599057674407959,0.049887173,1.1515652,4.955094308441438,0.0,0.04557937574552343,0.0,300,0.0277252197265625,0.024771991092379042,0.027101515611858234,100951,5.30187624615465,0.0
359,2.3635244369506836,5.550374506157039,0.7421436457888342,6.780725057039276,4.912820660726739,0.0,0.1487687091970912,0.1,0.0033800601959228516,0.0592501163482666,0.049633797,1.0904578,5.014622328212997,0.0,0.04665481195186123,0.0,300,0.027112245559692383,0.026059693753987347,0.024769341886672507,101251,4.645418411785799,0.0
360,2.411304473876953,5.5633363189741125,0.32355596837837963,5.809040609112279,5.015158680506299,0.0,0.15580151646928775,0.1,0.0031480789184570312,0.08654236793518066,0.050275568,0.82218516,5.069493727289109,0.0,0.0467518190705393,0.0,300,0.03057265281677246,0.01412567687023304,0.013139802831606135,101551,5.526876346473929,0.0
361,2.4221973419189453,6.114624123716867,0.5359054240583315,6.773369968017034,5.318231413169577,0.0,0.14642270601156793,0.1,0.003173351287841797,0.09139418601989746,0.04974826,1.0582855,5.174006766931885,0.0,0.054303136268248564,0.0,300,0.030417919158935547,0.02723092992268046,0.01426066347068627,101851,5.45916398801448,0.0
362,2.4252898693084717,5.068650102425671,1.0603058066156814,5.799027766605624,3.240240314962094,0.0,0.13574184665532965,0.1,0.003126382827758789,0.0591273307800293,0.049865216,0.7770137,5.163471100481265,0.0,0.0404420972612196,0.0,300,0.03913712501525879,0.0528549614698712,0.03260406468399047,102151,5.602385421476446,0.0
363,2.386927604675293,5.57692932916706,0.34128472593660286,5.845002898529449,4.995236350181546,0.0,0.14793416013567418,0.1,0.003160715103149414,0.09831905364990234,0.049194664,0.85386646,5.204816923349844,0.0,0.04689348060232756,0.0,300,0.029921770095825195,0.014279790331532087,0.018564295473443508,102451,5.26758100067736,0.0
364,2.3915014266967773,5.452746283498643,0.6636953660248226,6.27909600351144,4.577139266589365,0.0,0.15419253724357276,0.1,0.0029287338256835938,0.05649280548095703,0.050012033,0.7910399,5.229609859364724,0.0,0.04525929288134223,0.0,300,0.029483318328857422,0.02652602637951699,0.019300283757455614,102751,5.1290550164204864,0.0
365,2.4704151153564453,5.937601867212711,0.34390823751378174,6.504529399402501,5.599828713065036,0.0,0.15522969313084936,0.1,0.0029611587524414062,0.056148529052734375,0.050308924,1.7120552,5.300409060149523,0.0,0.05171804281466559,0.0,300,0.02796030044555664,0.014854863361792765,0.014519469740830432,103051,5.4084482807615055,0.0
366,2.4849255084991455,6.090920446068412,0.6384891009582185,7.069774001686813,5.299136971586312,0.0,0.1615097305374916,0.1,0.0029976367950439453,0.05624270439147949,0.049711887,2.4216769,5.379460198741412,0.0,0.05377901004903899,0.0,300,0.026938915252685547,0.021686801160461126,0.0197891419455733,103351,5.404077493013957,0.0
367,2.4710731506347656,5.7993290279641485,0.36263842631887727,6.215055220728565,5.339691107708007,0.0,0.14918276547909637,0.1,0.003092050552368164,0.08583283424377441,0.049847834,3.9199255,5.421447081663685,0.0,0.0499918342836123,0.0,300,0.02725362777709961,0.015942483158763378,0.012670487456044705,103651,5.28920539050432,0.0
368,2.429384231567383,5.7975481548650105,0.3075480962693269,6.122705748283363,5.298940705201948,0.0,0.160751491945097,0.1,0.003076791763305664,0.05753040313720703,0.0495539,0.8402906,5.4590571889838175,0.0,0.049867999219937814,0.0,300,0.027373790740966797,0.013528659176141019,0.012942078922772366,103951,5.258765099282104,0.0
369,2.504289388656616,3.830212953706506,1.8052665963038181,5.669804932400428,1.2236424412726703,0.0,0.13583771157901708,0.1,0.0033698081970214844,0.05789899826049805,0.05002685,0.447182,5.296172765456086,0.0,0.023816301643854607,0.0,300,0.04663968086242676,0.1583873209948812,0.09948050231019162,104251,5.829833077998985,0.0
370,2.831570863723755,5.767776865102759,0.37222175883673686,6.406827212726234,5.475750169863649,0.0,0.15350672886493652,0.1,0.006325483322143555,0.05672478675842285,0.04981838,0.5896522,5.343333175420754,0.0,0.04949037131943565,0.0,300,0.026257991790771484,0.04960385653980501,0.03155926486462076,104551,5.578757131810849,0.0
371,2.4314050674438477,6.0566335493636165,0.39927146450527784,6.646801898028736,5.522642776547366,0.0,0.15736918980506043,0.1,0.003167390823364258,0.05895853042602539,0.049130473,1.2288815,5.41466321281504,0.0,0.05322475167594624,0.0,300,0.027356863021850586,0.03651801944902706,0.02434249866245011,104851,4.89872005768275,0.0
372,2.344076633453369,5.404483505220696,0.6571300957450857,6.013933933160086,4.327590085062341,0.0,0.1452750031019464,0.1,0.0031304359436035156,0.05897641181945801,0.04971724,1.1958178,5.413645242055606,0.0,0.044898778773335216,0.0,300,0.027382850646972656,0.025652658023212205,0.02794331416304309,105151,5.617082192735563,0.0
373,2.35542368888855,5.220579046880569,0.9054757704679535,5.815555472619398,3.654357528307757,0.0,0.1537095070761982,0.1,0.003198862075805664,0.05898547172546387,0.049898893,1.3704811,5.394338622538102,0.0,0.04235273816088159,0.0,300,0.05080103874206543,0.04588255633678348,0.01788911789941471,105451,5.559499877297816,0.0
374,2.4326112270355225,5.699529155267175,0.1142092887689618,5.864903567298168,5.580345319705488,0.0,0.1563341743295076,0.1,0.0032672882080078125,0.09380793571472168,0.049908288,1.1335849,5.424857675811009,0.0,0.048505043885475385,0.0,300,0.02749156951904297,0.014639505196234998,0.019677326231491623,105751,5.514003294699471,0.0
375,2.4380130767822266,5.329118056081015,1.0028946554308096,6.501904919008451,3.792818898287806,0.0,0.14140663074282273,0.1,0.0030906200408935547,0.05920672416687012,0.04939841,1.2049646,5.41528371383801,0.0,0.04401096526654316,0.0,300,0.02719855308532715,0.06621945269697933,0.04289677010491765,106051,5.490332445592082,0.0
376,2.4014217853546143,5.186108407276915,1.1529840348813158,6.051026570593428,3.2055172342130454,0.0,0.15705068914142614,0.1,0.009881973266601562,0.08667874336242676,0.049732402,0.681493,5.392366183181901,0.0,0.041722629198503,0.0,300,0.027112483978271484,0.04368132147871575,0.04322962029891373,106351,5.51194072999134,0.0
377,2.42301607131958,5.061008550627829,1.041953339965038,5.856986224082267,3.275793391920434,0.0,0.14472582442941206,0.1,0.012038946151733398,0.05858922004699707,0.050613884,0.6779187,5.359230419926494,0.0,0.040109150781209094,0.0,300,0.02779984474182129,0.029779667377891207,0.02279194764104764,106651,5.568773803396515,0.0
378,2.4499237537384033,6.125097520059825,0.2422227705481065,6.451832850287772,5.86026602950327,0.0,0.15666018728850326,0.1,0.0030999183654785156,0.05953025817871094,0.050122067,0.9549611,5.435817129939828,0.0,0.0541670144743983,0.0,300,0.027126550674438477,0.029873954487523845,0.01975630417956058,106951,5.587999643721303,0.0
379,2.3983066082000732,6.000193969009408,0.8046147175620024,7.283073711021462,5.0732981338728536,0.0,0.1572144591856425,0.1,0.0030663013458251953,0.057938575744628906,0.04986992,0.9369147,5.492254813846786,0.0,0.05240180025873992,0.0,300,0.054422616958618164,0.026445940916515937,0.027443759904523756,107251,5.42126777400788,0.0
380,2.3908417224884033,5.589646921248974,0.7521938966072281,6.268139782509933,4.330729328396196,0.0,0.16687044837799775,0.1,0.0029969215393066406,0.09727692604064941,0.04996167,0.8741907,5.501994024587005,0.0,0.04741045069974335,0.0,300,0.028374433517456055,0.03804933742306233,0.02532866562138343,107551,5.519607840551871,0.0
381,2.502314805984497,5.66657500629762,0.6044613513098501,6.309699947210164,4.68416748189055,0.0,0.15321428973528603,0.1,0.003020763397216797,0.059754371643066406,0.049901925,1.2622603,5.518452122758067,0.0,0.04809043673786817,0.0,300,0.029819726943969727,0.023942003625353637,0.021287663030379864,107851,5.75221363156997,0.0
382,2.4216413497924805,5.562305370459273,0.2973716382866269,6.023422947954645,5.196820794610068,0.0,0.1526436920269335,0.1,0.0030434131622314453,0.05719447135925293,0.049852956,1.2090241,5.522837447528187,0.0,0.04705963352018736,0.0,300,0.0338597297668457,0.01243063475525045,0.011730348804961871,108151,5.429047598657825,0.0
383,2.4686930179595947,6.208727043898326,0.7850848357210058,7.518763954971168,5.574249980394987,0.0,0.16428093297726584,0.1,0.003141164779663086,0.05779719352722168,0.050249137,0.84881634,5.591426407165201,0.0,0.05521893960012339,0.0,300,0.027081012725830078,0.04078640508240666,0.02597772828817618,108451,5.564332872359727,0.0
384,2.4216010570526123,5.883086028813022,0.1257779859152991,6.098280660957869,5.782158514428751,0.0,0.14541858519612252,0.1,0.002910614013671875,0.058097124099731445,0.049810592,1.7739911,5.620592369329983,0.0,0.05104945578876857,0.0,300,0.05260109901428223,0.012982953699926417,0.013687124328693095,108751,5.574302133541917,0.0
385,2.534773349761963,5.496600011294038,1.3416360550152626,6.727787887965352,3.2370964830933557,0.0,0.14219016858983238,0.1,0.002965688705444336,0.060048818588256836,0.049849816,0.8771159,5.608193133526388,0.0,0.04596293483193419,0.0,300,0.027835845947265625,0.035561283484701806,0.0308381367438957,109051,5.692645881174151,0.0
386,2.4145171642303467,6.257229123608617,0.5084630980193846,6.789723689330311,5.662776917048112,0.0,0.1570771832106986,0.1,0.003254413604736328,0.05932116508483887,0.049265206,0.752993,5.673096732534612,0.0,0.05599647601035518,0.0,300,0.02877044677734375,0.04256781701083828,0.029871298043804624,109351,5.450625966156278,0.0
387,2.342892646789551,5.661013282719267,0.25913337753791416,6.072751112684468,5.355705775314288,0.0,0.14917610871781412,0.1,0.00307464599609375,0.05799603462219238,0.0500337,0.8141131,5.671888387553078,0.0,0.04798925688707385,0.0,300,0.026177406311035156,0.016509636331491315,0.013729021883022087,109651,5.83707148994793,0.0
388,2.3689470291137695,5.751802663067688,0.341703114001649,6.140683735432957,5.244761896229543,0.0,0.14559669630234826,0.1,0.0031118392944335938,0.060419321060180664,0.049529437,1.2389015,5.679879815104539,0.0,0.049285476848703116,0.0,300,0.025189876556396484,0.02021539540989677,0.013932369336080776,109951,5.574921633156458,0.0
389,2.375124216079712,5.6867359158855875,0.20817714344226584,5.90125871245318,5.347679358361688,0.0,0.15755324799867096,0.1,0.0030727386474609375,0.06076169013977051,0.049911167,1.2410693,5.680565425182644,0.0,0.04836388529414257,0.0,300,0.026848316192626953,0.016742027145487084,0.01699586105951542,110251,5.530523908407244,0.0
390,2.2818987369537354,4.274908026522572,1.0474983076009856,5.335628371076441,3.1623837807151722,0.0,0.1403458494526816,0.1,0.003015279769897461,0.05733036994934082,0.049813554,0.5938876,5.539999685316637,0.0,0.029789325756628612,0.0,300,0.05482316017150879,0.02234072777491122,0.020943399361261616,110551,5.609401525315597,0.0
391,2.322718858718872,5.003658934161671,1.2039214976017574,5.965561516984898,2.939021431562176,0.0,0.15245975428769004,0.1,0.0029876232147216797,0.056960105895996094,0.049690086,0.86184925,5.48636561020114,0.0,0.039329288689283995,0.0,300,0.029127836227416992,0.03099594191897776,0.028574329026777343,110851,5.533682380478596,0.0
392,2.2695655822753906,5.822528053232216,0.5710315698907521,6.588367371595989,5.103165949302298,0.0,0.15550130457482825,0.1,0.003082275390625,0.060939788818359375,0.049579423,0.85044503,5.519981854504248,0.0,0.050110667426185765,0.0,300,0.026575565338134766,0.05104248976291422,0.0278026204862854,111151,5.504156180631372,0.0
393,2.2831194400787354,3.9952143396178865,1.2203912260629475,5.500834365623066,2.399069069864478,0.0,0.14322868383020287,0.1,0.0030155181884765625,0.06913399696350098,0.049770564,1.7402496,5.367505103015612,0.0,0.025904802927045015,0.0,300,0.029468774795532227,0.13042723505731774,0.0935313419739505,111451,5.569343468070209,0.0
394,2.2724151611328125,5.396595222656462,0.23784722705422892,5.759053852820996,5.097059467686277,0.0,0.14894260275273907,0.1,0.002964019775390625,0.05926203727722168,0.050422758,1.8178201,5.370414114979697,0.0,0.044500736813670116,0.0,300,0.026577234268188477,0.015291769324373303,0.019935356462284008,111751,5.552498159186698,0.0
395,2.313732862472534,4.396087906666298,1.2324627775184436,5.632486128812323,2.9838217523342894,0.0,0.14258374002324278,0.1,0.0029761791229248047,0.057084083557128906,0.050142493,0.84141684,5.2729814941483575,0.0,0.03126747215735161,0.0,300,0.052954673767089844,0.059970123848535034,0.055924623036826306,112051,5.3611895817725435,0.0
396,2.2833008766174316,6.136193066494015,0.1783049613803184,6.36185291170672,5.864505719797161,0.0,0.15589578301476886,0.1,0.003000974655151367,0.05629467964172363,0.05058972,0.86955404,5.359302651382924,0.0,0.05425294519112891,0.0,300,0.026598691940307617,0.04221752814820289,0.016352377155112518,112351,5.4429872208867645,0.0
397,2.2683210372924805,6.000350663419207,0.3787576285034009,6.4046991823938715,5.43156097277549,0.0,0.15236423515070274,0.1,0.0029354095458984375,0.05606985092163086,0.04884349,1.1046919,5.423407452586552,0.0,0.052541696631525074,0.0,300,0.02759695053100586,0.017139712659390897,0.021892459871362437,112651,5.847643208872303,0.0
398,2.3478851318359375,5.768492135641826,0.09228552140650699,5.8914778032197805,5.63968713672017,0.0,0.1612930015451453,0.1,0.01254129409790039,0.0590357780456543,0.049697794,1.2461368,5.45791592089208,0.0,0.049466065736602324,0.0,300,0.027258872985839844,0.027136438359572235,0.01421969945391183,112951,5.610006128852902,0.0
399,2.3563151359558105,5.798741147690631,0.12267807726466397,5.957851824356783,5.616435464075815,0.0,0.14533351049795828,0.1,0.0030477046966552734,0.05746293067932129,0.04957902,1.6828587,5.4919984435719345,0.0,0.04971866385745978,0.0,300,0.03082275390625,0.011785677093277219,0.013489886742269117,113251,5.643953763065402,0.0
400,2.296613931655884,5.295027548026084,1.0405417609221899,6.016934577211715,3.500434456648677,0.0,0.1404886593151903,0.1,0.0030515193939208984,0.08618545532226562,0.049849708,0.81919384,5.4723013540173495,0.0,0.043077777439042106,0.0,300,0.02991509437561035,0.021877594863740992,0.02054604134652469,113551,5.483135360611382,0.0
401,2.2688543796539307,4.780819835357035,1.059517706159207,6.07031858574779,3.689673748395106,0.0,0.1513367469848804,0.1,0.0030434131622314453,0.06916999816894531,0.04969752,0.58601224,5.403153202151318,0.0,0.036578340542951476,0.0,300,0.026970863342285156,0.035298197934268104,0.028315340871555496,113851,5.713172647618895,0.0
402,2.3125181198120117,6.260597219727064,0.7664591256405529,7.578066460154767,5.669764981546287,0.0,0.15640193040887254,0.1,0.0028831958770751953,0.057192325592041016,0.05022098,0.6391074,5.488897603908892,0.0,0.055923206077823716,0.0,300,0.028000593185424805,0.037349093087630555,0.025102825818199795,114151,5.532855928350645,0.0
403,2.3145387172698975,6.122995970658016,0.38610315175076865,6.611385397277517,5.532889603058068,0.0,0.14543653632087014,0.1,0.002977132797241211,0.08532881736755371,0.04973894,0.94738066,5.552307440583805,0.0,0.05397829440671713,0.0,300,0.02714085578918457,0.016928515319295394,0.018164257392705007,114451,5.577366907086101,0.0
404,2.1899611949920654,6.058608959933351,0.47241660825649207,6.836053987018953,5.593572603178636,0.0,0.14428309407759984,0.1,0.003302335739135742,0.05920672416687012,0.049299624,1.4176579,5.60293759251876,0.0,0.0535156506269438,0.0,300,0.027911901473999023,0.0258678645414959,0.016288573740076362,114751,5.720500220452924,0.0
405,2.2331008911132812,6.7026184171719425,1.1057549703129284,8.602529666736405,5.842116434863539,0.0,0.1560994018839602,0.1,0.003216266632080078,0.062392234802246094,0.050062973,1.1798612,5.7129056749840785,0.0,0.06190249428687075,0.0,300,0.027578353881835938,0.03744778124440899,0.03724672311412787,115051,5.718282530727641,0.0
406,2.317439317703247,5.676576881035341,0.23607662837978055,5.9229089557400565,5.433905457255252,0.0,0.15697088155481498,0.1,0.0031280517578125,0.09854888916015625,0.051640023,0.9174411,5.709272795589205,0.0,0.04831784603127126,0.0,300,0.03384876251220703,0.01489622311396,0.01092903984120803,115351,5.6649105283525225,0.0
407,2.248992919921875,6.032937964505337,0.05738667627936696,6.117438871063757,5.955437122744627,0.0,0.1660094672794069,0.1,0.0030508041381835938,0.05908775329589844,0.049515013,1.0366516,5.741639312480818,0.0,0.05294531720213657,0.0,300,0.026963472366333008,0.0074266521161549266,0.008448617994867262,115651,5.6704468614972265,0.0
408,2.257131576538086,5.111128959629642,0.9673040289413627,5.873269281322698,3.4643016714005577,0.0,0.14491413093067712,0.1,0.006629228591918945,0.05945944786071777,0.04993946,0.80431426,5.678588277195701,0.0,0.04078050482235371,0.0,300,0.028000354766845703,0.01752310838913723,0.01563868695435667,115951,5.717316042422017,0.0
409,2.3115220069885254,6.537334382911227,1.0698323081441314,8.311176068599066,5.5619211204512276,0.0,0.15340512381484653,0.1,0.003473520278930664,0.06096529960632324,0.049820855,0.8886883,5.7644628877672535,0.0,0.05951490691793036,0.0,300,0.059520721435546875,0.05072040893539918,0.03121211718785792,116251,4.779574390873649,0.0
410,2.2997982501983643,6.3545473592863555,0.9158999961289539,7.903579363590799,5.515561776957803,0.0,0.14883636818854803,0.1,0.003116607666015625,0.058329105377197266,0.049774203,1.3244662,5.823471334919164,0.0,0.057191503853235945,0.0,300,0.026882648468017578,0.028113244560309895,0.030595202796574447,116551,4.787282322139563,0.0
411,2.306333065032959,6.030385863593824,0.15932511073790004,6.2804831119610105,5.837639396464312,0.0,0.15922674056892766,0.1,0.0029642581939697266,0.0597681999206543,0.04966874,0.94716674,5.84416278778663,0.0,0.05292617751993988,0.0,300,0.02763843536376953,0.03117063082837443,0.01015872237490061,116851,4.987895229371242,0.0
412,2.3115291595458984,5.708781082296546,0.26060439917491235,6.017348354754926,5.319845983808978,0.0,0.14740598497869462,0.1,0.0031185150146484375,0.05782032012939453,0.049835607,0.66958344,5.830624617237621,0.0,0.04891251018762676,0.0,300,0.02577972412109375,0.01736238560427114,0.019355682847278097,117151,5.472345006445594,0.0
413,2.2722160816192627,6.287306578900844,0.8192825892429985,7.677301060723867,5.554694539288202,0.0,0.1554653770142239,0.1,0.0030214786529541016,0.05665898323059082,0.0500343,0.95634305,5.876292813403944,0.0,0.05629991407194991,0.0,300,0.05390119552612305,0.030735074502554218,0.024103807687659486,117451,5.416299013388142,0.0
414,2.34299635887146,5.871136157553219,1.45030003342351,7.266349834951054,3.5241297877097555,0.0,0.1428929733372823,0.1,0.002937793731689453,0.05818629264831543,0.04984377,0.86037576,5.875777147818871,0.0,0.05095339654566519,0.0,300,0.02721381187438965,0.04549590783787122,0.032424127608172315,117751,5.9872070567619025,0.0
415,2.324007749557495,6.5980312654902535,0.9940923676260455,7.931718533846052,5.367019886407866,0.0,0.1462340416188966,0.1,0.007029294967651367,0.055985212326049805,0.049800016,0.8802942,5.94800255958601,0.0,0.060784173188189856,0.0,300,0.027122974395751953,0.02950664867130353,0.030382368140736853,118051,5.428890862630021,0.0
416,2.301565170288086,5.496641277763706,0.48104375542348915,6.098584428074523,4.760085609739539,0.0,0.13823159155890674,0.1,0.0029206275939941406,0.05615520477294922,0.04994704,1.2944719,5.90286643140378,0.0,0.04604810347517664,0.0,300,0.028142452239990234,0.06948441682015785,0.011064829237494366,118351,5.27300541342339,0.0
417,2.4132707118988037,6.719374865983139,1.04759483331933,8.51375334323355,5.968532026214491,0.0,0.14939324058992448,0.1,0.008447408676147461,0.05763101577758789,0.04990143,0.8586554,5.984517274861716,0.0,0.06221197234953157,0.0,300,0.027972698211669922,0.05876333498623439,0.052854929683457806,118651,5.662888984681952,0.0
418,2.299278497695923,5.86808689354475,1.242367242578795,7.427995347020813,4.038224084503241,0.0,0.14131067717998516,0.1,0.0029065608978271484,0.05696415901184082,0.05036856,0.7623237,5.97287423673002,0.0,0.051006942466444924,0.0,300,0.02697467803955078,0.02891218146234079,0.028315822253537775,118951,5.4993013663187496,0.0
419,2.3691258430480957,6.027825285163001,1.261765984477903,7.350206072862415,4.149630969770303,0.0,0.14340959602908337,0.1,0.003598928451538086,0.056722164154052734,0.04997161,0.8489358,5.978369341573318,0.0,0.05267579128793288,0.0,300,0.027131080627441406,0.02735166975351758,0.025067408579005034,119251,5.50237608444758,0.0
420,2.306244134902954,5.762142471541141,0.9032675533953379,6.637605323561758,4.251161989787957,0.0,0.14318841302864274,0.1,0.0036401748657226562,0.08926796913146973,0.04920585,1.5814732,5.9567466545701,0.0,0.0495946877633575,0.0,300,0.027853012084960938,0.05410949586844516,0.02946372165411712,119551,5.307028643210431,0.0
421,2.2876639366149902,5.61264267350293,0.5482464073356077,6.37328080827806,4.825550821786883,0.0,0.14651761991501175,0.1,0.003285646438598633,0.05899214744567871,0.049157936,1.7254492,5.9223362564633835,0.0,0.04767163809267774,0.0,300,0.027864694595336914,0.018561608786198093,0.024399985120944444,119851,5.203001968515166,0.0
422,2.334522247314453,6.186709332244874,0.28073758062790405,6.668834364301061,5.980218476568296,0.0,0.14658530875529158,0.1,0.0032584667205810547,0.06541895866394043,0.04989197,2.4529626,5.948773564041533,0.0,0.05487960383483201,0.0,300,0.027928590774536133,0.03509795634313607,0.012124223982042683,120151,5.5725492692528915,0.0
423,2.2202308177948,6.451877893568847,0.5047042068492891,7.290964791739189,5.976375809320527,0.0,0.16354067264938718,0.1,0.0030345916748046875,0.07230448722839355,0.04997975,0.683609,5.999083996994265,0.0,0.05843395581729978,0.0,300,0.03922247886657715,0.029735157541538052,0.023576795978497534,120451,5.266323325185397,0.0
424,2.3032424449920654,6.182406703020362,0.44358111647385534,6.771912178974981,5.746671624120462,0.0,0.14799941106125464,0.1,0.0031883716583251953,0.059143781661987305,0.049714252,1.4814829,6.017416267596874,0.0,0.05532449452163336,0.0,300,0.02801227569580078,0.04820355238772177,0.017336518919232803,120751,5.6376537845645,0.0
425,2.2758119106292725,6.211908673969249,0.6118258505728912,7.151523484824634,5.487604538337101,0.0,0.1613671144214779,0.1,0.003095865249633789,0.058062076568603516,0.0499163,0.8037409,6.036865508234111,0.0,0.055541669101847636,0.0,300,0.027783632278442383,0.02172036769728138,0.022624002031330675,121051,5.389765706906785,0.0
426,2.283482313156128,5.718254552827959,0.1933140962045278,6.036827442267595,5.515974418141587,0.0,0.1576403450497298,0.1,0.0030472278594970703,0.05658888816833496,0.049863994,1.2191596,6.005004412693497,0.0,0.04899761166797337,0.0,300,0.03617715835571289,0.013943233211072697,0.013778886784198632,121351,5.713405218478441,0.0
427,2.274702310562134,6.706780713636158,0.45042797613717334,7.275431119699625,6.105898755319727,0.0,0.15615199048421957,0.1,0.003039836883544922,0.0726773738861084,0.050307423,0.66187793,6.075182042787763,0.0,0.061962515636317224,0.0,300,0.027189970016479492,0.053409167837984016,0.016188114317626318,121651,5.406146105356734,0.0
428,2.3409533500671387,6.065322204785951,0.4222050290339885,6.736785925095275,5.684339878066874,0.0,0.14387671436683852,0.1,0.0030896663665771484,0.058794498443603516,0.049601424,1.2222115,6.0741960589875825,0.0,0.05379424336610599,0.0,300,0.026941299438476562,0.03418444121547447,0.03547274243147963,121951,5.292204858401462,0.0
429,2.360314130783081,6.405361537283342,0.5640359465234858,7.035874917575447,5.523487124574102,0.0,0.16280959427588915,0.1,0.002862215042114258,0.056097984313964844,0.04971014,1.3428909,6.107312606817159,0.0,0.057645334915292785,0.0,300,0.027560949325561523,0.014863625530865752,0.015810001505566617,122251,5.302763031747154,0.0
430,2.4224185943603516,6.386630758427168,1.2943393155537637,7.648725271878174,4.262039945574533,0.0,0.14136824068620346,0.1,0.011422157287597656,0.0635688304901123,0.049031757,0.62931013,6.13524442197816,0.0,0.05766217789809202,0.0,300,0.027395009994506836,0.04248820921808201,0.02589559927155483,122551,5.4410091495593145,0.0
431,2.3847389221191406,6.097787022810721,1.0332472773032675,7.7510584966663805,4.965463067896496,0.0,0.15524912896934326,0.1,0.003076314926147461,0.057628631591796875,0.050281417,1.0074973,6.131498682061416,0.0,0.05405922457961562,0.0,300,0.045453548431396484,0.03312705874502466,0.03435135769717618,122851,5.310712867668277,0.0
432,2.340979814529419,5.197183023240088,1.178470669225595,6.338254533006865,3.2344086887998538,0.0,0.14770967135927693,0.1,0.0029959678649902344,0.06047630310058594,0.050363638,0.8387103,6.038067116179283,0.0,0.042014958569443435,0.0,300,0.030079364776611328,0.0506503571246752,0.02051384782814637,123151,5.4360474729937485,0.0
433,2.332537889480591,6.40078883370628,0.5591030758169085,6.966925997232347,5.632743455823972,0.0,0.1601052551384511,0.1,0.003010272979736328,0.057364463806152344,0.050823085,0.63907987,6.074339287931983,0.0,0.05785626486158878,0.0,300,0.031859397888183594,0.02634352191771111,0.026598639256329815,123451,5.512202782587032,0.0
434,2.329165458679199,6.372492058185802,0.4040895412362389,6.961262206920057,5.961884545496851,0.0,0.15678288173664479,0.1,0.003313779830932617,0.057443857192993164,0.050238024,0.7675755,6.104154564957366,0.0,0.05792672974582441,0.0,300,0.027458667755126953,0.03116772763268339,0.025827966029765965,123751,5.515993411766121,0.0
435,2.4018945693969727,5.9468835585784845,0.15770458818057562,6.165496320742946,5.744910599119999,0.0,0.1699082733871398,0.1,0.00295257568359375,0.056986331939697266,0.04978771,0.7225205,6.088427464319478,0.0,0.05204269581396491,0.0,300,0.026920557022094727,0.011088514944971822,0.011712689545113284,124051,5.322053258150923,0.0
436,2.274294376373291,6.515850130778432,0.7395474250970996,7.7799241291705385,5.946251894550715,0.0,0.14544704022452243,0.1,0.0033102035522460938,0.05749392509460449,0.049650833,1.0271621,6.131169730965374,0.0,0.059249596531897535,0.0,300,0.027423620223999023,0.020711477194548324,0.017975771182498032,124351,5.320945012984351,0.0
437,2.2887485027313232,5.735031936091799,1.0572269126548195,7.114327522041171,4.142794094657738,0.0,0.17043944126503283,0.1,0.0031397342681884766,0.05734395980834961,0.04978946,0.885562,6.091555951478017,0.0,0.04898969110493088,0.0,300,0.027915239334106445,0.029335774155059228,0.02452860532993965,124651,5.515130804942463,0.0
438,2.3264260292053223,5.9233309228725055,0.4000025485961447,6.427648037838855,5.519064376016573,0.0,0.16575766126347177,0.1,0.0030069351196289062,0.05760478973388672,0.049889635,0.5627007,6.074733448617466,0.0,0.05141998716947598,0.0,300,0.027991533279418945,0.012333754999533651,0.009933969374495064,124951,4.950728534676025,0.0
439,2.3311283588409424,5.79798086019189,0.5425279115449654,6.704445084360562,5.268566353135918,0.0,0.16185620350891583,0.1,0.0030434131622314453,0.057504892349243164,0.049924795,0.75684965,6.0470581897749085,0.0,0.049693376439329154,0.0,300,0.03916621208190918,0.01460754093905938,0.014862591185428084,125251,5.03361061795153,0.0
440,2.288017988204956,6.33920661926051,1.1914168608716749,8.362966926673153,5.284427800926381,0.0,0.14444456357538968,0.1,0.0030448436737060547,0.05796194076538086,0.05008504,1.167485,6.076273032723469,0.0,0.057257742262424055,0.0,300,0.02714991569519043,0.05925384139966989,0.045461814535791734,125551,5.406973087386871,0.0
441,2.3024282455444336,5.757769097011696,0.9824065129252394,6.67406131274817,4.149518746961131,0.0,0.1502005012372539,0.1,0.0029969215393066406,0.08728528022766113,0.049982104,1.1647606,6.044422639152292,0.0,0.04910512686246265,0.0,300,0.02698993682861328,0.022833622579340577,0.02163034461168879,125851,5.34435046440148,0.0
442,2.346235513687134,6.117597937635109,0.19541811133981976,6.411434208097253,5.871337509537554,0.0,0.1602965941515931,0.1,0.002960681915283203,0.057711124420166016,0.05033503,0.8088598,6.051740169000574,0.0,0.05381203770744387,0.0,300,0.026915550231933594,0.01159212710231099,0.012628758997259812,126151,5.233678315985337,0.0
443,2.3262085914611816,5.97664742286808,1.3799610882220228,7.419375355032827,4.165619600103951,0.0,0.15608395115694695,0.1,0.0029511451721191406,0.05681347846984863,0.04957269,0.9240858,6.044230894387325,0.0,0.052034141330125246,0.0,300,0.02760171890258789,0.03501644460082919,0.032934116782497955,126451,5.4356531580009095,0.0
444,2.3844850063323975,6.241547992495132,0.5215016729508234,7.143324432836492,5.916187955782474,0.0,0.14681675055028087,0.1,0.0031769275665283203,0.09576892852783203,0.049929984,1.6116815,6.063962604198106,0.0,0.055869786011450956,0.0,300,0.02795100212097168,0.011043388572088938,0.010677872865246291,126751,5.502034541811356,0.0
445,2.2731409072875977,7.5310888594982766,0.6200638678120879,8.496861782957271,6.776246485038155,0.0,0.145105345066408,0.1,0.0031158924102783203,0.05844545364379883,0.049818505,0.9090105,6.210675229728123,0.0,0.07328464624801401,0.0,300,0.026922941207885742,0.040377391691758815,0.020557243737058452,127051,4.464594059278709,0.0
446,2.333521842956543,6.271545160150639,0.795333093760469,7.594420096431496,5.509737688604889,0.0,0.14628015425286503,0.1,0.0028994083404541016,0.05921792984008789,0.049560927,1.0245019,6.216762222770376,0.0,0.05609192968244396,0.0,300,0.026873350143432617,0.030233492201440063,0.0223692708863337,127351,5.498284912669615,0.0
447,2.4038941860198975,6.630172313411815,0.9951001409884921,8.158522352788339,5.37208403033977,0.0,0.14236087464874686,0.1,0.002946615219116211,0.05950355529785156,0.049842145,1.5121526,6.25810323183452,0.0,0.061292038373715566,0.0,300,0.030565261840820312,0.034294825057412555,0.03404117596643036,127651,5.106726690668681,0.0
448,2.3018574714660645,6.252760042554398,1.5474961626809989,8.926831432232095,5.235877664344654,0.0,0.14928692795913437,0.1,0.0029900074005126953,0.06120800971984863,0.049550653,0.9661602,6.257568912906508,0.0,0.05568142984673152,0.0,300,0.027551651000976562,0.055719337106490324,0.05130129725562834,127951,5.122902221648757,0.0
449,2.328002691268921,6.5735227885301155,1.1850047602131655,7.808004803890419,4.817473805021667,0.0,0.14798001522994647,0.1,0.0074045658111572266,0.057531118392944336,0.04943959,0.9303933,6.289164300468868,0.0,0.06004233330172758,0.0,300,0.02855396270751953,0.03405694967182871,0.028356131579957256,128251,5.369431502624436,0.0
450,2.369487762451172,6.536617509187948,1.0044236107178035,8.124310020850512,5.557789638878981,0.0,0.14803216946214492,0.1,0.0030689239501953125,0.05844831466674805,0.049687363,0.88833976,6.313909621340777,0.0,0.059463829205980985,0.0,300,0.028531789779663086,0.02750807808149801,0.02464180621016368,128551,5.3168905873080785,0.0
451,2.3659117221832275,6.340557628027283,0.8247591457257971,7.548852806786634,5.506877772014986,0.0,0.14963993110791085,0.1,0.007392406463623047,0.07301878929138184,0.0501919,0.79966676,6.3165744220094275,0.0,0.056874294977658564,0.0,300,0.02764582633972168,0.02752883110538554,0.02625287242937564,128851,5.040975549410426,0.0
452,2.3323822021484375,6.358795017782137,0.5691113336015804,7.130328426635836,5.729043836780964,0.0,0.1585964075723677,0.1,0.0031938552856445312,0.0596928596496582,0.049396407,1.0551534,6.320796481586699,0.0,0.057386233232736755,0.0,300,0.02861332893371582,0.012105378442234633,0.010564094381869112,129151,5.089261593415222,0.0
453,2.2952890396118164,6.809458004095282,0.3417054281705922,7.1810322694352715,6.277743475473451,0.0,0.14599018218490703,0.1,0.00322723388671875,0.05940675735473633,0.049602978,1.1296546,6.3696626338375575,0.0,0.06363307127577292,0.0,300,0.027707815170288086,0.012600105444954853,0.01102986931233478,129451,5.1840876233110995,0.0
454,2.3056962490081787,7.013328577463045,0.9921968298127846,8.4321604036204,5.672176680026882,0.0,0.15243318065652656,0.1,0.003034353256225586,0.058258771896362305,0.049600895,0.9981603,6.434029228200107,0.0,0.06586991945123916,0.0,300,0.02772068977355957,0.028948210210209817,0.02288475847774103,129751,5.191117355631219,0.0
455,2.3415307998657227,5.621394296520951,0.6735173296787236,6.230831318447733,4.5267779174383795,0.0,0.13253596451976402,0.1,0.0030896663665771484,0.058715105056762695,0.04970458,1.3519698,6.352765735032191,0.0,0.04767250694146226,0.0,300,0.02767324447631836,0.04983961103203167,0.019754594728588374,130051,5.586475891123727,0.0
456,2.2691609859466553,6.993351746288275,0.7065243567035032,8.18719346477521,6.341955025049637,0.0,0.14501578693443332,0.1,0.0030586719512939453,0.05917787551879883,0.05014668,1.0637087,6.4168243361577995,0.0,0.06551800967661664,0.0,300,0.027653217315673828,0.021468773434648848,0.022665635849119837,130351,4.929653315726762,0.0
457,2.311633825302124,6.618587461873641,0.5696194177291126,7.269452111643733,5.831762639783227,0.0,0.14412740392064685,0.1,0.003113269805908203,0.09587311744689941,0.049857378,0.78824943,6.437000648729383,0.0,0.060983734654221376,0.0,300,0.027997493743896484,0.02400084307209759,0.023321930108675497,130651,5.143377877629803,0.0
458,2.3738129138946533,6.941766954816744,0.892633153920073,7.860772737257755,5.820448971528462,0.0,0.14968761518618603,0.1,0.003143310546875,0.05900216102600098,0.049687073,1.2218444,6.48747727933812,0.0,0.06514171419174601,0.0,300,0.029665708541870117,0.02116153902568123,0.019695613643520044,130951,5.3775422168171625,0.0
459,2.3380050659179688,6.485115015232801,1.0038011232208517,8.048166042742045,5.366097272157531,0.0,0.14029182942191493,0.1,0.0030951499938964844,0.05896592140197754,0.04942096,0.8761504,6.487241052927588,0.0,0.058813933185760656,0.0,300,0.0285341739654541,0.020199784599175798,0.01894818165504931,131251,5.4399589995766595,0.0
460,2.3267037868499756,7.333756683246385,0.9623320572076317,8.053924066797483,5.686065383431396,0.0,0.15231373733712186,0.1,0.002950429916381836,0.09497237205505371,0.050013438,0.9895392,6.5718926159594675,0.0,0.07016127038289849,0.0,300,0.02621150016784668,0.020886611491600877,0.018427535666945265,131551,5.245005033255366,0.0
461,2.399170398712158,6.346745369378376,0.3954415560571662,6.74693885612008,5.700380269674142,0.0,0.1538844557596722,0.1,0.003055095672607422,0.09941768646240234,0.050203208,0.64507866,6.549377891301359,0.0,0.05727832169399345,0.0,300,0.027978897094726562,0.028250494992719782,0.013986557748155775,131851,5.056439832475448,0.0
462,2.4033043384552,7.38002933830056,0.7409440192385841,8.11225023768608,6.178626203055542,0.0,0.1596342026182592,0.1,0.002967357635498047,0.05964159965515137,0.049667124,0.7759828,6.632443036001279,0.0,0.07089122000974686,0.0,300,0.027850866317749023,0.027634183117160982,0.021561144132966403,132151,5.5282662507103035,0.0
463,2.3810582160949707,7.119213769431142,1.146405690678201,8.59448643623615,5.4240358815482805,0.0,0.15544343304051872,0.1,0.0030493736267089844,0.05773568153381348,0.05029616,0.80455303,6.681120109344265,0.0,0.06757169686062911,0.0,300,0.029134035110473633,0.02595613364446387,0.027634898955905287,132451,5.476909050667955,0.0
464,2.262901782989502,7.451880763028676,1.1844821701424664,8.66618762019351,5.544339074372694,0.0,0.1530072618988815,0.1,0.0030057430267333984,0.05739021301269531,0.049776133,0.8980108,6.758196174712706,0.0,0.07197734301562429,0.0,300,0.02758193016052246,0.027244791556301964,0.02547104488795794,132751,5.706307794605258,0.0
465,2.381021499633789,7.061861875544255,0.8080587672206196,7.7783554386118245,5.790288787625392,0.0,0.14615193464190268,0.1,0.0028433799743652344,0.05593538284301758,0.050195426,1.0884598,6.788562744795861,0.0,0.06692843321392104,0.0,300,0.03321409225463867,0.02626094244989759,0.017572195131617535,133051,5.26169053383627,0.0
466,2.4283254146575928,6.815162446890011,0.5696866762880187,7.639472808927451,6.080247209061574,0.0,0.16389864162402307,0.1,0.0029480457305908203,0.0640709400177002,0.050287258,0.8419653,6.791222715005276,0.0,0.06336754095791229,0.0,300,0.0329742431640625,0.015109950537179976,0.015212411185384222,133351,5.084227342403522,0.0
467,2.365520477294922,6.727892596932046,0.5947696595268307,7.4111286736381015,5.9780331409472005,0.0,0.15268836533947489,0.1,0.003086566925048828,0.08866119384765625,0.050904833,0.66554034,6.784889703197953,0.0,0.062436780530571466,0.0,300,0.027665376663208008,0.008424255273825943,0.0066017451023805025,133651,5.791168582314065,0.0
468,2.363330602645874,6.111817356570051,1.548706843805426,8.677139081953785,4.560703147090783,0.0,0.14552823613701746,0.1,0.003246307373046875,0.05713391304016113,0.04986375,0.7161529,6.717582468535163,0.0,0.054139567471104766,0.0,300,0.05503273010253906,0.08241265395507869,0.07028042163122432,133951,5.645738765773047,0.0
469,2.3695387840270996,6.543279536317504,1.2377277206292747,8.255824194099196,4.9741683621747805,0.0,0.1545556940198651,0.1,0.0030219554901123047,0.060541629791259766,0.049800865,1.0423567,6.700152175313398,0.0,0.0598367081694217,0.0,300,0.0344700813293457,0.03665430947328304,0.03288861912400346,134251,5.275989465823572,0.0
470,2.2981326580047607,6.069209235990907,1.0903147368678747,7.573877767855587,4.9650229513847,0.0,0.15328037769596461,0.1,0.0028951168060302734,0.05687117576599121,0.049813665,0.87402153,6.637057881381148,0.0,0.053864333271836616,0.0,300,0.02762889862060547,0.04220322656287139,0.04262949442854767,134551,5.138181682054649,0.0
471,2.2483816146850586,6.026545764967736,1.0681664631424368,7.50143419947488,4.862996686996006,0.0,0.14810919131800532,0.1,0.003316640853881836,0.059213876724243164,0.049903825,1.0449158,6.576006669739806,0.0,0.05275405953933327,0.0,300,0.028275728225708008,0.02689270823732613,0.026371060009066572,134851,5.62858079600123,0.0
472,2.2812283039093018,6.092623929476055,0.401331066882045,6.507699727466027,5.5822419877702165,0.0,0.1493496970642781,0.1,0.003118753433227539,0.0836641788482666,0.049950868,0.79944956,6.527668395713431,0.0,0.05421935018439776,0.0,300,0.03043842315673828,0.013767303517602357,0.011535104334334138,135151,4.91641902541435,0.0
473,2.302269697189331,6.798533230821581,0.5373197260973734,7.446229415531609,6.047875675635828,0.0,0.15208776691897521,0.1,0.0031211376190185547,0.05729794502258301,0.049923636,1.6776848,6.554754879224246,0.0,0.06303666146176339,0.0,300,0.028099775314331055,0.017859152222548164,0.012636774223823201,135451,5.443086743776347,0.0
474,2.204449415206909,6.408593507379281,0.6624020290424714,7.07888551437959,5.462206579392317,0.0,0.15823938518026892,0.1,0.003161907196044922,0.05924582481384277,0.049835484,0.99859864,6.54013874203975,0.0,0.058132216971299736,0.0,300,0.028067827224731445,0.03370647521927183,0.031713264288471134,135751,5.4339283890575585,0.0
475,2.2395179271698,6.636630285238315,2.075675027653739,9.018921185486006,3.311926626673433,0.0,0.14088140393650905,0.1,0.0032961368560791016,0.05914950370788574,0.049616292,0.61843425,6.549787896359607,0.0,0.06122646561918436,0.0,300,0.028437376022338867,0.08390858273626334,0.07332115152562814,136051,5.758308817301232,0.0
476,2.4436559677124023,6.628038363461268,0.8240466743604699,7.889828672773829,5.822157778009604,0.0,0.1455299189075837,0.1,0.003139495849609375,0.060518503189086914,0.050094306,2.0146885,6.557612943069773,0.0,0.06099201863760489,0.0,300,0.02913641929626465,0.021968599883680332,0.021552971301044048,136351,5.448326948933132,0.0
477,2.2625343799591064,6.987979793786051,1.0064634490004076,8.593866894517035,5.829813580078046,0.0,0.17037142861471444,0.1,0.010843038558959961,0.06464838981628418,0.049941532,0.69981194,6.600649628141401,0.0,0.06578774600145543,0.0,300,0.027683019638061523,0.04215392920835906,0.03359260758882064,136651,5.604953582718507,0.0
478,2.2952170372009277,6.5647636730854,0.5007303538888748,7.37291815078237,6.034122043115731,0.0,0.15031988854512876,0.1,0.003022909164428711,0.05710744857788086,0.050196033,1.6073674,6.597061032635802,0.0,0.05998939983634846,0.0,300,0.027637004852294922,0.03486412961256754,0.013087681796799536,136951,5.064433139520352,0.0
479,2.31369948387146,6.441325185568926,0.8120304817937968,7.265495109761061,5.189676908405942,0.0,0.15615303444663792,0.1,0.0031020641326904297,0.05942082405090332,0.04961562,0.6080204,6.581487447929114,0.0,0.05858526403415372,0.0,300,0.06629514694213867,0.019299082505683244,0.025097495325715032,137251,5.533485634644982,0.0
480,2.3941659927368164,6.6842277144095,0.6099760824744727,7.595881667235639,6.117116962427157,0.0,0.15518620970282282,0.1,0.0030431747436523438,0.06016969680786133,0.05001912,0.7368427,6.591761474577153,0.0,0.06163427684788615,0.0,300,0.027269840240478516,0.023534503204420836,0.01344027121979458,137551,5.630875734127632,0.0
481,2.4569191932678223,6.81394865335111,0.3606564984096004,7.179290552066527,6.223208030703091,0.0,0.1479176216841576,0.1,0.0031435489654541016,0.05702376365661621,0.049586337,1.545094,6.613980192454549,0.0,0.06326778327734747,0.0,300,0.02777242660522461,0.014026944349422553,0.013546611555789631,137851,5.770035085955123,0.0
482,2.389322519302368,6.385751693727736,0.6923240826820338,7.307034917362466,5.441858815603164,0.0,0.15525394668969242,0.1,0.0029659271240234375,0.05727100372314453,0.049717307,0.82935464,6.591157342581868,0.0,0.057744421283105266,0.0,300,0.02773761749267578,0.023349265946762437,0.012855490789608025,138151,5.423524638459344,0.0
483,2.4254226684570312,6.755486018585726,0.7232248088659019,7.876795190884902,6.051249335355502,0.0,0.15468704162923144,0.1,0.0029168128967285156,0.05699586868286133,0.049956463,1.0763083,6.607590210182254,0.0,0.06253679177810893,0.0,300,0.02749490737915039,0.02017737071290565,0.02003733341706674,138451,5.365507449410754,0.0
484,2.393190860748291,6.370141883147011,0.4294224184643743,7.026494287511693,5.849370850714984,0.0,0.1701788638148313,0.1,0.0029289722442626953,0.056446075439453125,0.050147183,0.5699846,6.58384537747873,0.0,0.05749100673886805,0.0,300,0.027505159378051758,0.016011672479001825,0.016431492987947455,138751,5.534631770544771,0.0
485,2.3922605514526367,6.241520808900091,0.9373398358924508,7.631882042532902,4.988941800129081,0.0,0.14321514440060398,0.1,0.0031235218048095703,0.05795001983642578,0.050165627,1.1726974,6.549612920620866,0.0,0.05628235432068755,0.0,300,0.027571916580200195,0.031263370966207196,0.021736896910634636,139051,5.684097978736303,0.0
486,2.3804914951324463,6.539066006430155,0.7857552736421933,7.653242278703206,5.591874995847992,0.0,0.1567709199155275,0.1,0.003089427947998047,0.06090211868286133,0.05016794,1.0482775,6.548558229201795,0.0,0.05976666443484492,0.0,300,0.027753353118896484,0.01966351207861041,0.019604844761771843,139351,5.906358982239517,0.0
487,2.3626444339752197,6.348241053700978,0.8643148507028485,7.719946609311032,5.500203776093454,0.0,0.14564477170168222,0.1,0.011583805084228516,0.06345987319946289,0.049939424,1.0031594,6.528526511651713,0.0,0.05770604300154272,0.0,300,0.02700495719909668,0.021405090127215556,0.017727524405301755,139651,4.846989196777416,0.0
488,2.44075083732605,6.489480494748776,0.8530303604027251,7.458256846873274,5.592954120832531,0.0,0.142715878003791,0.1,0.003015279769897461,0.06676983833312988,0.049830426,1.0397205,6.52462190996142,0.0,0.05923347274316539,0.0,300,0.02767491340637207,0.018647947831165787,0.01687944947452106,139951,5.580031922913073,0.0
489,2.33585786819458,6.32342337720473,0.8586327320032614,7.1520527351594305,4.891357352236021,0.0,0.1424165980310017,0.1,0.003334522247314453,0.0590059757232666,0.05071693,0.61471677,6.504502056685752,0.0,0.05669235453642659,0.0,300,0.027944564819335938,0.01911862157069902,0.01724703192344965,140251,6.276190326008148,0.0
490,2.4153659343719482,6.5437109252149765,0.5512400015102771,7.425162408324134,5.998895486209262,0.0,0.1557527671844142,0.1,0.01062917709350586,0.08593106269836426,0.05018956,1.2019236,6.508422943538674,0.0,0.059689658472329675,0.0,300,0.027791976928710938,0.012118601486859542,0.011663371334340682,140551,5.90174313270395,0.0
491,2.3832406997680664,6.118657583422416,0.8281030677619818,7.379672907725767,5.058467869238666,0.0,0.15686449173638242,0.1,0.0031099319458007812,0.058156490325927734,0.04982644,0.88590187,6.469446407527048,0.0,0.05409434934759462,0.0,300,0.06719064712524414,0.02313483766951576,0.020824248093544145,140851,5.6963038714370535,0.0
492,2.326871871948242,6.328804445708072,0.5745605956139977,7.188688976093693,5.667657735245324,0.0,0.15300811594212607,0.1,0.003182649612426758,0.09354043006896973,0.050404675,0.66116405,6.4553822113451504,0.0,0.057078442603547476,0.0,300,0.02908921241760254,0.013682064623185808,0.012910573133414378,141151,5.7378885714105765,0.0
493,2.333814859390259,6.9097014840884565,0.9915160857402422,7.962349236056254,5.410875736041826,0.0,0.1588489141682314,0.1,0.0030777454376220703,0.05669665336608887,0.049603578,0.86647177,6.50081413861948,0.0,0.06476999322099096,0.0,300,0.02811908721923828,0.037245933090149265,0.02244095891131591,141451,5.929675725524668,0.0
494,2.3324177265167236,7.025237222186359,0.5711166656835243,7.949846786685622,6.390837478367603,0.0,0.15962923706511656,0.1,0.0029878616333007812,0.057312726974487305,0.04978262,0.7998073,6.553256446976169,0.0,0.06624572199944984,0.0,300,0.028777599334716797,0.01615744387011812,0.019063813688381073,141751,5.870096433430796,0.0
495,2.3546767234802246,6.2893866118813415,0.4040027079348716,6.897259226673764,5.789890864313829,0.0,0.1545116134680306,0.1,0.007096290588378906,0.07631611824035645,0.05000148,0.5431777,6.526869463466687,0.0,0.05643177070821609,0.0,300,0.028577327728271484,0.055483581331198566,0.019440856316665804,142051,6.23687307585369,0.0
496,2.4180266857147217,6.61083550677774,0.9962494659678933,7.740307737333911,5.415525507700095,0.0,0.1624367750767207,0.1,0.0030732154846191406,0.057605743408203125,0.050028045,0.691907,6.535266067797792,0.0,0.06037507253514674,0.0,300,0.029568910598754883,0.033835082714008514,0.0382773722559679,142351,6.350575635590359,0.0
497,2.403130054473877,7.011911716064413,0.9258006688741703,8.322176314959076,5.703654731409133,0.0,0.15584019514663117,0.1,0.003056049346923828,0.0571446418762207,0.050180968,0.81070554,6.582930632624455,0.0,0.06587794235229977,0.0,300,0.0282132625579834,0.04981958211065746,0.028373929392894737,142651,5.9690624244718995,0.0
498,2.355642318725586,7.517657154531886,0.4276086270678471,8.220590136071968,7.094637446453766,0.0,0.1479165723009067,0.1,0.0031969547271728516,0.058147430419921875,0.05013463,1.0705428,6.676403284815199,0.0,0.07261056243044428,0.0,300,0.028184175491333008,0.011952100539683748,0.01450807667131828,142951,5.927263416892797,0.0
499,2.3517630100250244,6.9132039405537276,0.8139262946032294,7.92362863433793,5.942245852331113,0.0,0.1621072483512278,0.1,0.0029692649841308594,0.05785799026489258,0.04973718,1.0147668,6.700083350389051,0.0,0.06443453873320343,0.0,300,0.02794933319091797,0.04761552176072976,0.025770557697542724,143251,7.0364158854343986,0.0
500,2.422492027282715,6.662652745943432,0.4494420153906592,7.206916942761436,5.97372781895115,0.0,0.1512345792848419,0.1,0.0030221939086914062,0.09174442291259766,0.04980348,0.9278373,6.696340289944489,0.0,0.06127634762849106,0.0,300,0.027342557907104492,0.01174921491271933,0.011418341403842671,143551,6.283737750329216,0.0
501,2.4566731452941895,6.742600974208869,1.100665664853463,8.640565759804774,5.999576970071061,0.0,0.1596523667182286,0.1,0.002895355224609375,0.05686140060424805,0.05053476,0.8911776,6.700966358370927,0.0,0.062268717130428676,0.0,300,0.029276609420776367,0.0331075375180548,0.02414268794442904,143851,5.897596092729155,0.0
502,2.439020872116089,6.6578758316418964,1.5109609335129028,8.357063013196404,4.634419112631145,0.0,0.15116805381894868,0.1,0.002990245819091797,0.058196067810058594,0.049823474,0.82250303,6.696657305698024,0.0,0.06175578317799775,0.0,300,0.031789302825927734,0.050103482010028545,0.04917521878271659,144151,6.000608513225344,0.0
503,2.4136908054351807,6.6918000137166995,0.8857587412762997,7.570589455401676,5.241433378056319,0.0,0.1527406980623673,0.1,0.0029854774475097656,0.059728384017944336,0.04980989,0.6960675,6.696171576499892,0.0,0.06195514789950829,0.0,300,0.02840137481689453,0.021184824572404403,0.020556397470543598,144451,6.191092589344318,0.0
504,2.4625163078308105,6.247223742622021,0.9436351876556534,7.6539402135043675,5.066545628464805,0.0,0.13250216863774347,0.1,0.0028886795043945312,0.05581855773925781,0.04929491,1.1418365,6.651276793112105,0.0,0.05595954653519527,0.0,300,0.027651071548461914,0.02544214484760275,0.023949657042611486,144751,8.493336130624071,0.0
505,2.2618753910064697,7.416253967456493,1.1365698719195154,8.607914313646932,5.962974788332036,0.0,0.16024992028423282,0.1,0.003203153610229492,0.09273481369018555,0.049952745,1.0219312,6.727774510546545,0.0,0.07167150820689726,0.0,300,0.028684139251708984,0.03581100803687118,0.03086729992480234,145051,6.926895681614865,0.0
506,2.282029628753662,8.10103034846972,0.7373771877318166,8.626350356003305,6.828756227691798,0.0,0.14885942143782027,0.1,0.0031538009643554688,0.05866527557373047,0.049891375,0.97374207,6.865100094338863,0.0,0.0803862142809447,0.0,300,0.027985572814941406,0.03916490536431791,0.01328983560693169,145351,8.769652185058094,0.0
507,2.300950765609741,7.043583537861301,1.0007655941516818,8.623780698545787,5.922589892683103,0.0,0.15897566369161165,0.1,0.003174304962158203,0.058623313903808594,0.05020654,1.4066596,6.882948438691107,0.0,0.06623476120453506,0.0,300,0.028836488723754883,0.058552339967910344,0.03828221302392773,145651,8.97875156395702,0.0
508,2.325326681137085,7.291063423381411,1.0785211256378155,8.927222705869147,6.288781615826002,0.0,0.15457317831217837,0.1,0.0031287670135498047,0.05892515182495117,0.049974795,0.92908394,6.923759937160138,0.0,0.06962392088020376,0.0,300,0.02922844886779785,0.02477690844699735,0.03172187932309546,145951,6.017658903540641,0.0
509,2.400085926055908,6.147702536643022,2.1864889897632493,7.941272144682993,2.5748720925065935,0.0,0.1417317125324891,0.1,0.003114938735961914,0.059684038162231445,0.049984153,0.5385077,6.846154197108427,0.0,0.054505148362358674,0.0,300,0.02832341194152832,0.0697726971437555,0.061714871529013754,146251,5.731908568370854,0.0
510,2.363752841949463,8.186962870258814,1.1142905344190408,9.16346190520569,6.373137430466197,0.0,0.1571615398399246,0.1,0.0034894943237304688,0.06226825714111328,0.049685564,0.9547765,6.980235064423465,0.0,0.0813289640843771,0.0,300,0.02868056297302246,0.04567725492168588,0.022377687013427676,146551,5.887264867170448,0.0
511,2.332878589630127,8.056679400908031,1.5911637478491678,9.506308170518057,5.369350351367031,0.0,0.1608242555668532,0.1,0.003167867660522461,0.06056642532348633,0.049901564,0.87949675,7.0878794980719215,0.0,0.07965173853575634,0.0,300,0.030763626098632812,0.03717173634158415,0.03752919740258757,146851,6.168878368924045,0.0
512,2.3501853942871094,7.333839685015105,0.2450170638516797,7.669819046398682,7.085941080557686,0.0,0.156091558071802,0.1,0.0031843185424804688,0.0673825740814209,0.049965978,0.8178798,7.11247551676624,0.0,0.07012680060883225,0.0,300,0.03235816955566406,0.04809191337462688,0.014967425291063092,147151,6.839129162031809,0.0
513,2.29449200630188,8.749875592513245,0.48479265283064016,9.268374342487622,8.16145672699808,0.0,0.15347992303236072,0.1,0.0029897689819335938,0.058264732360839844,0.05007645,0.838971,7.276215524340941,0.0,0.0887337030684303,0.0,300,0.02956867218017578,0.03619825331327203,0.019232974209495084,147451,7.725695446242754,0.0
514,2.3187856674194336,7.973490592693599,0.2684376974276788,8.199408014174914,7.515507142750992,0.0,0.15369824361561948,0.1,0.0030393600463867188,0.05652618408203125,0.050118826,0.64633024,7.345943031176207,0.0,0.07847575861958976,0.0,300,0.030562639236450195,0.013760923201472701,0.0191958227837905,147751,5.782743648071187,0.0
515,2.3247485160827637,7.1819629112852965,1.1313980825127148,8.520589547150694,5.986257109229131,0.0,0.13979949492109445,0.1,0.003098011016845703,0.05654740333557129,0.049727183,0.6404729,7.329545019187116,0.0,0.06831679535929133,0.0,300,0.028346538543701172,0.057388008217990484,0.020165413278449795,148051,8.704832460670545,0.0
516,2.3120930194854736,7.834124884243064,1.031612364315,9.12706648397644,6.4995687992616356,0.0,0.15186506220631826,0.1,0.0029380321502685547,0.05641961097717285,0.04971312,1.1097581,7.3800030056927115,0.0,0.07682933587047133,0.0,300,0.030302047729492188,0.028792037786729157,0.03502971370728997,148351,6.071065730350466,0.0
517,2.402203321456909,7.347096278858492,2.1840355072080437,9.684981983675273,4.301906962459003,0.0,0.14213588115745382,0.1,0.0030078887939453125,0.05928993225097656,0.050438255,0.5088146,7.37671233300929,0.0,0.07051482745178929,0.0,300,0.0285489559173584,0.0704624303460942,0.05293667366657963,148651,6.124390649361389,0.0
518,2.387510061264038,6.8300325065561704,1.4235968927767921,9.106402331964015,5.194130463262231,0.0,0.1507862396284403,0.1,0.0032618045806884766,0.056912899017333984,0.049806215,1.6897695,7.322044350363979,0.0,0.06361238003917205,0.0,300,0.028374910354614258,0.05070937840373823,0.04408656666537845,148951,8.598622024258015,0.0
519,2.328249216079712,8.399095070303266,0.9260585628747063,9.980748544072954,7.670255046678945,0.0,0.1464953301516701,0.1,0.002907991409301758,0.059720516204833984,0.049749877,1.9247785,7.429749422357908,0.0,0.08459324354054887,0.0,300,0.028486251831054688,0.028755476440284176,0.02236762787877795,149251,6.292730117509289,0.0
520,2.4578797817230225,7.502210110892271,0.4476720347039967,7.917490406324179,6.826317412312512,0.0,0.15954700916931555,0.1,0.0029501914978027344,0.056765079498291016,0.049955945,0.84418803,7.436995491211344,0.0,0.07233793190040806,0.0,300,0.05719590187072754,0.018307441127592947,0.017029719655980567,149551,9.220912243037672,0.0
521,2.286632537841797,8.295049063916538,0.7239746636346202,9.316986128219698,7.321485420969962,0.0,0.15277982776861473,0.1,0.003078937530517578,0.09493637084960938,0.049648754,0.81489795,7.522800848481864,0.0,0.08279518914241707,0.0,300,0.02808403968811035,0.017053031929856088,0.0165935629015717,149851,9.316402982450338,0.0
522,2.302110433578491,7.0593741457358945,0.6130033436116822,7.709467931805774,6.087274432939145,0.0,0.14854208560232146,0.1,0.003437042236328125,0.05958104133605957,0.05040524,0.6341907,7.476458178207267,0.0,0.0667995570772005,0.0,300,0.039490461349487305,0.028816214626717587,0.01413710174657767,150151,7.068643651241703,0.0
523,2.372986316680908,6.755174075080277,1.1516260605139066,8.082387132782257,5.407622425944884,0.0,0.15175062250743004,0.1,0.0034453868865966797,0.06089615821838379,0.049927,0.725525,7.404329767894568,0.0,0.06260952869280512,0.0,300,0.02892279624938965,0.027544846863995567,0.027559498987641207,150451,8.863658503618582,0.0
524,2.341902017593384,7.872716725237745,0.9339320213874045,9.259082847101404,6.977002036639124,0.0,0.15956896486776154,0.1,0.00322723388671875,0.06527018547058105,0.049735773,1.0818479,7.4511684636288855,0.0,0.07704535602946916,0.0,300,0.029056549072265625,0.047492759581596454,0.020417036773285515,150751,10.03923052141985,0.0
525,2.3273983001708984,7.842885049945749,0.8684376098636786,8.923127653548494,6.56930036647746,0.0,0.15307061946603231,0.1,0.0030510425567626953,0.0587313175201416,0.04979474,1.0232065,7.490340122260572,0.0,0.07709521807086805,0.0,300,0.0283660888671875,0.017997900329054305,0.02264439709952447,151051,5.746034888147023,0.0
526,2.2804994583129883,7.064414316155458,1.8206889482425477,9.29202698742545,4.290722011853831,0.0,0.15334190891853489,0.1,0.002997159957885742,0.05889892578125,0.05035396,0.59133804,7.4477475416500605,0.0,0.06683454930091483,0.0,300,0.02861928939819336,0.08314666118569036,0.05383158126300573,151351,6.012458529305893,0.0
527,2.3067476749420166,7.790891550182472,1.106337843500523,8.731395823080305,5.936907323227367,0.0,0.153206306964659,0.1,0.0031137466430664062,0.08822226524353027,0.050027862,0.7924936,7.482061942503302,0.0,0.07634505691526935,0.0,300,0.02910447120666504,0.02824132640250339,0.03273288516617707,151651,8.861645935979384,0.0
528,2.3068337440490723,7.710327167983669,0.7945406544000636,8.73425807399031,6.56500285551134,0.0,0.15094877696502873,0.1,0.003180265426635742,0.06850051879882812,0.050388478,0.82429034,7.504888465051339,0.0,0.07552245808569087,0.0,300,0.028850078582763672,0.024138216701537478,0.013316117691366468,151951,8.700718119599033,0.0
529,2.4688880443573,7.222730660482586,0.8588648456355569,8.65277923826198,6.5118623291357425,0.0,0.15611334230380786,0.1,0.0030274391174316406,0.05860400199890137,0.049351487,0.876523,7.476672684594464,0.0,0.06839146789633466,0.0,300,0.02895832061767578,0.02044340252054683,0.02115059008727557,152251,5.9665334265024095,0.0
530,2.3214943408966064,7.091784848555671,0.5510065809089171,7.651575843396187,6.349632067165004,0.0,0.162818243007096,0.1,0.00312042236328125,0.05851101875305176,0.050005157,0.6869082,7.438183900990585,0.0,0.06662432350267741,0.0,300,0.03198671340942383,0.019636947341928595,0.013371083750522521,152551,11.004564897539824,0.0
531,2.283289670944214,7.863072823010467,1.7278502720209776,10.087823739873084,5.742860770328083,0.0,0.15245367981370866,0.1,0.0031137466430664062,0.06302070617675781,0.049718052,1.1314803,7.480672793192573,0.0,0.07738541526647276,0.0,300,0.02938079833984375,0.05113333570844142,0.04665516191112526,152851,6.690732181363837,0.0
532,2.38175630569458,6.983133480294959,1.1635727943094538,8.635236900023374,5.668587711528691,0.0,0.156325420687563,0.1,0.003157377243041992,0.06144881248474121,0.050080832,1.0428697,7.4309188619028115,0.0,0.06552824654037886,0.0,300,0.02884697914123535,0.017660381458459884,0.017441161062621835,153151,8.64863333399978,0.0
533,2.2805330753326416,8.26547750880993,0.8839699751464645,9.15843762698161,7.167145337210415,0.0,0.15661898061745136,0.1,0.003154277801513672,0.05804920196533203,0.04927746,0.8159083,7.514374726593523,0.0,0.08296417346115922,0.0,300,0.028606653213500977,0.024431950470510135,0.02082562872115769,153451,8.454615538230815,0.0
534,2.3710525035858154,7.901402897722794,0.9240227355128486,8.677796136961891,6.323133823918958,0.0,0.15378397223818505,0.1,0.003046274185180664,0.05763721466064453,0.049952738,0.71358687,7.553077543706451,0.0,0.07759638417092748,0.0,300,0.03083658218383789,0.015357847874374471,0.015039124201649759,153751,8.646141080510322,0.0
535,2.480985641479492,6.653917950902505,0.7846655521156779,7.704835540276494,5.819854264446697,0.0,0.14428731221552032,0.1,0.006020069122314453,0.09209537506103516,0.050047062,0.50613874,7.4631615844260555,0.0,0.06089509659216464,0.0,300,0.029193401336669922,0.042404151631666546,0.0141902919989571,154051,10.928358185494288,0.0
536,2.346343994140625,7.973513053534948,1.2216350443528405,9.789679983410707,6.380568595389681,0.0,0.15846398735502,0.1,0.0029692649841308594,0.05602526664733887,0.049856383,0.85667336,7.514196731336945,0.0,0.07874279784086012,0.0,300,0.029422283172607422,0.03914052784794257,0.03738114293607677,154351,9.0645849254789,0.0
537,2.4532549381256104,7.45253018448885,0.9406831274714741,8.534667980860307,6.372835550984858,0.0,0.14906470670535518,0.1,0.003080606460571289,0.058054447174072266,0.050198674,0.7836042,7.508030076652136,0.0,0.07174931051975898,0.0,300,0.029096126556396484,0.017897793922199923,0.015311458353531258,154651,7.06301643611829,0.0
538,2.4413702487945557,7.247750394401661,0.7901936118057004,8.218315136996786,6.13366147888652,0.0,0.13986969198700006,0.1,0.002953052520751953,0.06043887138366699,0.050303396,0.69731873,7.482002108427088,0.0,0.06904593703463086,0.0,300,0.029112815856933594,0.01688359146738624,0.011106972478013805,154951,7.774828074111892,0.0
539,2.3355305194854736,6.935292651654229,0.7395292518462977,7.914380339352738,6.211357495540595,0.0,0.15715538559102935,0.1,0.0032968521118164062,0.05988955497741699,0.049745377,1.0311083,7.427331162749803,0.0,0.0652526675443176,0.0,300,0.029383182525634766,0.023206548438306617,0.017685784782899654,155251,10.549488034316981,0.0
540,2.3702027797698975,8.227532727916604,1.2567611378829289,9.96246628270021,6.411466362479094,0.0,0.15518913241188295,0.1,0.0032389163970947266,0.058731794357299805,0.04966152,1.0605022,7.507351319266483,0.0,0.08209707256082882,0.0,300,0.035556793212890625,0.05140745607479013,0.026713760971904175,155551,9.500617126990404,0.0
541,2.2865219116210938,8.67292083358113,0.5628233133143613,9.317345910401535,7.887424202286863,0.0,0.16068314435341574,0.1,0.0031228065490722656,0.05888533592224121,0.049556445,0.82549095,7.623908270697949,0.0,0.08790655897436243,0.0,300,0.029584646224975586,0.022159022757533044,0.018424880842325343,155851,11.884366639404485,0.0
542,2.3453567028045654,8.39891164174829,1.4808332689876489,10.168895009071514,6.292190048240507,0.0,0.14591134384514165,0.1,0.0054340362548828125,0.08896780014038086,0.050288003,1.0013895,7.701408607802983,0.0,0.08403269758824153,0.0,300,0.029172897338867188,0.02668525350643679,0.022410883451186612,156151,7.231287661937997,0.0
543,2.4271373748779297,8.135139658377733,1.1516511375860998,9.462508011854908,6.960303927003316,0.0,0.1551852562938196,0.1,0.003190279006958008,0.05852532386779785,0.04970743,0.5960733,7.744781712860458,0.0,0.0805589476471234,0.0,300,0.028946638107299805,0.03352185526545992,0.02800396071883783,156451,10.988685223342985,0.0
544,2.4149022102355957,8.204082084483494,0.8524135821218637,8.939814065014504,6.760112252911405,0.0,0.15465100516487484,0.1,0.0031328201293945312,0.09299516677856445,0.04977696,0.7380833,7.790711750022762,0.0,0.08150520646809667,0.0,300,0.0287930965423584,0.01480695526786735,0.014615191138745999,156751,7.332145371124992,0.0
545,2.37652325630188,7.549624303954579,1.3517373074953092,8.910318041915541,5.418846000009399,0.0,0.16151986657528108,0.1,0.0029985904693603516,0.08403229713439941,0.04980305,0.63663185,7.766603005415944,0.0,0.07277197538786992,0.0,300,0.03670954704284668,0.030221087900886255,0.029159161953902245,157051,9.998581848933,0.0
546,2.389075994491577,8.729701330793578,0.964020357642291,9.996522765704778,7.411353275445432,0.0,0.1598291217906014,0.1,0.003047943115234375,0.05634593963623047,0.04973783,0.8134167,7.862912837953708,0.0,0.08864261860405265,0.0,300,0.028722524642944336,0.024985492520423674,0.019591531900673094,157351,11.391233647737126,0.0
547,2.3930325508117676,8.270215688078512,0.3126040251672305,8.55613228566803,7.764240307294044,0.0,0.15097521342352838,0.1,0.0030705928802490234,0.05613541603088379,0.049610257,1.3762714,7.903643122966189,0.0,0.08264040546631471,0.0,300,0.06376099586486816,0.014465416309382523,0.010582322472746994,157651,10.284586808087239,0.0
548,2.383007764816284,8.136150248566322,0.5295583051471962,8.724786112724544,7.312540963955278,0.0,0.15961348516902377,0.1,0.002994060516357422,0.05801582336425781,0.050274625,0.7238619,7.926893835526203,0.0,0.08065076250123089,0.0,300,0.028769493103027344,0.01419088417809598,0.011838604496670098,157951,6.748856840553262,0.0
549,2.490184783935547,6.4438850975832755,1.5355812631573222,7.689286870900167,3.814968825323776,0.0,0.13433207188157056,0.1,0.0028684139251708984,0.06165885925292969,0.050330866,0.6691287,7.77859296173191,0.0,0.05841262485289067,0.0,300,0.029950380325317383,0.04526985748751801,0.023446629345098165,158251,10.887261730638096,0.0
550,2.4252212047576904,7.5334082263844415,1.0398165475876704,8.398599691347528,5.772176508400679,0.0,0.15833196925313436,0.1,0.0029342174530029297,0.08642387390136719,0.050226294,0.5263106,7.754074488197163,0.0,0.07293309536953327,0.0,300,0.029112815856933594,0.03885991811029102,0.03786102249090548,158551,7.119012501263779,0.0
551,2.4349169731140137,8.906106432852908,0.8011360290354652,9.56111974708143,7.534507275399928,0.0,0.15162244420117876,0.1,0.011774778366088867,0.06609225273132324,0.05050586,1.30332,7.869277682662737,0.0,0.09076550697982913,0.0,300,0.028759002685546875,0.04761446384847136,0.016629861858161277,158851,9.984352703929604,0.0
552,2.500377893447876,7.5507617211323,0.6897493703505145,8.476294833302147,6.67878599406631,0.0,0.15973464595744313,0.1,0.003111124038696289,0.08841872215270996,0.04977291,1.3939456,7.837426086509694,0.0,0.07277095597313515,0.0,300,0.027470111846923828,0.036686469228442826,0.019568397133945727,159151,10.233625452770479,0.0
553,2.3633015155792236,7.996830745295712,0.22608392005934974,8.227606439235565,7.726889111498084,0.0,0.1585559780729409,0.1,0.003387928009033203,0.0582585334777832,0.04996092,0.70014936,7.853366552388296,0.0,0.07897014939618402,0.0,300,0.029156208038330078,0.013086541498896319,0.018595158544144643,159451,11.085436436805873,0.0
554,2.318662643432617,7.748828947010605,1.010033853688352,8.725208963966326,6.095498593616371,0.0,0.14985605660926657,0.1,0.003261089324951172,0.057105302810668945,0.049662426,0.8325086,7.8429127918505275,0.0,0.0756727784616042,0.0,300,0.030105113983154297,0.021967158242239018,0.019762310249366644,159751,10.61306459352035,0.0
555,2.4748244285583496,8.087481289885186,0.8345978216503995,8.87630486439618,6.6860151646492,0.0,0.14953415954904084,0.1,0.0031723976135253906,0.056970834732055664,0.049722727,0.9868162,7.867369641653994,0.0,0.07986358200264793,0.0,300,0.04156136512756348,0.019299603708060442,0.01765171538611756,160051,9.97390358883497,0.0
556,2.3321871757507324,9.087874304315958,0.23947003641776204,9.492178307231148,8.899538859383949,0.0,0.1551092273015488,0.1,0.003104686737060547,0.06001734733581543,0.04965006,0.93363243,7.989420107920191,0.0,0.09339647922844649,0.0,300,0.05421876907348633,0.012322801269090477,0.00938873647067778,160351,7.399755245939917,0.0
557,2.416198253631592,7.640883647251263,0.8802038476621136,8.369486750194435,6.180358393613853,0.0,0.15384448874133536,0.1,0.0031805038452148438,0.05695605278015137,0.049824215,0.6204232,7.9545664618532985,0.0,0.07396577486542878,0.0,300,0.03410029411315918,0.026932957096595486,0.014686300301353537,160651,7.296976295216491,0.0
558,2.3277535438537598,7.7655244103888315,1.1148001071018085,8.464824877576019,5.835990061453968,0.0,0.14975085925546422,0.1,0.0031533241271972656,0.05733656883239746,0.04984504,0.7347398,7.935662256706852,0.0,0.07605071753184928,0.0,300,0.029433727264404297,0.026041475742651126,0.02811718441920978,160951,6.996134289376827,0.0
559,2.355433225631714,8.66092481193369,1.0182621523681186,9.956759572679358,7.3667853570455275,0.0,0.14729664740446693,0.1,0.0032372474670410156,0.057411909103393555,0.049822565,1.0904567,8.008188512229536,0.0,0.08775503229540066,0.0,300,0.02936697006225586,0.03652431629701231,0.018025441094820925,161251,7.315929389883279,0.0
560,2.429610252380371,8.094733325602364,1.2889681118605967,9.801658169097957,6.2361541833396394,0.0,0.15196381989330082,0.1,0.0031960010528564453,0.05738568305969238,0.050645757,1.0693526,8.016842993566819,0.0,0.07993006305282449,0.0,300,0.028989315032958984,0.017946972875080756,0.02254440838658561,161551,7.534876139831636,0.0
561,2.4583377838134766,9.019801798363968,0.6248635211262326,10.063564754491646,8.407800598457554,0.0,0.15776098678839104,0.1,0.003142833709716797,0.05736684799194336,0.05025169,1.362002,8.117138874046534,0.0,0.09240608655192645,0.0,300,0.03176689147949219,0.012285425998002097,0.010033521080785944,161851,6.5487345631509895,0.0
562,2.3993313312530518,8.44598907357539,0.9741309218974271,9.871179024313765,7.137893159702924,0.0,0.15318746537269773,0.1,0.0031659603118896484,0.057272911071777344,0.049888313,1.0037612,8.15002389399942,0.0,0.0846223761053019,0.0,300,0.029131174087524414,0.019901625529876222,0.019515056802816164,162151,6.362974196583841,0.0
563,2.348926067352295,8.01033008858225,0.6719378832376337,8.956573793994865,7.238899495258111,0.0,0.15442606767729672,0.1,0.003166675567626953,0.0571894645690918,0.050183654,0.78090537,8.136054513457703,0.0,0.07929392781139738,0.0,300,0.030046701431274414,0.016119428230410394,0.01370753078083133,162451,6.9811012710114495,0.0
564,2.357942819595337,8.632565132893479,0.9287541764377256,10.045324114651217,7.4371168525710445,0.0,0.15553725705519003,0.1,0.003265380859375,0.05946755409240723,0.050543964,0.8690773,8.18570557540128,0.0,0.08741465910226659,0.0,300,0.029834985733032227,0.012420578787325715,0.012052916022527022,162751,10.228044559662822,0.0
565,2.4395182132720947,8.24113475963898,0.7417727108794653,8.890479569674678,6.999662595721393,0.0,0.1469043146461481,0.1,0.0033063888549804688,0.05953502655029297,0.050822455,0.7930811,8.19124849382505,0.0,0.08201357699276199,0.0,300,0.03158974647521973,0.016247269650649453,0.014903197596879626,163051,6.3323084145920605,0.0
566,2.3435685634613037,8.085612467951725,1.1700449215934328,9.585085193942158,6.572872494209853,0.0,0.15380021574896532,0.1,0.00322723388671875,0.09462404251098633,0.05003137,0.86887103,8.180684891237718,0.0,0.08012160721688694,0.0,300,0.031626224517822266,0.029459200677936413,0.022558281579980036,163351,7.681867342932751,0.0
567,2.3252320289611816,8.187299645024858,0.8538074520511335,9.232778027573614,7.061847843492348,0.0,0.15806393892810466,0.1,0.0032672882080078125,0.059526920318603516,0.050131697,0.82114774,8.181346366616431,0.0,0.0815196872816929,0.0,300,0.02953338623046875,0.016304627005768395,0.017280301184273317,163651,10.946645111867126,0.0
568,2.354412794113159,7.917029911396387,0.9508445430656394,8.89662667227401,6.432448914619652,0.0,0.1396354324961658,0.1,0.0032160282135009766,0.09283328056335449,0.049756482,0.8956325,8.154914721094427,0.0,0.07783080730560799,0.0,300,0.027234554290771484,0.02405043322971849,0.015103666973986473,163951,9.917767464720653,0.0
569,2.363504409790039,7.289245932239064,0.6712422263763468,8.120867040358156,6.248649366144197,0.0,0.14360085274429024,0.1,0.0031194686889648438,0.058492183685302734,0.04971441,1.3523799,8.06834784220889,0.0,0.06999859404372255,0.0,300,0.02940535545349121,0.030647663759879196,0.01376763003499803,164251,7.617501308368844,0.0
570,2.3536055088043213,8.100702827182749,0.7930108489537616,8.803129141485492,6.791675630801377,0.0,0.14356769585884518,0.1,0.007842063903808594,0.09742593765258789,0.049541507,1.0281492,8.071583340706276,0.0,0.08080070681975188,0.0,300,0.030341625213623047,0.010482135168743155,0.014450873463652859,164551,10.999198885551637,0.0
571,2.3217408657073975,7.291859701609874,1.927629054722082,9.917107692972824,4.513960703009902,0.0,0.14424788097855937,0.1,0.0031998157501220703,0.05926108360290527,0.049208667,0.66830164,7.993610976796636,0.0,0.0696949022827947,0.0,300,0.02952122688293457,0.04645850653766056,0.04382273555681971,164851,10.462853939705353,0.0
572,2.3411872386932373,8.873850760229168,0.5988886501410464,9.704332868573243,8.091167925280486,0.0,0.14766046688827045,0.1,0.0031671524047851562,0.05941033363342285,0.050046023,1.1609322,8.081634955139888,0.0,0.09050736318364172,0.0,300,0.029619455337524414,0.024214559305056445,0.010261300191781224,165151,6.230035361850656,0.0
573,2.4478814601898193,6.469406004839387,0.8529259034697794,7.816808021058731,5.721033414159953,0.0,0.14911355813535476,0.1,0.003058910369873047,0.05891847610473633,0.050090574,0.8888756,7.920412060109839,0.0,0.059080355400209325,0.0,300,0.0320284366607666,0.11309621426963838,0.04550224881063004,165451,7.317616120785953,0.0
574,2.3993213176727295,8.419157458399813,1.2027780422499987,9.773479893032235,6.589322961615886,0.0,0.16281880900424184,0.1,0.003133058547973633,0.0592041015625,0.049851134,0.8970155,7.970286599938836,0.0,0.08451804153564192,0.0,300,0.029317855834960938,0.038312620346394814,0.048112103269331165,165751,7.513544440496498,0.0
575,2.4292962551116943,8.208929804278897,1.0288827535550291,9.481688307504538,6.656886754612671,0.0,0.15048447940501172,0.1,0.0031032562255859375,0.06439518928527832,0.04989966,1.3889575,7.994150920372842,0.0,0.08163760620031174,0.0,300,0.05281805992126465,0.03108026447983871,0.016689566684076073,166051,6.499295883523605,0.0
576,2.477973699569702,8.73172690485799,1.4710520693802163,10.59444863262655,6.47271114084428,0.0,0.1587054478884221,0.1,0.003171205520629883,0.061629295349121094,0.05003767,0.8934839,8.067908518821357,0.0,0.08895855786069205,0.0,300,0.02942061424255371,0.03111862920790969,0.02824705984264157,166351,5.694447606745192,0.0
577,2.4441637992858887,7.441039987329526,1.6057552908225163,8.723146449089864,4.716903828185021,0.0,0.13668907141861175,0.1,0.003107786178588867,0.058779001235961914,0.05031421,0.5064171,8.005221665672174,0.0,0.07155726483962231,0.0,300,0.029175758361816406,0.04799967880561973,0.03987127168445179,166651,6.889569965820319,0.0
578,2.514483690261841,6.981461434517233,0.4864228749951457,7.763156958282359,6.506382934935605,0.0,0.13950298587361343,0.1,0.0031294822692871094,0.058820486068725586,0.050480183,0.52960885,7.902845642556681,0.0,0.06538240932654343,0.0,300,0.029356718063354492,0.04592717339921887,0.018240463570210586,166951,6.5735370108050075,0.0
579,2.4444892406463623,8.120653706991034,1.3233525661568097,9.616897654876569,6.016809866739747,0.0,0.1472386221613894,0.1,0.008191823959350586,0.07921266555786133,0.050146636,1.1601518,7.924626449000117,0.0,0.08045889581349819,0.0,300,0.029874086380004883,0.03953822729847762,0.03277283654602478,167251,6.720495446690703,0.0
580,2.5148282051086426,7.625590785320477,1.4707263630893077,9.301398771875448,5.643598044735662,0.0,0.1480865157875658,0.1,0.0030269622802734375,0.057149648666381836,0.050083622,1.3203212,7.894722882632154,0.0,0.07398042402069917,0.0,300,0.030352354049682617,0.027476080909654112,0.02868237101770148,167551,6.196163952436295,0.0
581,2.468571186065674,7.560022858620229,1.4352016726482266,9.42328209925628,5.70585084616551,0.0,0.14247826866995603,0.1,0.0030803680419921875,0.057387351989746094,0.049892083,1.1124599,7.861252880230962,0.0,0.07301634563966677,0.0,300,0.031102418899536133,0.02290401958284495,0.020592101842699384,167851,5.902084801664484,0.0
582,2.4624547958374023,8.324550857355412,1.401288522844574,9.587049627547897,5.962622539403824,0.0,0.14824815124034138,0.1,0.003197193145751953,0.060036420822143555,0.050252255,0.74486446,7.907582677943408,0.0,0.08317647210248048,0.0,300,0.06094670295715332,0.02801029349422989,0.01890048119375539,168151,10.927406971075243,0.0
583,2.4785573482513428,8.136018609823417,0.7806979624595787,9.177476753368557,7.350883022793643,0.0,0.15064882955177228,0.1,0.0031232833862304688,0.05783200263977051,0.04985706,0.95529795,7.930426271131409,0.0,0.08079029610257883,0.0,300,0.031206607818603516,0.01362405951893205,0.013973041867308881,168451,10.089159619323016,0.0
584,2.4613184928894043,8.218101370740028,1.735937197939923,10.613279966182812,6.223144584769728,0.0,0.1469403296956196,0.1,0.003216981887817383,0.06167483329772949,0.050144177,1.2655289,7.959193781092271,0.0,0.0817301590945012,0.0,300,0.03303027153015137,0.04467642170327329,0.037380411964919556,168751,11.232861401445247,0.0
585,2.408107280731201,7.2893490896615445,1.2117957542939661,9.321441950920967,6.157870165128226,0.0,0.14794596347701966,0.1,0.003195047378540039,0.08671879768371582,0.04995298,0.8139158,7.892209311949198,0.0,0.0698347834069109,0.0,300,0.031803131103515625,0.043884163434719424,0.038541326331612544,169051,7.414651836081771,0.0
586,2.369128704071045,9.40437924683182,0.2994580435523966,9.80834894403936,9.009956487078172,0.0,0.1523333286735127,0.1,0.003191232681274414,0.06700348854064941,0.050137535,0.6882903,8.04342630543746,0.0,0.09735094932410232,0.0,300,0.03155016899108887,0.05839952121346615,0.019230645692660035,169351,11.04841766090003,0.0
587,2.5205204486846924,7.426274144382045,1.9493187056947383,9.290563457807645,4.299416682196446,0.0,0.1446783641935641,0.1,0.013459205627441406,0.05697321891784668,0.050452888,0.76855123,7.9817110893319185,0.0,0.07122080302435693,0.0,300,0.03012847900390625,0.034003397628442074,0.048869754422366,169651,10.424403452252877,0.0
588,2.389198064804077,8.08585167103968,1.970285024736594,10.927850291621219,5.502982019672411,0.0,0.14815830311277473,0.1,0.0031578540802001953,0.059847116470336914,0.049976725,0.7121265,7.992125147502695,0.0,0.08023817813061795,0.0,300,0.0423588752746582,0.038673268248593524,0.030599797501898188,169951,10.264819760283514,0.0
589,2.4331915378570557,8.027083871469026,1.0742210336619245,9.41538838438711,6.841636514913407,0.0,0.1577415842694844,0.1,0.0029866695404052734,0.05666685104370117,0.04992809,0.7566231,7.995621019899328,0.0,0.07898604761423177,0.0,300,0.02869248390197754,0.018765958321920004,0.0198303267607356,170251,9.591883241195942,0.0
590,2.386448383331299,8.92083510874666,0.6201283401552411,9.878029452139797,8.18469238987023,0.0,0.14539619960423739,0.1,0.0032427310943603516,0.05677008628845215,0.05028466,0.70086515,8.088142428784062,0.0,0.09109806886808608,0.0,300,0.027076244354248047,0.01649578835840153,0.011682106117875454,170551,9.571847714509627,0.0
591,2.460580587387085,8.3743036056551,0.874771616718663,9.242791462442531,6.937995866460084,0.0,0.14857849005589793,0.1,0.0029866695404052734,0.05690765380859375,0.050266653,0.87162405,8.116758546471166,0.0,0.08402643508522409,0.0,300,0.028681278228759766,0.013054640221711374,0.013224249875875652,170851,11.64812123388772,0.0
592,2.407092571258545,9.70611090097588,0.29996526405371093,10.080411851133174,9.312629315610598,0.0,0.15946279580359302,0.1,0.00304412841796875,0.05703568458557129,0.049975697,0.8197267,8.275693781921637,0.0,0.10141133354547607,0.0,300,0.028736591339111328,0.029971811229225816,0.011076661124250733,171151,11.747665973127523,0.0
593,2.393669605255127,7.820832289738606,0.9075708503273496,9.089568732514444,6.922073306705965,0.0,0.14788529396161462,0.1,0.003061532974243164,0.07617688179016113,0.049825355,0.7877078,8.230207632703335,0.0,0.07728662659039882,0.0,300,0.03499197959899902,0.06396807031755065,0.022721163810821773,171451,9.471569496342639,0.0
594,2.4317843914031982,7.810123771121272,0.8112568767022377,8.626371615317998,6.558978840890734,0.0,0.14568123177510872,0.1,0.0031168460845947266,0.06827616691589355,0.04949837,0.71979606,8.188199246545128,0.0,0.07628426978599179,0.0,300,0.03931164741516113,0.021652327443041547,0.02424340525861653,171751,11.135662382782266,0.0
595,2.404146671295166,8.867959276050687,0.37605720148026783,9.447983279214093,8.397973546898806,0.0,0.14213134917215967,0.1,0.0032050609588623047,0.06041526794433594,0.050251376,0.9381377,8.256175249495685,0.0,0.09022285793318068,0.0,300,0.029631376266479492,0.03196161912923684,0.012927089062789335,172051,10.974868634919085,0.0
596,2.4513895511627197,8.715408135857503,0.9387903888769173,9.564025446893195,7.191611673534211,0.0,0.15640997619564662,0.1,0.0030558109283447266,0.09196925163269043,0.049038902,1.0978385,8.302098538131867,0.0,0.08821693565232647,0.0,300,0.032414913177490234,0.014689857781077686,0.01738482060535679,172351,11.541693382698176,0.0
597,2.3246512413024902,8.78201230226998,0.5831096290654066,9.416416568556029,8.086517441499357,0.0,0.16031357077647027,0.1,0.003032684326171875,0.05648183822631836,0.05007053,1.1743774,8.350089914545679,0.0,0.08946152471608158,0.0,300,0.02881026268005371,0.014922912556567526,0.01173985348023966,172651,11.379857626267693,0.0
598,2.3837411403656006,9.19908368881319,0.4570876274928063,9.95481188117335,8.724739200558856,0.0,0.15169930885734684,0.1,0.0029740333557128906,0.056502342224121094,0.049703397,1.1728578,8.43498929197243,0.0,0.09494929759386453,0.0,300,0.02902507781982422,0.012062805566260085,0.011910651955361118,172951,9.85727256384848,0.0
599,2.430555820465088,8.804169736068296,0.7996239035922068,9.498820027302862,7.4447540239129735,0.0,0.14214937699212754,0.1,0.00335693359375,0.057172536849975586,0.049803223,0.61022717,8.471907336382017,0.0,0.08948069664424685,0.0,300,0.03396415710449219,0.01937844232956986,0.01522857336388891,173251,10.886395634746242,0.0
600,2.443505048751831,5.889450956797681,2.096636631876888,8.952201774572655,3.2102356371225063,0.0,0.13956290410945277,0.1,0.0029802322387695312,0.05689191818237305,0.050305493,0.45729446,8.213661698423584,0.0,0.05096414778139011,0.0,300,0.05280900001525879,0.12752817401184194,0.06656617168820353,173551,11.885232553812246,0.0
601,2.461432933807373,8.243501138480067,0.5263624460360439,8.843125522119594,7.5687961489736155,0.0,0.14733473613153752,0.1,0.003381490707397461,0.058929443359375,0.05012001,0.72921336,8.216645642429233,0.0,0.08218995660985925,0.0,300,0.028975963592529297,0.02036831567762812,0.02532588279655818,173851,9.280018766127517,0.0
602,2.4872426986694336,8.596320643872216,0.382095780790215,9.104991959981252,8.147982488924194,0.0,0.15458687232118976,0.1,0.003051280975341797,0.058567047119140625,0.050266348,1.0808151,8.254613142573533,0.0,0.08647182205427392,0.0,300,0.032415151596069336,0.02310324486024509,0.012175269232285514,174151,10.21798968339706,0.0
603,2.4939210414886475,7.433594109984261,2.0181491458634353,9.884484443415312,5.3600778927254495,0.0,0.14543110921774222,0.1,0.003075838088989258,0.09441328048706055,0.049448244,1.4067907,8.172511239314606,0.0,0.07119353443872331,0.0,300,0.029404878616333008,0.05477277718260843,0.05012722608425184,174451,6.5594624484744815,0.0
604,2.354159355163574,8.320169773737607,0.7124316843738365,9.307358082032632,7.490818781547933,0.0,0.14691213846511264,0.1,0.00350189208984375,0.05901288986206055,0.05007914,2.4707942,8.187277092756906,0.0,0.08320849133810088,0.0,300,0.02963566780090332,0.017389228557713774,0.01594661342404753,174751,10.73389275670788,0.0
605,2.4295413494110107,8.826484577151284,0.6782460552202261,9.372981989853244,7.664432199489443,0.0,0.1462812587458412,0.1,0.006905317306518555,0.05897212028503418,0.050034706,0.73303455,8.251197841196344,0.0,0.0896102804502748,0.0,300,0.030226945877075195,0.01563866267588544,0.010219402573501261,175051,6.549794415938283,0.0
606,2.356841802597046,9.650363961868859,0.4903770240191268,10.176851088092185,8.963084079666507,0.0,0.1440940879051093,0.1,0.003105640411376953,0.059615135192871094,0.0497599,1.2908751,8.391114453263596,0.0,0.10081370863109254,0.0,300,0.03048563003540039,0.01673244067225211,0.013572448190603234,175351,6.518717866547395,0.0
607,2.4913949966430664,7.885599076436035,1.4730726353717665,9.763562013462584,5.6924854652247445,0.0,0.1420950268052336,0.1,0.003232240676879883,0.06517887115478516,0.049795035,1.232439,8.34056291558084,0.0,0.0775171220819606,0.0,300,0.029278039932250977,0.05813210535556994,0.026182506126134507,175651,7.190751180144599,0.0
608,2.4003922939300537,7.3676658136275845,2.3659373875965217,9.643186437280212,3.428464476538909,0.0,0.14252202901525504,0.1,0.003102540969848633,0.05791640281677246,0.049838383,0.61221504,8.243273205385515,0.0,0.07050150829182146,0.0,300,0.028861522674560547,0.05142353657353599,0.04979491555405349,175951,6.033241130635932,0.0
609,2.4082109928131104,9.074988348184883,1.3598050132972237,10.776427621226864,7.056412318040134,0.0,0.14686863574312636,0.1,0.0030875205993652344,0.057097673416137695,0.049381822,0.7478573,8.326444719665451,0.0,0.09312086739757144,0.0,300,0.02926158905029297,0.05177340977055396,0.024934932859130326,176251,9.835124235744837,0.0
610,2.4266912937164307,7.718697135085719,1.5836073285836831,9.369108894533756,5.83738435494277,0.0,0.14624494299890434,0.1,0.002947568893432617,0.08594393730163574,0.049451675,1.4569438,8.265669961207479,0.0,0.07536482984984413,0.0,300,0.029584646224975586,0.03588379493379387,0.04044173649215905,176551,6.0711596278215465,0.0
611,2.358738422393799,8.174099935528798,1.214140869445394,9.351648558656073,6.141343668894408,0.0,0.15170446118740377,0.1,0.0031118392944335938,0.05850648880004883,0.050421644,0.7507842,8.256512958639611,0.0,0.08142095494312052,0.0,300,0.029503345489501953,0.03520869557703086,0.029039603333118193,176851,6.600891564838734,0.0
612,2.4440805912017822,8.858893090916773,1.0279561812814464,10.201649714430394,7.387310476821249,0.0,0.15287453823570832,0.1,0.0032176971435546875,0.08848690986633301,0.04995584,1.0531635,8.316750971867329,0.0,0.09026271543506723,0.0,300,0.03198385238647461,0.023634431582954783,0.01909557867345717,177151,7.579061989242352,0.0
613,2.4311532974243164,8.24329505772443,0.7032044762695789,9.025513991532035,7.116757777689945,0.0,0.14894073578380232,0.1,0.003009319305419922,0.08727836608886719,0.04975817,2.4191985,8.309405380453038,0.0,0.08197623499397963,0.0,300,0.028831005096435547,0.011177249298602874,0.01190640088748764,177451,6.214481299074649,0.0
614,2.3220160007476807,8.294503813384946,1.8559253273633316,9.680806858502214,5.102240712012588,0.0,0.13777853844831722,0.1,0.003175973892211914,0.058663368225097656,0.049860477,1.0388901,8.307915223746228,0.0,0.08298435046746068,0.0,300,0.02968120574951172,0.03466099996360041,0.03304587851344605,177751,6.049446441565135,0.0
615,2.348177909851074,8.123763290847817,0.7453004140794638,9.109733829456507,7.205546720112364,0.0,0.14456271223123549,0.1,0.003096342086791992,0.06062746047973633,0.049848516,0.95519716,8.289500030456388,0.0,0.08107530412568863,0.0,300,0.028705358505249023,0.02793998785738713,0.02097751329255131,178051,7.4823167429030795,0.0
616,2.4078543186187744,7.752850145917022,1.292709275073028,9.388514632061238,6.299444997308294,0.0,0.145595342340515,0.1,0.0036869049072265625,0.05710768699645996,0.050459035,0.6583884,8.235835042002453,0.0,0.07563057365622758,0.0,300,0.029063940048217773,0.025180524353078052,0.02435189125068779,178351,6.505481268153976,0.0
617,2.361381769180298,9.076911590802831,0.42393034153090964,9.677369984500658,8.677202028846903,0.0,0.15738697729974915,0.1,0.003050565719604492,0.05705428123474121,0.04982039,1.2927907,8.31994269688249,0.0,0.09304311999287858,0.0,300,0.03003072738647461,0.02782282102756121,0.013782541688954477,178651,7.125345998097146,0.0
618,2.4521825313568115,9.077773135274002,0.567108570608139,9.597089025499288,8.151099555361204,0.0,0.14200359158885642,0.1,0.00684356689453125,0.05786752700805664,0.049724035,1.9631207,8.395725740721643,0.0,0.09298311679921847,0.0,300,0.06581258773803711,0.010685871668852388,0.01074163604739159,178951,9.580985421511485,0.0
619,2.391688108444214,8.88168474955349,0.5069487422749926,9.384855171509654,8.045638649282752,0.0,0.14597392373852236,0.1,0.002876758575439453,0.05697345733642578,0.050139345,1.0057575,8.444321641604827,0.0,0.09035070378503264,0.0,300,0.02908015251159668,0.012708157244452482,0.009184475007532302,179251,6.289366754624225,0.0
620,2.459197998046875,9.081102546903425,0.7066447391188478,9.995971160560968,8.138726980314708,0.0,0.15363442372874125,0.1,0.0029642581939697266,0.05631732940673828,0.049943984,0.7073701,8.507999732134687,0.0,0.0929505395832802,0.0,300,0.0513608455657959,0.01406723941237621,0.014384065141825478,179551,9.149649548200355,0.0
621,2.5073201656341553,8.420152117235196,1.1086668063411096,9.307787705195146,6.536648701234875,0.0,0.1472038855438409,0.1,0.0029325485229492188,0.06033039093017578,0.048643764,0.51145947,8.499214970644738,0.0,0.0845323504112029,0.0,300,0.03973746299743652,0.03058625278099271,0.023898059670924357,179851,10.126888810654146,0.0
622,2.555771827697754,8.301274198932765,1.4090378868826146,9.60735605004566,5.924485755657941,0.0,0.14525380896546553,0.1,0.0029137134552001953,0.057118892669677734,0.050274435,0.6353468,8.479420893473542,0.0,0.08276270389995202,0.0,300,0.029605627059936523,0.021571768377274675,0.020298391075312547,180151,7.471225113516399,0.0
623,2.3069887161254883,8.1196504821423,1.1623828712299793,8.870227917262648,6.110163139409508,0.0,0.1539460391434103,0.1,0.003448486328125,0.06099963188171387,0.049855497,0.82249135,8.443443852340417,0.0,0.08068015056798757,0.0,300,0.029829740524291992,0.03760167973104954,0.03032220851811953,180451,6.584497290696266,0.0
624,2.431042194366455,7.505068413784183,1.5013628416501834,9.300666465674304,5.374715202745578,0.0,0.14859618210282804,0.1,0.0031905174255371094,0.05970573425292969,0.05011637,0.75737995,8.349606308484795,0.0,0.07246114432329381,0.0,300,0.029945850372314453,0.03829237878890706,0.033830758422412434,180751,6.520921334434161,0.0
625,2.489908218383789,7.361614660139125,1.2246619269292545,9.40165944373855,6.139840883019932,0.0,0.14591989158384083,0.1,0.003144502639770508,0.0591890811920166,0.050020933,0.9103778,8.250807143650228,0.0,0.07068662943394412,0.0,300,0.02954840660095215,0.02584385223370777,0.02592976893769422,181051,8.822250691973212,0.0
626,2.3929495811462402,8.495896888622031,1.0932110893699776,10.078749669254295,7.314971366588197,0.0,0.14820369180970314,0.1,0.0030231475830078125,0.062432050704956055,0.049666446,0.9190628,8.275316118147408,0.0,0.08555331780237044,0.0,300,0.028978586196899414,0.04107968188264175,0.017979304755595147,181351,8.521945843364152,0.0
627,2.4704325199127197,8.37519323493363,1.6292929954645847,10.748958124904133,6.463338175433711,0.0,0.14463850335800477,0.1,0.003060579299926758,0.06825494766235352,0.04961141,1.0050391,8.28530382982603,0.0,0.08407661862954184,0.0,300,0.02901768684387207,0.03134375303783554,0.03471867306587259,181651,6.142617571958453,0.0
628,2.4139959812164307,8.723411593914474,0.6298823552102918,9.7599255630945,8.069928065275624,0.0,0.1512325918088812,0.1,0.0031065940856933594,0.0574648380279541,0.049920946,1.071767,8.329114606234876,0.0,0.08826183207708181,0.0,300,0.02897334098815918,0.012614087562738742,0.007773224796313097,181951,5.518118928827316,0.0
629,2.3509130477905273,8.38733394923996,1.652250974640255,10.752537765775601,6.1670467583940445,0.0,0.14176262836389006,0.1,0.0031671524047851562,0.06017613410949707,0.050154407,0.9161253,8.334936540535384,0.0,0.08384898263354795,0.0,300,0.030303239822387695,0.03186460187709987,0.023288704748856474,182251,4.92042038981286,0.0
630,2.3789870738983154,9.16157986240202,1.1074234007048485,10.558418551125541,7.979930051808644,0.0,0.14465914056057966,0.1,0.0032913684844970703,0.05795145034790039,0.05005003,1.9997432,8.417600872722048,0.0,0.09432389904305301,0.0,300,0.02896595001220703,0.027773193547520173,0.01734152587994778,182551,8.423646884752772,0.0
631,2.385186195373535,8.476836732523168,0.9801473318927595,9.625554742550465,6.987161145853492,0.0,0.15120664635627415,0.1,0.004634380340576172,0.05747556686401367,0.050230358,0.7559951,8.42352445870216,0.0,0.0853377180769688,0.0,300,0.05295085906982422,0.014881468099597983,0.018464129562229457,182851,8.683690564848261,0.0
632,2.387923002243042,8.188070291055473,0.8150312333239739,9.196462530030143,7.022065882304426,0.0,0.14823949070450473,0.1,0.003084421157836914,0.05948162078857422,0.0496285,0.6068755,8.399979041937492,0.0,0.08114036728330298,0.0,300,0.032027482986450195,0.01857165489452204,0.011538981580964175,183151,8.798782340289366,0.0
633,2.4688522815704346,8.205074973758164,1.0762005478323033,9.232845436801187,6.444244642228599,0.0,0.14867559252395388,0.1,0.0030548572540283203,0.05812525749206543,0.050036993,0.95756704,8.38048863511956,0.0,0.08211144350846811,0.0,300,0.05300545692443848,0.03694923408476681,0.028756204923827876,183451,8.544825057197388,0.0
634,2.393406867980957,8.884115596714702,0.5290417420272973,9.607959739594454,8.121287698554163,0.0,0.15031235776891674,0.1,0.0030629634857177734,0.05990171432495117,0.04984931,0.9473398,8.430851331279074,0.0,0.09058651637058243,0.0,300,0.028819561004638672,0.019842347706522184,0.010166170860828664,183751,8.516486655273185,0.0
635,2.431436061859131,8.756119840504983,0.3789001085612252,9.22359372793784,8.189396178601903,0.0,0.14617097781064592,0.1,0.0030984878540039062,0.05773591995239258,0.049583532,0.92200136,8.463378182201666,0.0,0.08904051796886206,0.0,300,0.06060051918029785,0.014642187394386148,0.016382488607647218,184051,8.549527131536859,0.0
636,2.4943947792053223,8.92802215168451,0.6426266114758388,9.41146996868437,7.824079901283934,0.0,0.1398900903314741,0.1,0.0030853748321533203,0.060614824295043945,0.049834978,0.93543255,8.50984257914995,0.0,0.0911546239030866,0.0,300,0.06785845756530762,0.020608158446815236,0.013654274081202953,184351,8.462813764034426,0.0
637,2.53987455368042,6.0182352049357215,1.8290886951744296,8.892190659236807,3.8186328008926385,0.0,0.13396439034682367,0.1,0.01390695571899414,0.07384943962097168,0.04908433,0.6230103,8.260681841728527,0.0,0.05297158884341478,0.0,300,0.02919292449951172,0.1615941516886915,0.0913621429931695,184651,9.964365439853406,0.0
638,2.331509590148926,8.921985716624238,0.344239920989497,9.240802890640744,8.39101656632389,0.0,0.14796333782330445,0.1,0.00348663330078125,0.059316158294677734,0.049979657,1.066696,8.326812229218099,0.0,0.09111010111926204,0.0,300,0.029761075973510742,0.03992734362296576,0.026344259725601192,184951,9.435335656362666,0.0
639,2.36358380317688,9.89773126725492,0.4348499397715324,10.584960355235875,9.498039708366255,0.0,0.1367537574615524,0.1,0.003220081329345703,0.05881953239440918,0.049447168,3.5973852,8.483904133021781,0.0,0.10415886509395392,0.0,300,0.02927112579345703,0.043360220760727125,0.010969433729816472,185251,8.92867010988038,0.0
640,2.4276678562164307,7.230719989049272,1.9454862879531278,9.303706086783695,4.047970261253542,0.0,0.13733078782665836,0.1,0.008849143981933594,0.06853199005126953,0.049658887,0.56588334,8.35858571862453,0.0,0.06863742219095048,0.0,300,0.029443025588989258,0.06942241877522526,0.06455722186090236,185551,8.753781653540146,0.0
641,2.364403486251831,8.772779724099777,0.9423145228563696,9.74945161091965,7.731431166729474,0.0,0.1455064756040031,0.1,0.0030562877655029297,0.05961441993713379,0.049687278,0.84007746,8.400005119172056,0.0,0.0891343599825559,0.0,300,0.030691146850585938,0.030926326969450788,0.020683759509516515,185851,8.536871116116346,0.0
642,2.4469809532165527,8.82048342522811,0.7528779463922363,9.648373195558092,7.807483475589735,0.0,0.13932154606563724,0.1,0.0030922889709472656,0.07475662231445312,0.04888015,1.6975657,8.442052949777661,0.0,0.08988784132283573,0.0,300,0.02971363067626953,0.01478564832963635,0.01597115288608041,186151,8.603776451616783,0.0
643,2.4617645740509033,7.081996210936445,2.3914509481409842,9.980202781167456,3.4226529921630164,0.0,0.1522753181423676,0.1,0.0031456947326660156,0.060011863708496094,0.050076414,0.66633624,8.30604727589354,0.0,0.06666658333853934,0.0,300,0.05947422981262207,0.07002478567182033,0.05409608812442975,186451,9.133239777382999,0.0
644,2.429682731628418,8.811388300050774,1.4860395083654931,9.70626131016824,6.238361248883457,0.0,0.1467328753274936,0.1,0.0030829906463623047,0.06036806106567383,0.04959061,0.9447998,8.356581378309263,0.0,0.08956111609150626,0.0,300,0.02933502197265625,0.030445611093394272,0.023434065922322295,186751,7.120993044279431,0.0
645,2.3572378158569336,9.01016325767496,0.7513779259723413,9.763406348026878,7.829015826127088,0.0,0.1381553426705912,0.1,0.003098011016845703,0.05860495567321777,0.048945192,0.88206524,8.421939566245834,0.0,0.0921475568826872,0.0,300,0.03137516975402832,0.013857041172243288,0.014954606022129814,187051,8.667975925010696,0.0
646,2.4238955974578857,9.169671838711105,1.1443521720820289,10.815690151570088,8.02312318258193,0.0,0.152484676523099,0.1,0.003036975860595703,0.05659127235412598,0.049550556,1.1586379,8.496712793492362,0.0,0.09414032760374343,0.0,300,0.028912782669067383,0.023084211738871572,0.016790982453950987,187351,9.132342500700696,0.0
647,2.403327703475952,8.654900853478471,0.6098765179004898,9.4228393044124,7.8233974143839795,0.0,0.148741978981435,0.1,0.003035306930541992,0.05655622482299805,0.049840704,0.76997364,8.512531599490973,0.0,0.08759409546712298,0.0,300,0.0309751033782959,0.012289999626242413,0.012979455919899033,187651,9.451338462590128,0.0
648,2.5104377269744873,7.545717775322024,1.4198911861951926,9.603902643754878,5.775584892820265,0.0,0.1453544173812729,0.1,0.0029442310333251953,0.06420302391052246,0.049562205,0.69250655,8.415850217074079,0.0,0.07299751070711324,0.0,300,0.028848648071289062,0.063927813875648,0.038461522363072695,187951,9.383079103160389,0.0
649,2.37188982963562,8.135505100187808,0.45922511456267323,8.582314154486895,7.457693096188465,0.0,0.13881811630893776,0.1,0.002918720245361328,0.05875682830810547,0.04955968,0.78134006,8.387815705385451,0.0,0.08058114806685383,0.0,300,0.029114246368408203,0.015380417072032207,0.02031528083867987,188251,7.753683170676339,0.0
650,2.4385862350463867,8.577176814159184,0.8830317261594783,9.404492589471998,7.112104489026855,0.0,0.13617318667457617,0.1,0.0030205249786376953,0.05681967735290527,0.049655184,2.07973,8.406751816262824,0.0,0.08677225886139413,0.0,300,0.02926015853881836,0.0308015725633078,0.014094937547985633,188551,8.829562159452605,0.0
651,2.4837865829467773,9.334042678809219,0.9446586417431813,10.332394953688805,7.841129632976492,0.0,0.15200478369383436,0.1,0.0031118392944335938,0.07364487648010254,0.049643528,1.2295585,8.499480902517464,0.0,0.09667766997177532,0.0,300,0.031476736068725586,0.021244242205799634,0.019317641740780437,188851,9.170142715590758,0.0
652,2.450082302093506,8.033442133568775,1.466219361934885,9.155481843306415,5.512277775516384,0.0,0.14301898463155432,0.1,0.002884387969970703,0.05594015121459961,0.050350342,1.1864189,8.452877025622595,0.0,0.0793287087176846,0.0,300,0.04653429985046387,0.04389904687818864,0.03111201460949506,189151,8.91928927276444,0.0
653,2.4826974868774414,7.51446595646355,2.438953672897387,9.2661192552591,3.3403854815605842,0.0,0.1400825905362666,0.1,0.00347137451171875,0.06255388259887695,0.049275607,0.7245648,8.359035918706692,0.0,0.07270815576975156,0.0,300,0.03084874153137207,0.032658676378214443,0.0302701952074818,189451,8.909299774149988,0.0
654,2.39351749420166,8.385846156807766,0.35950331939321883,8.839212905960144,7.894104652139718,0.0,0.1378234324374345,0.1,0.0031785964965820312,0.059430599212646484,0.049750026,0.6823083,8.3617169425168,0.0,0.08418376612565737,0.0,300,0.02958083152770996,0.025862564995962716,0.015533807373010645,189751,9.020027706111973,0.0
655,2.432405948638916,8.741964825176378,0.5457685342726417,9.448382084163933,8.012737651879956,0.0,0.15064291191353832,0.1,0.003119230270385742,0.09793400764465332,0.049907647,0.7240599,8.399741730782758,0.0,0.08867679221041617,0.0,300,0.02972102165222168,0.017259120765055456,0.013931240697938838,190051,8.968945566581528,0.0
656,2.357801914215088,7.194036880307049,1.3323362856094216,8.95900312409348,5.339730965402679,0.0,0.1453026132386378,0.1,0.003126382827758789,0.06222963333129883,0.04991644,0.59386015,8.279171245735187,0.0,0.06830695938046182,0.0,300,0.03154253959655762,0.10023254608404884,0.044060483697638965,190351,8.970029852787956,0.0
657,2.440415859222412,7.945342356092814,2.4269409471966594,11.943006132821425,5.799696603003087,0.0,0.15248832841616314,0.1,0.0031359195709228516,0.0908660888671875,0.05027853,1.1419783,8.24578835677095,0.0,0.07831542111422969,0.0,300,0.03061652183532715,0.07515117723540067,0.08632460789072756,190651,9.47890024578908,0.0
658,2.3672194480895996,9.588887648371857,1.1919032359559503,11.608437050871311,8.51656464888114,0.0,0.14569061649420204,0.1,0.003040313720703125,0.0579681396484375,0.049673084,1.1550691,8.380098285931041,0.0,0.09985316769163477,0.0,300,0.029205322265625,0.08180673181350105,0.018657682858368198,190951,9.579347425560004,0.0
659,2.3821935653686523,8.094713417321076,1.0399452119854453,9.419116181691647,6.726608306636481,0.0,0.14039619736968728,0.1,0.0030126571655273438,0.0608220100402832,0.049805198,1.1218189,8.351559799070044,0.0,0.07991006729860242,0.0,300,0.02968144416809082,0.031457542557678075,0.04870390572025534,191251,9.197101427211527,0.0
660,2.468284845352173,8.257894905829414,1.1965420670930869,9.36227976317014,6.2363734039593846,0.0,0.1547500181094725,0.1,0.0029463768005371094,0.05638766288757324,0.049747657,0.9781064,8.342193309745982,0.0,0.08213576375230311,0.0,300,0.030213117599487305,0.0710559722411298,0.019903986970940854,191551,9.207949138966637,0.0
661,2.4229443073272705,9.650483524384676,1.078862716806707,11.452229997309354,8.750341877478451,0.0,0.15098578204919277,0.1,0.0030260086059570312,0.056308746337890625,0.04890371,0.8747223,8.473022331209851,0.0,0.10051701262807028,0.0,300,0.05273628234863281,0.027008515133153558,0.03317577120812521,191851,9.35389218250303,0.0
662,2.4118521213531494,8.672977119865976,1.243651344327781,10.60273244327169,7.379442365259527,0.0,0.13773033689527192,0.1,0.0030100345611572266,0.05683279037475586,0.050155595,0.8796116,8.493017810075465,0.0,0.0877016117205361,0.0,300,0.02893829345703125,0.02620330827896756,0.024858679888974482,192151,8.846189581554826,0.0
663,2.5355265140533447,7.819149849357734,2.285886841664091,10.636716129706516,4.584095321997881,0.0,0.1400553609222896,0.1,0.0031058788299560547,0.05850076675415039,0.05016732,0.57958204,8.425631014003692,0.0,0.07635561633870422,0.0,300,0.031828880310058594,0.049256790399758096,0.044114804060632645,192451,8.80940030618859,0.0
664,2.430246591567993,9.192567247994806,1.9019648202529162,11.279203817786522,6.103546058659851,0.0,0.14048094497150806,0.1,0.00315093994140625,0.062835693359375,0.049931094,0.7385445,8.502324637402802,0.0,0.09440601022122354,0.0,300,0.029236555099487305,0.031051238587134794,0.028354233963486488,192751,9.198360658343036,0.0
665,2.5106968879699707,7.21923061480325,2.372865202092754,9.8408209103027,3.615982635549624,0.0,0.14619809627399982,0.1,0.0030524730682373047,0.09030365943908691,0.050271384,0.9914253,8.374015235142847,0.0,0.06864103201319421,0.0,300,0.02948141098022461,0.06388895063662248,0.04015648502767343,193051,9.012321613146483,0.0
666,2.4664132595062256,8.707043128717567,1.3620613843826754,10.184706288978317,6.531170746191008,0.0,0.15348758656658607,0.1,0.0029342174530029297,0.0719292163848877,0.04980917,0.8513745,8.40731802450032,0.0,0.08798293232054037,0.0,300,0.0474398136138916,0.03308839760103537,0.03441967354237578,193351,8.931756230902403,0.0
667,2.3953135013580322,8.571326200154058,0.9328550404265774,9.539007831918905,7.062581787204641,0.0,0.14009737167418623,0.1,0.0028231143951416016,0.055565595626831055,0.050516758,0.8233636,8.423718842065695,0.0,0.08654036716855645,0.0,300,0.029678821563720703,0.018603759996910232,0.011380472956341934,193651,9.702759845138301,0.0
668,2.5318679809570312,8.644744631377936,0.9394359695227963,9.28764731161334,7.0238133057134355,0.0,0.14760730120023235,0.1,0.0030791759490966797,0.06067323684692383,0.04960565,0.89650846,8.44582142099692,0.0,0.0873732438092673,0.0,300,0.03183341026306152,0.01511134789200393,0.01619920037387832,193951,9.531301863365034,0.0
669,2.391611337661743,9.284039827358708,0.2735371881116656,9.754925690372476,9.093862983305595,0.0,0.14262505898864494,0.1,0.0034189224243164062,0.0579221248626709,0.049609605,1.0395337,8.529643261633097,0.0,0.09569500548680367,0.0,300,0.029531002044677734,0.014394034364818616,0.011040552917251527,194251,9.004398979610242,0.0
670,2.374460458755493,9.249840177518813,1.1058440228818853,11.046725430481176,8.245358750676855,0.0,0.14486098401556127,0.1,0.003174304962158203,0.05870795249938965,0.04988981,4.5617933,8.60166295322167,0.0,0.09533777457614968,0.0,300,0.04849648475646973,0.03366803281969083,0.024234985720966325,194551,9.085420925986982,0.0
671,2.3707644939422607,8.41091935044908,0.8491940194241903,9.705996818272595,7.435873676821097,0.0,0.1441940981895884,0.1,0.0030279159545898438,0.05683541297912598,0.04968245,1.1551983,8.582588592944411,0.0,0.08424135841821045,0.0,300,0.03195667266845703,0.029142985217995347,0.014862026508566599,194851,8.825771050395105,0.0
672,2.464111089706421,7.6312643808171385,2.5173568133417654,9.421512906994803,3.297415954598542,0.0,0.1359109213498247,0.1,0.004232168197631836,0.05860090255737305,0.04839594,0.46482056,8.487456171731685,0.0,0.07407581894780176,0.0,300,0.02941727638244629,0.04631285168430396,0.04230826263255888,195151,9.340434766912225,0.0
673,2.3838257789611816,9.418145382325378,0.4662992972933758,9.794969820625113,8.624594517216485,0.0,0.15220915071802255,0.1,0.0031168460845947266,0.05948042869567871,0.04973788,0.887477,8.580525092791055,0.0,0.09749918007385616,0.0,300,0.02933812141418457,0.02854457413219739,0.011251450845514013,195451,9.534514863782169,0.0
674,2.395427942276001,9.415288023943864,0.9383095062633456,10.75071063020462,8.293193595771895,0.0,0.1448296700324018,0.1,0.003175020217895508,0.06535029411315918,0.04975575,1.1508154,8.664001385906335,0.0,0.09758123553505742,0.0,300,0.051491498947143555,0.02047063161841656,0.021345548334983512,195751,9.555405369767602,0.0
675,2.4167778491973877,9.7245614475306,0.7871377343470036,10.751507938412567,8.80568043034753,0.0,0.14530572182714724,0.1,0.003163576126098633,0.058769941329956055,0.049516864,1.3559636,8.770057392068761,0.0,0.10159513086816116,0.0,300,0.02960801124572754,0.016706049658115875,0.007791657613146629,196051,9.319462403026936,0.0
676,2.5007972717285156,7.652071063265627,1.1319650418062979,8.895570868458321,6.41381073277972,0.0,0.1365177590622633,0.1,0.0030281543731689453,0.06042647361755371,0.05018277,0.64031166,8.658258759188447,0.0,0.07437360855985055,0.0,300,0.029230594635009766,0.05291829947555309,0.02040897259564276,196351,9.85438838885671,0.0
677,2.4851269721984863,8.793630894651999,1.316354210292944,10.69393652459993,7.043394646707057,0.0,0.14510740657911822,0.1,0.003093242645263672,0.05881977081298828,0.049231216,0.61199534,8.671795972734802,0.0,0.08912839470154703,0.0,300,0.03162264823913574,0.028838749696076214,0.03285511207794979,196651,9.386350828687329,0.0
678,2.4428114891052246,7.785964149470599,1.9027778530255057,10.088327445172451,5.271086382917812,0.0,0.1336297800871194,0.1,0.0031561851501464844,0.09386157989501953,0.051817667,0.7190231,8.583212790408382,0.0,0.0760787107330316,0.0,300,0.031525611877441406,0.040888654724938606,0.036103044560040105,196951,9.226162694255574,0.0
679,2.402174234390259,7.529226751609295,1.0397630995254645,9.041931644036895,6.1048781587217595,0.0,0.14061470785823996,0.1,0.0030088424682617188,0.05827975273132324,0.050181508,0.65955615,8.477814186528473,0.0,0.07279077386483107,0.0,300,0.030044078826904297,0.026721072663925153,0.020029458988529536,197251,9.763833295096736,0.0
680,2.4789462089538574,8.392033679985122,0.8218858444352591,9.128334938594712,7.010851910054675,0.0,0.1439174551606712,0.1,0.003000974655151367,0.057383060455322266,0.050014324,0.9216582,8.469236135874139,0.0,0.08389442960212977,0.0,300,0.031164884567260742,0.011830483951261054,0.012692539483119358,197551,9.674740445266242,0.0
681,2.4886317253112793,9.195444366500674,1.0557828318304099,10.611435842204555,7.6348162017408825,0.0,0.14221319016087874,0.1,0.0029859542846679688,0.07671427726745605,0.049631745,1.4296312,8.541856958936792,0.0,0.0945432545426668,0.0,300,0.04143810272216797,0.03180593155265601,0.021034399711855525,197851,10.057810836018742,0.0
682,2.4314773082733154,8.101798422302483,1.728944852789156,10.017706097277417,5.424790183739158,0.0,0.14107247526268737,0.1,0.0029189586639404297,0.0632181167602539,0.050102457,0.8052498,8.497851105273362,0.0,0.08010572940955676,0.0,300,0.02922368049621582,0.019507160139566646,0.021067739432652464,198151,9.488780604949714,0.0
683,2.4622697830200195,8.376412231526597,0.7348977118270478,9.121297003814213,7.354909442596717,0.0,0.15167337206215217,0.1,0.002850055694580078,0.0677328109741211,0.049686696,0.7588454,8.485707217898685,0.0,0.08376529109987776,0.0,300,0.03707480430603027,0.02211070469255466,0.01779474301772263,198451,8.776909324621524,0.0
684,2.405569553375244,9.444441779162677,0.5852542872604967,10.107596350166286,8.592181167146938,0.0,0.14273184134424416,0.1,0.003001689910888672,0.05754232406616211,0.049504552,1.079047,8.581580674025085,0.0,0.09782650744373078,0.0,300,0.02951192855834961,0.013069286080900064,0.010249070412392166,198751,9.786980921407858,0.0
685,2.32025408744812,9.772663193655221,0.8133535685684532,10.373372719718951,8.371047118143757,0.0,0.14331567143603413,0.1,0.0033943653106689453,0.0587306022644043,0.04934469,0.6813941,8.7006889259881,0.0,0.10225858034184263,0.0,300,0.029600143432617188,0.018384719930612047,0.009017721561088645,199051,9.930864637008924,0.0
686,2.4079573154449463,8.60310088703634,0.48743737195562786,9.174531967422757,8.065307463210942,0.0,0.1457782479759546,0.1,0.0031211376190185547,0.06754231452941895,0.049479563,0.82202303,8.690930122092924,0.0,0.08654852242959174,0.0,300,0.04143786430358887,0.020536107158698864,0.01367482965254509,199351,9.139845924093203,0.0
687,2.4338817596435547,7.941760044540127,2.2753090536033964,9.63341592503576,4.054712470484958,0.0,0.14003352842861808,0.1,0.00322723388671875,0.060192108154296875,0.049724404,1.0423591,8.616013114337644,0.0,0.07806846414036277,0.0,300,0.029593944549560547,0.03177982799676665,0.022848333353293764,199651,9.934011429791342,0.0
688,2.3137624263763428,8.919739925989294,0.5456197429862,9.810647115334989,8.33814904875192,0.0,0.1419517065535546,0.1,0.0030906200408935547,0.06034398078918457,0.049935397,3.3847344,8.646385795502809,0.0,0.09110742318133107,0.0,300,0.02945733070373535,0.014931641202831787,0.015783418523476384,199951,9.922461523447362,0.0
689,2.4503026008605957,8.598138610435731,1.322154239473485,10.001241791319153,6.424316851708038,0.0,0.14634017640508176,0.1,0.0030684471130371094,0.057096242904663086,0.05006605,0.7983273,8.641561076996101,0.0,0.0867508278718973,0.0,300,0.06137490272521973,0.024018823703938017,0.018274177278896776,200251,9.003294762503263,0.0
690,2.441481113433838,9.024707623511707,0.36730461630974104,9.55826871367085,8.575525499632239,0.0,0.13916443389549923,0.1,0.0030553340911865234,0.05965900421142578,0.05009598,0.7101846,8.679875731647662,0.0,0.0925302944353627,0.0,300,0.029341459274291992,0.01183056647496807,0.011616941046032394,200551,10.379982924241757,0.0
691,2.5090560913085938,9.486460838891498,0.6335981829874814,10.072365741771154,8.480309727503071,0.0,0.15052649433164972,0.1,0.011504411697387695,0.06795120239257812,0.049271658,1.008057,8.760534242372046,0.0,0.09858244226665558,0.0,300,0.030059814453125,0.009219187159076181,0.008803216525428106,200851,9.319297192123855,0.0
692,2.457068681716919,7.978954376060541,2.602662103717836,11.165370944929595,3.9772472435439994,0.0,0.14631241127149353,0.1,0.0030736923217773438,0.05831456184387207,0.049587056,1.0968529,8.682376255740895,0.0,0.07879111132049973,0.0,300,0.033075571060180664,0.0528972281373767,0.03990310851522415,201151,9.475584612768078,0.0
693,2.392792224884033,6.518330127625085,1.749793224116579,9.268573807059653,4.414690935005464,0.0,0.13751941122839656,0.1,0.0029783248901367188,0.06788110733032227,0.05070772,0.7182647,8.465971642929315,0.0,0.05926355324995697,0.0,300,0.029324054718017578,0.1176550009978756,0.060738914233551475,201451,9.249187299898994,0.0
694,2.4755308628082275,9.03911273088666,0.3110269841589892,9.321283686988437,8.512398755696339,0.0,0.1484305999597625,0.1,0.011713266372680664,0.08771610260009766,0.050254986,0.9688636,8.52328575172505,0.0,0.0923989737492405,0.0,300,0.02935957908630371,0.05396000539628847,0.02833095690240227,201751,9.553308693717097,0.0
695,2.377795457839966,9.281962093200583,0.8325131241546075,10.08601291693539,7.973132013253497,0.0,0.14746683083369044,0.1,0.0029287338256835938,0.059366703033447266,0.050105967,1.7607603,8.599153385872603,0.0,0.09576575207640073,0.0,300,0.02911210060119629,0.023804403635748966,0.013965191187452083,202051,9.190306920264092,0.0
696,2.4305500984191895,9.530821022087311,1.0976109318500964,10.977937990725923,7.952789511420838,0.0,0.14707511991300956,0.1,0.002902507781982422,0.090484619140625,0.049691465,1.2194163,8.692320149494073,0.0,0.09890450700509162,0.0,300,0.029110193252563477,0.027425050928623875,0.021213762739834465,202351,9.473020969642432,0.0
697,2.4320788383483887,9.64140136473809,0.3415631349076829,10.185370307909425,9.300430395745883,0.0,0.14550566766955061,0.1,0.002822399139404297,0.058303117752075195,0.050015606,0.8777728,8.787228271018474,0.0,0.10048694914992237,0.0,300,0.03000330924987793,0.008899961363084807,0.010090773721058086,202651,9.93070919807026,0.0
698,2.446755886077881,8.625863532109122,1.5814199602973797,10.319921081736444,6.044544975381331,0.0,0.13609586220634223,0.1,0.0033669471740722656,0.05783200263977051,0.049478035,0.7340611,8.77109179712754,0.0,0.0870905524457212,0.0,300,0.027471065521240234,0.02231441250031834,0.022335630335414046,202951,10.438496156960555,0.0
699,2.373980760574341,8.23228020170601,1.6270882735836802,10.350964052788639,6.042665281134647,0.0,0.14526520879630306,0.1,0.0031037330627441406,0.0698235034942627,0.05016522,0.61667997,8.717210637585387,0.0,0.08173145073124721,0.0,300,0.03948354721069336,0.02453080781081666,0.020535993406274985,203251,9.495729140436527,0.0
700,2.4179327487945557,8.758554310361326,0.6752382421101523,9.428500300458198,7.931104388204797,0.0,0.13536486532800007,0.1,0.0031075477600097656,0.058597564697265625,0.05044312,1.1579119,8.72134500486298,0.0,0.0890285667681957,0.0,300,0.029654741287231445,0.013808501508960557,0.01397109750604441,203551,10.188994771212004,0.0
701,2.324946403503418,9.500189801586718,0.6479189060964743,10.20343889826063,8.5560919227606,0.0,0.15136375990871076,0.1,0.0031654834747314453,0.05881929397583008,0.05011051,1.515224,8.799229484535354,0.0,0.0985252640893863,0.0,300,0.03017401695251465,0.011508622298796347,0.0075985994530965075,203851,6.522371141794939,0.0
702,2.350177526473999,8.833197151675773,2.5222609213690377,11.83233843211871,5.149279572582849,0.0,0.14284153907602246,0.1,0.0031173229217529297,0.06407499313354492,0.050255787,0.8152454,8.802626251249396,0.0,0.08969313603227708,0.0,300,0.030215024948120117,0.04205126554534322,0.038255271218948284,204151,9.503243754880241,0.0
703,2.4551174640655518,9.011374499979457,1.2577460261519289,10.385800962912045,7.042041411161215,0.0,0.14342446384752416,0.1,0.003120899200439453,0.060262441635131836,0.04961189,1.0293417,8.823501076122403,0.0,0.09213339453490063,0.0,300,0.03192400932312012,0.013326059366722263,0.013063525909862227,204451,10.143216139063757,0.0
704,2.424058198928833,9.379291963755474,0.6558550455930359,10.469058225146213,8.76986770644224,0.0,0.1466765292133031,0.1,0.003039836883544922,0.05882906913757324,0.051065516,6.0634036,8.87908016488571,0.0,0.09698784099348587,0.0,300,0.05864262580871582,0.013816174362126081,0.009564166208377826,204751,9.724709325196637,0.0
705,2.4394373893737793,8.665094801838737,0.961114169836639,10.066844581250741,7.400357034169856,0.0,0.14181123283018482,0.1,0.003082752227783203,0.05821418762207031,0.049953364,4.413366,8.857681628581012,0.0,0.08785156215884408,0.0,300,0.029740095138549805,0.020057580006210596,0.018665234967323783,205051,7.642129051087266,0.0
706,2.55257511138916,9.118427514247994,1.0240970401292089,10.094519711126855,7.592057209178755,0.0,0.1460064534859501,0.1,0.0030052661895751953,0.09146785736083984,0.049824815,1.0331312,8.883756217147711,0.0,0.09346978016401908,0.0,300,0.03165698051452637,0.01608465409662119,0.013298786736710947,205351,9.091525003678795,0.0
707,2.4343886375427246,9.467839025800972,0.8799507034270319,10.564043328428038,8.582331846525642,0.0,0.13897457549487535,0.1,0.0030791759490966797,0.05836176872253418,0.049162876,2.5313334,8.942164498013037,0.0,0.0981299381611052,0.0,300,0.03037285804748535,0.020191117756328425,0.010742949691723673,205651,9.675760778367502,0.0
708,2.44549298286438,8.357345909526469,1.315479609058481,10.194622285435901,6.474462744124636,0.0,0.15458231898956915,0.1,0.0030570030212402344,0.05817103385925293,0.04986697,1.3644112,8.88368263916438,0.0,0.08348375571751938,0.0,300,0.03777885437011719,0.0493905495328989,0.0310847972576783,205951,7.07360771666873,0.0
709,2.452897310256958,8.944467184789474,0.743487642619973,9.715186393264725,7.718791063845061,0.0,0.14264070817204894,0.1,0.003002643585205078,0.06825113296508789,0.050395194,0.7604978,8.88976109372689,0.0,0.09113462891241625,0.0,300,0.04593014717102051,0.009440174262619894,0.014227654182349548,206251,11.025451450090861,0.0
710,2.448063611984253,9.934956271847245,0.7810367011567754,11.186699707108053,9.208712413857024,0.0,0.15371790650234748,0.1,0.003031015396118164,0.059346914291381836,0.050185297,0.83210146,8.994280611538926,0.0,0.10443975176651556,0.0,300,0.029488563537597656,0.024256934910219696,0.015555389650401341,206551,7.666317705910271,0.0
711,2.477424383163452,7.373590647827375,1.6454554541482658,9.860582178543373,5.5534678902147165,0.0,0.14337714764187678,0.1,0.011980533599853516,0.0641179084777832,0.04993929,0.80386305,8.83221161516777,0.0,0.07053084615917285,0.0,300,0.031249046325683594,0.04162629294766508,0.03780126119906644,206851,9.311477519869078,0.0
712,2.413896322250366,9.217917483754087,0.46846537939676125,9.748797700209293,8.462510196243644,0.0,0.1452522307388712,0.1,0.002929210662841797,0.05667924880981445,0.049095772,4.833634,8.870782202026403,0.0,0.094855496564271,0.0,300,0.031859636306762695,0.009346493190041232,0.009498373883633835,207151,9.914112983828463,0.0
713,2.414874792098999,9.454466289347305,0.6863677427232537,10.152724618703651,8.616396608301185,0.0,0.14260019139883875,0.1,0.0031843185424804688,0.059949636459350586,0.050080135,0.8242623,8.929150610758494,0.0,0.09787744352889434,0.0,300,0.031449317932128906,0.02265294264954203,0.01247453855286974,207451,9.414456029829779,0.0
714,2.34907603263855,9.501495152580132,0.5447286411224321,10.370270729232473,9.013532893383696,0.0,0.1426276184054704,0.1,0.002935171127319336,0.058161258697509766,0.049912874,1.0950639,8.98638506494066,0.0,0.09859176206178819,0.0,300,0.03820681571960449,0.007289105876723833,0.00877984421706205,207751,10.056787043974124,0.0
715,2.381464958190918,8.147404834136594,0.5616609309531028,8.888314365863904,7.402850091178431,0.0,0.1458556203899889,0.1,0.002986907958984375,0.05678296089172363,0.050290916,0.79961723,8.902487041860253,0.0,0.080842112076849,0.0,300,0.030100345611572266,0.04664401581009066,0.02757335051196355,208051,9.97885632649049,0.0
716,2.469890832901001,10.143761052759832,1.0334390609526873,11.530415773594738,8.98876517117151,0.0,0.14478836694120892,0.1,0.002928495407104492,0.08514094352722168,0.049977347,0.9905626,9.026614442950212,0.0,0.10700683442125905,0.0,300,0.02968573570251465,0.02254069647713248,0.018797888089521878,208351,9.749277619998479,0.0
717,2.417187213897705,9.160781001515389,0.895059443197819,10.03074387236687,7.856386350457949,0.0,0.15873376104269918,0.1,0.003488779067993164,0.05871105194091797,0.049882356,0.7102209,9.04003109880673,0.0,0.09402279411961227,0.0,300,0.028294086456298828,0.016861944345054784,0.01738489591652276,208651,9.46195970790522,0.0
718,2.2859911918640137,9.106573250385729,0.6766302856654255,9.644433082631254,7.981193200612245,0.0,0.1435498494916902,0.1,0.0033652782440185547,0.06998443603515625,0.04955932,0.95629305,9.04668531396463,0.0,0.09348685996157188,0.0,300,0.03085470199584961,0.010473216060931856,0.009135490275131502,208951,10.389222776699201,0.0
719,2.3458340167999268,8.849909104199122,0.8139759182081959,9.778525577305942,8.029811143329143,0.0,0.1417065629368144,0.1,0.003130674362182617,0.06028103828430176,0.049780432,1.1177194,9.02700769298808,0.0,0.09028631063800273,0.0,300,0.03004741668701172,0.015903941588133925,0.011303133386291974,209251,10.004424367397856,0.0
720,2.3327109813690186,9.446689010868056,1.0745707821080168,11.189064197092303,8.411572281100652,0.0,0.15640126454337924,0.1,0.0030527114868164062,0.059137821197509766,0.04970729,0.8354669,9.068975824776079,0.0,0.09796765803501531,0.0,300,0.032529592514038086,0.01942342309170353,0.014746421077170464,209551,9.353199413596142,0.0
721,2.374626874923706,9.47641822953096,0.4702311343947736,10.05294927165782,8.748949378166142,0.0,0.14213234863618734,0.1,0.003200054168701172,0.06876540184020996,0.049914356,0.78983116,9.109720065251567,0.0,0.09820636087312956,0.0,300,0.04844403266906738,0.009814682062132367,0.007105323065840119,209851,9.807760952430614,0.0
722,2.3394997119903564,9.462014322441675,0.9521171329524315,10.116040524816773,7.82438785933576,0.0,0.13460278380748705,0.1,0.00302886962890625,0.059037208557128906,0.050838098,0.6323618,9.144949490970578,0.0,0.09805101420469774,0.0,300,0.029593706130981445,0.010899877639833997,0.01072947675977932,210151,9.290759205463393,0.0
723,2.3508129119873047,9.047195198315658,1.820294077650814,11.787033764129795,7.242637816074315,0.0,0.14046069673464043,0.1,0.003216981887817383,0.05702662467956543,0.05023644,0.6795796,9.135174061705087,0.0,0.09233548738252897,0.0,300,0.03037261962890625,0.02525069499852306,0.020228567550006155,210451,10.492323169978807,0.0
724,2.345048666000366,9.499035183239636,1.0240575414769326,11.034804620989695,8.406628607882963,0.0,0.14639069014880288,0.1,0.0030851364135742188,0.05737137794494629,0.050119326,1.0124582,9.171560173858543,0.0,0.09855612754648399,0.0,300,0.03353476524353027,0.015317590150735496,0.014863240195748332,210751,10.388428014949733,0.0
725,2.3803977966308594,10.053281706682728,0.8844972495342772,11.19752883091313,8.918961903172939,0.0,0.1381738238580361,0.1,0.013138055801391602,0.06937503814697266,0.049653728,3.8540459,9.259732327140961,0.0,0.10579460818243375,0.0,300,0.03206181526184082,0.016077582160792147,0.010019095616780854,211051,7.60476096734556,0.0
726,2.4622249603271484,9.488825122023922,1.094684870507933,10.53655747198101,7.909040103981771,0.0,0.14927245340677173,0.1,0.0029685497283935547,0.05742359161376953,0.050040714,1.2752299,9.282641606629257,0.0,0.09845171020944975,0.0,300,0.030330419540405273,0.017611735928633635,0.018003658214656233,211351,11.126893989731345,0.0
727,2.4329049587249756,8.011726211165326,1.7742385563946297,9.91339330024344,5.934148304413884,0.0,0.1362414836335756,0.1,0.002944469451904297,0.05603218078613281,0.049558498,0.74745905,9.155550067082864,0.0,0.07912229302226782,0.0,300,0.02974700927734375,0.06647681209898702,0.03646425729782178,211651,10.747683603665587,0.0
728,2.4275622367858887,8.83871685989096,2.0160174220304174,11.80022702690778,6.112306599691782,0.0,0.13198071488723198,0.1,0.002855539321899414,0.058730363845825195,0.049630355,2.4301083,9.123866746363673,0.0,0.08990072871029128,0.0,300,0.030547618865966797,0.03820015924989212,0.041788226373517,211951,10.682291841799481,0.0
729,2.452953815460205,9.149886794593765,1.6574478783870792,10.754771050363932,6.374531172316289,0.0,0.14118130022881886,0.1,0.0029952526092529297,0.058446645736694336,0.04979817,1.0743009,9.126468751186682,0.0,0.0938027097930337,0.0,300,0.030230283737182617,0.03063240248504343,0.017892304611615274,212251,8.484267856696986,0.0
730,2.4705424308776855,8.948713000344888,0.4468905798319476,9.34921561419379,8.192703507002797,0.0,0.15548151400220708,0.1,0.014608144760131836,0.056060075759887695,0.05003308,1.3424681,9.108693176102502,0.0,0.09116926800881879,0.0,300,0.03289365768432617,0.013159406273499987,0.014061166836816593,212551,9.31412135802375,0.0
731,2.344208240509033,9.49761185936725,0.4717519439466379,10.18265771308831,8.947369719416171,0.0,0.14779278621722475,0.1,0.0034151077270507812,0.05787301063537598,0.049370956,1.2371074,9.147585044428977,0.0,0.09874169612914277,0.0,300,0.028100967407226562,0.02079677272387861,0.012906366010594762,212851,9.43356912674122,0.0
732,2.344197988510132,10.52211788558975,0.8387737674875906,11.503712307711929,9.38098006095165,0.0,0.1449652299931597,0.1,0.0030946731567382812,0.06211543083190918,0.050062906,1.1165297,9.285038328545054,0.0,0.11201833947577333,0.0,300,0.043486595153808594,0.01726189241755825,0.010223897057974348,213151,6.203520242511305,0.0
733,2.368520975112915,8.965275558857233,1.7086959961715311,11.256545193001434,7.135367341665389,0.0,0.134965707925651,0.1,0.0035648345947265625,0.08657479286193848,0.05104705,0.839391,9.253062051576274,0.0,0.09162817383460745,0.0,300,0.03235125541687012,0.030625374345350186,0.028525736918322754,213451,7.328139726639363,0.0
734,2.3220746517181396,8.986795305391693,0.8195602289922227,9.86958622254326,8.142976324339454,0.0,0.13741425856007483,0.1,0.0030927658081054688,0.05962252616882324,0.050364744,0.67133576,9.226435376957816,0.0,0.09206445012175626,0.0,300,0.02855968475341797,0.018512964020620706,0.011941284726640444,213751,10.193615771887805,0.0
735,2.3722469806671143,8.764917288402891,0.9808805747479324,9.928896355850505,7.770550384898796,0.0,0.1327280273837618,0.1,0.012439250946044922,0.0772237777709961,0.05024341,0.551846,9.180283568102324,0.0,0.08888841475699376,0.0,300,0.029618501663208008,0.013594372424500163,0.010704723412322708,214051,7.505467502860879,0.0
736,2.3639657497406006,7.718561058077974,0.8781663254898245,8.475252671802494,6.250641427574762,0.0,0.14630808023036307,0.1,0.0029878616333007812,0.10233426094055176,0.050214898,1.1716145,9.034111317099889,0.0,0.07508993673774254,0.0,300,0.032929420471191406,0.01773748245404199,0.014663327908390924,214351,10.25660447034785,0.0
737,2.404954433441162,9.17050257091283,1.1389291363665346,10.371357077933448,7.615931042314202,0.0,0.13987842838108422,0.1,0.002973318099975586,0.057543277740478516,0.049584553,1.0512275,9.047750442481183,0.0,0.09434221206740735,0.0,300,0.031625986099243164,0.01861180594598443,0.01465794239630842,214651,9.953996465752214,0.0
738,2.468275547027588,10.285484388588403,0.3909628015099861,10.810472332333935,9.742123072355108,0.0,0.1397743180694962,0.1,0.003117799758911133,0.058716773986816406,0.048660137,2.0907812,9.171523837091904,0.0,0.10889754368007612,0.0,300,0.030286312103271484,0.02650429424572884,0.010725214225546795,214951,6.835130339313419,0.0
739,2.3980712890625,10.009688903814823,0.9257211994651646,11.13077520045728,8.825150942309634,0.0,0.15554389605915653,0.1,0.00292205810546875,0.05742812156677246,0.05009661,1.0698647,9.255340343764196,0.0,0.10538705228867816,0.0,300,0.02977728843688965,0.021491867907497963,0.014667698621629623,215251,9.779763357320046,0.0
740,2.4295592308044434,9.737780243796934,0.508836316608264,10.540833150782536,9.139682453527984,0.0,0.14078449239736926,0.1,0.002897500991821289,0.0594327449798584,0.049862213,0.7757714,9.303584333767471,0.0,0.10158181193706375,0.0,300,0.0450742244720459,0.009955280787960473,0.01003122220464638,215551,9.05518555628787,0.0
741,2.433659315109253,9.113605997989835,1.1296307143115432,10.620637866642637,7.452193169704699,0.0,0.13940640240799954,0.1,0.0029633045196533203,0.05718040466308594,0.049850382,0.89780194,9.28458650018971,0.0,0.09364200041346021,0.0,300,0.029520273208618164,0.019067789582340674,0.01781194108622503,215851,9.666428148410587,0.0
742,2.400019645690918,9.140707369620987,1.0934287023290283,10.906561371234066,8.105375353346366,0.0,0.1354590561410955,0.1,0.0029027462005615234,0.05655193328857422,0.04985676,0.8080623,9.270198587132837,0.0,0.09389902836927502,0.0,300,0.05550551414489746,0.015008129051779631,0.01157882342746778,216151,9.94881851012842,0.0
743,2.3897082805633545,9.227148257731432,1.485349698596299,10.311311343543673,6.666109835326698,0.0,0.13169503044981973,0.1,0.003170490264892578,0.07173633575439453,0.050665405,0.4935467,9.265893554192697,0.0,0.09491459487994054,0.0,300,0.03046250343322754,0.015007282651779568,0.015101264924540291,216451,7.430327531884555,0.0
744,2.38796067237854,9.179807221129922,1.0363860285714976,10.84146318229159,8.109639490374066,0.0,0.14098075385287853,0.1,0.0029151439666748047,0.05751752853393555,0.05002846,1.5019869,9.25728492088642,0.0,0.09465662583122679,0.0,300,0.05163979530334473,0.021659799880779162,0.0168411008764038,216751,10.648598373631064,0.0
745,2.466036081314087,8.395574937177802,2.4509891111739623,10.461020727284872,4.22596435757169,0.0,0.15129125118179185,0.1,0.010515213012695312,0.05963015556335449,0.050114717,0.5622087,9.17111392251556,0.0,0.08403488280375537,0.0,300,0.030430316925048828,0.11669177217206886,0.08673763568923064,217051,9.616036106957939,0.0
746,2.4240212440490723,8.22531484761242,1.3501690133184776,9.82770626957051,6.099494034691089,0.0,0.14037771368759605,0.1,0.003160715103149414,0.058896780014038086,0.04981531,0.46873483,9.076534015025246,0.0,0.08157972689731802,0.0,300,0.030127286911010742,0.025356733375414102,0.0246016590649278,217351,9.687091519927668,0.0
747,2.3903191089630127,8.17220484315314,1.4170082083495477,9.77338562925895,5.8991351490008945,0.0,0.12446277968581744,0.1,0.005557060241699219,0.08414101600646973,0.050066948,0.5952913,8.986101097838036,0.0,0.0810590723866331,0.0,300,0.030311107635498047,0.032460286581397046,0.017670692112659873,217651,9.618032705765126,0.0
748,2.418088674545288,8.080541745349638,1.1627452793988329,9.253452129741255,6.352075796489546,0.0,0.14482447714965244,0.1,0.0031020641326904297,0.05865907669067383,0.049464837,0.98473716,8.895545162589197,0.0,0.08001768424004496,0.0,300,0.031494140625,0.028681095080518897,0.02848898760073606,217951,9.71575720319315,0.0
749,2.342521905899048,8.445818009101584,2.342711752509763,10.27605501231078,4.424701302243814,0.0,0.14043601287004562,0.1,0.0030052661895751953,0.058203697204589844,0.050026968,1.4162917,8.850572447240438,0.0,0.08464326687299409,0.0,300,0.02965688705444336,0.041848301862996644,0.04048686594254568,218251,9.560646288797143,0.0
750,2.329686403274536,8.596630712797772,1.1853046280414068,9.509198859145796,6.601398488712088,0.0,0.14616822286523418,0.1,0.0031235218048095703,0.0954129695892334,0.049514897,1.2250714,8.825178273796173,0.0,0.086683395565465,0.0,300,0.03167605400085449,0.015529986762673685,0.014123218653695122,218551,10.125863596130296,0.0
751,2.369662046432495,9.957232207134634,1.2390315492646733,12.03330714552617,8.758806662481675,0.0,0.15000398770974813,0.1,0.003168344497680664,0.05958080291748047,0.049697667,1.3048486,8.938383667130019,0.0,0.10481395988744203,0.0,300,0.030094385147094727,0.027095285050992405,0.02280467441651727,218851,10.849920778305831,0.0
752,2.445960521697998,9.09864938414078,0.9177567243049741,10.251970335643351,8.039145291839958,0.0,0.13921027224054905,0.1,0.0030422210693359375,0.060706138610839844,0.05030514,0.7425056,8.954410238831095,0.0,0.0932287882838359,0.0,300,0.030606985092163086,0.01433648179946774,0.014585324317031464,219151,10.522163770378807,0.0
753,2.440607786178589,9.479622040567115,1.483045547124779,11.575755483923816,7.6304631709229405,0.0,0.14926774314551208,0.1,0.003109455108642578,0.05894136428833008,0.04991163,5.0289207,9.006931419004697,0.0,0.09835646039937819,0.0,300,0.030117511749267578,0.02452520337749552,0.021252815651573147,219451,10.966858130357659,0.0
754,2.471796989440918,9.979421660933992,0.5312644937677161,10.388681243318347,9.080367673237804,0.0,0.14371140030700824,0.1,0.003190279006958008,0.0593571662902832,0.050022963,0.76769423,9.104180443197627,0.0,0.10478325541874828,0.0,300,0.030649185180664062,0.009813113873679991,0.0059465474534162064,219751,10.637968402471335,0.0
755,2.4758245944976807,9.749534202932082,0.8366075260050302,10.767638063818751,8.636552397657399,0.0,0.13643915005937096,0.1,0.003028392791748047,0.05829143524169922,0.049656138,0.76681,9.168715819171073,0.0,0.1017690640599253,0.0,300,0.030176877975463867,0.012003566474695807,0.008696548217817889,220051,9.64375127115279,0.0
756,2.4177780151367188,10.178627994790293,0.6447368201057779,11.212820229254342,9.440721731549841,0.0,0.1334789879175884,0.1,0.0031850337982177734,0.060117483139038086,0.049493894,0.9940714,9.269707036732996,0.0,0.10735162309912047,0.0,300,0.03021526336669922,0.008305419031129847,0.006948537699495426,220351,9.965129990263835,0.0
757,2.427968978881836,8.505720193879707,0.8348913949373937,9.689445177428505,7.391872345333148,0.0,0.14639618799104956,0.1,0.003091096878051758,0.0561978816986084,0.04991831,0.59867585,9.193308352447666,0.0,0.08559499501521028,0.0,300,0.030120849609375,0.06726372228912217,0.020915663542673636,220651,10.17147763643388,0.0
758,2.4681687355041504,8.467510281460495,1.1818560492730275,9.66168037708907,6.5729477950806325,0.0,0.1444248296559314,0.1,0.002955198287963867,0.0592191219329834,0.050152164,0.70253265,9.12072854534895,0.0,0.08478303030678594,0.0,300,0.02902054786682129,0.01733616548733282,0.027357593295019942,220951,9.361655409882419,0.0
759,2.399533271789551,8.592798786381838,0.4913735640816688,9.256521245103288,7.874333418199534,0.0,0.14560257617261868,0.1,0.0029392242431640625,0.0673530101776123,0.049862336,0.6923615,9.067935569452239,0.0,0.08671854859526651,0.0,300,0.048407793045043945,0.02829714355286785,0.009695997326478627,221251,9.724263699824814,0.0
760,2.402431011199951,9.047679890713596,0.5467003760640147,9.721194463637163,8.195689357314867,0.0,0.14368356974704938,0.1,0.0030045509338378906,0.05716562271118164,0.04998169,0.94178516,9.065910001578375,0.0,0.09256159410185413,0.0,300,0.029862642288208008,0.02203100300130449,0.010732356374627952,221551,9.015062177006394,0.0
761,2.43461537361145,9.977952571847965,1.3446705089787265,11.980873425494881,8.715712351671078,0.0,0.1419241427477696,0.1,0.003311634063720703,0.05588483810424805,0.049078457,2.2342107,9.157114258605334,0.0,0.10487190024142833,0.0,300,0.03125596046447754,0.01913273429223192,0.01743002596892299,221851,9.224261255259721,0.0
762,2.480743646621704,9.733143059692107,0.5912997595943552,10.647083961860726,9.15119274568221,0.0,0.1463353497990676,0.1,0.0029883384704589844,0.0793616771697998,0.05057051,1.8585202,9.214717138714013,0.0,0.10153598668054108,0.0,300,0.036026954650878906,0.010764304008773064,0.006468305892243863,222151,9.261202054070077,0.0
763,2.5457003116607666,10.125359100560676,1.1519886201627907,11.788806139589896,8.539989992301848,0.0,0.14560666821734763,0.1,0.0028333663940429688,0.05629324913024902,0.04931871,0.8061937,9.305781334898679,0.0,0.10676991303778405,0.0,300,0.02999401092529297,0.016850279905031438,0.014188375167302059,222451,8.96886516426298,0.0
764,2.4055593013763428,8.972738923042783,0.7671559318262782,10.176120898480631,8.13945005667995,0.0,0.1472065473580573,0.1,0.0034677982330322266,0.059845924377441406,0.04970244,0.586706,9.272477093713091,0.0,0.09168694365863564,0.0,300,0.03146505355834961,0.017065950549693006,0.014806513067409679,222751,6.818153641187579,0.0
765,2.3853180408477783,10.147483335296869,0.8916777374008272,11.010281176023694,8.686685169347347,0.0,0.14771967647229736,0.1,0.0032825469970703125,0.05815410614013672,0.049718414,0.9091011,9.359977717871468,0.0,0.10707535500939899,0.0,300,0.030587434768676758,0.009118820076426302,0.008682817694696403,223051,9.333776091836002,0.0
766,2.478234052658081,8.647070934289886,0.7335169234774983,9.72454842231261,7.7059179826961195,0.0,0.1514145019495155,0.1,0.0031328201293945312,0.09971404075622559,0.050167136,0.67084783,9.28868703951331,0.0,0.08729211424675905,0.0,300,0.030507802963256836,0.017783131570640435,0.010799270564312697,223351,9.258857757200072,0.0
767,2.4050137996673584,8.962673657663673,1.507992112534668,11.226670995148881,6.980403067599077,0.0,0.14882108912738642,0.1,0.003156423568725586,0.05994272232055664,0.05014885,0.8723171,9.256085701328345,0.0,0.0914171061195278,0.0,300,0.03071427345275879,0.02947166078046231,0.027099566279117106,223651,10.199675563735122,0.0
768,2.4623684883117676,9.820747293093115,1.2198189554681012,11.80909752726806,8.58226530565077,0.0,0.15220375344594703,0.1,0.003063678741455078,0.0590665340423584,0.050561372,2.9530272,9.312551860504822,0.0,0.10277276607757269,0.0,300,0.030750513076782227,0.01614103359753218,0.011548649148568738,223951,9.673170113433512,0.0
769,2.3907346725463867,8.714928698193798,1.2987489777279035,10.037234484781116,6.568557437966656,0.0,0.16313633014295453,0.1,0.003196239471435547,0.06050872802734375,0.0501121,0.7059794,9.25278954427372,0.0,0.08818525760124636,0.0,300,0.030387401580810547,0.02558238680568422,0.023026524629360286,224251,10.610640359237694,0.0
770,2.409839153289795,8.574839010330882,1.530089558059622,10.406356745264526,6.465936117891548,0.0,0.1519111279453921,0.1,0.006426572799682617,0.0721120834350586,0.04939567,1.1003743,9.184994490879436,0.0,0.08626803394483017,0.0,300,0.030124664306640625,0.01859576205063422,0.017438173509911396,224551,10.097922975205018,0.0
771,2.421172857284546,9.621479352924766,0.7796308902815063,10.495714942607785,8.744338942279585,0.0,0.14985035223780496,0.1,0.0031006336212158203,0.06141161918640137,0.050097555,1.3363793,9.22864297708397,0.0,0.09998350878676024,0.0,300,0.030213117599487305,0.014936776743210927,0.010309496984211557,224851,9.320924005561194,0.0
772,2.4260520935058594,10.374568038375505,0.6992131971333032,11.448991295201477,9.66932971364456,0.0,0.15515035758314716,0.1,0.0031881332397460938,0.06632876396179199,0.04959699,1.2128654,9.343235483213123,0.0,0.11004725501102168,0.0,300,0.03132343292236328,0.012959673542217947,0.009996710778499491,225151,9.734583550868907,0.0
773,2.4531819820404053,8.997270572446775,0.6348699192568916,9.922626231471074,8.191575734056855,0.0,0.14590301235678926,0.1,0.0031061172485351562,0.05835366249084473,0.04987989,0.8088022,9.308638992136487,0.0,0.09191336057713978,0.0,300,0.030645370483398438,0.019679842457573666,0.009743288741059295,225451,10.091158160211647,0.0
774,2.476757049560547,7.900660100134285,1.4630661132915166,9.283344668810935,5.450295086405108,0.0,0.13702914304592176,0.1,0.003141164779663086,0.08848357200622559,0.04952907,0.5815119,9.167841102936267,0.0,0.07739308310127287,0.0,300,0.030095577239990234,0.04163883910706144,0.02752957957480342,225751,9.600455984004183,0.0
775,2.4870448112487793,9.085475845643153,2.150305741451493,11.564091321888894,5.638451286211162,0.0,0.1397148294848843,0.1,0.0030074119567871094,0.05896639823913574,0.04993192,0.6650905,9.159604577206956,0.0,0.09301483697152431,0.0,300,0.07269287109375,0.03928919987300144,0.03345933357781252,226051,7.18377386364314,0.0
776,2.466864824295044,9.525390793493624,0.42645853678660306,9.981434618917657,8.922589544959486,0.0,0.15400651211414507,0.1,0.0030128955841064453,0.05665421485900879,0.049601056,0.8840501,9.196183198835623,0.0,0.09874170790065905,0.0,300,0.030231952667236328,0.022425017077486894,0.009243267170472035,226351,9.469305762617763,0.0
777,2.500066041946411,9.970456540008213,1.0532544374096746,11.202093203922866,8.40187793190552,0.0,0.14012422566398075,0.1,0.003053426742553711,0.0807340145111084,0.049653318,1.5331794,9.273610532952883,0.0,0.10468450399021025,0.0,300,0.03050684928894043,0.012388968613071415,0.01350384830265464,226651,8.97389936595484,0.0
778,2.489487409591675,8.733240477155356,0.34880552267332643,9.220991266040839,8.300951812671984,0.0,0.14043924870720467,0.1,0.0030155181884765625,0.092498779296875,0.04911897,0.9191323,9.21957352737313,0.0,0.08829882241644818,0.0,300,0.030283689498901367,0.022377418123826234,0.005790474461252649,226951,9.927261313937596,0.0
779,2.472761631011963,6.842485646670327,2.1744941344701476,9.668130646710924,3.8229679292437577,0.0,0.1445693249710893,0.1,0.0031647682189941406,0.09672355651855469,0.04978853,0.50798935,8.981864739302852,0.0,0.06345155184729802,0.0,300,0.03008127212524414,0.1164715622721618,0.0717012342044634,227251,10.243027902507306,0.0
780,2.5637712478637695,9.30843734414462,1.0117632932416165,10.834077257865532,7.987160709482606,0.0,0.14655317863181302,0.1,0.0030672550201416016,0.05703234672546387,0.0496914,1.1852163,9.014521999787029,0.0,0.09594309843842341,0.0,300,0.02956986427307129,0.0562335779761229,0.03546561350551189,227551,9.859044683327772,0.0
781,2.483415126800537,9.926577938533063,1.139409184817545,11.141253666743099,8.760656100943272,0.0,0.15865842149441184,0.1,0.0033948421478271484,0.08821678161621094,0.04968724,0.8602751,9.105727593661632,0.0,0.1040992121300433,0.0,300,0.030809402465820312,0.06061767919761246,0.024100310597090117,227851,9.72074605273674,0.0
782,2.3984127044677734,9.672371356725613,0.5638065437262981,10.633829534629088,9.243538365080445,0.0,0.14161055311068477,0.1,0.0036935806274414062,0.059154510498046875,0.049839806,1.4360641,9.16239196996803,0.0,0.10080234004371219,0.0,300,0.03088521957397461,0.014563973385649676,0.019071763923032718,228151,10.353351693393664,0.0
783,2.5119831562042236,7.894405891301198,2.7560047502865905,11.1138548785994,3.6113655952867867,0.0,0.13484269641759788,0.1,0.0063571929931640625,0.07092905044555664,0.04988602,4.511601,9.035593362101348,0.0,0.0773126863799565,0.0,300,0.030567407608032227,0.11055880380319977,0.058961344285548715,228451,11.443068296617595,0.0
784,2.3554911613464355,8.226204757384629,3.110441186905277,10.575356779171983,2.877832727481558,0.0,0.1457086169333028,0.1,0.0031185150146484375,0.05930328369140625,0.05016711,0.68341357,8.954654501629676,0.0,0.08222443316340863,0.0,300,0.030185937881469727,0.08633382446156423,0.08669834095682212,228751,9.799151287895063,0.0
785,2.390897274017334,9.708377149208282,1.020630398937537,11.320717989908706,8.566487027229586,0.0,0.1411077107664449,0.1,0.0031316280364990234,0.06636643409729004,0.04958199,0.8083518,9.030026766387536,0.0,0.10119481188388657,0.0,300,0.04343271255493164,0.05067096335300672,0.023807881278716896,229051,9.622163231445555,0.0
786,2.44598126411438,8.757540688593046,1.3470251804154545,9.811252902255646,6.443845669599401,0.0,0.1400367365234309,0.1,0.003179788589477539,0.05895042419433594,0.049951997,0.6657883,9.002778158608088,0.0,0.08863234701639205,0.0,300,0.03212118148803711,0.023855269251905283,0.014372421237438721,229351,10.262920348029125,0.0
787,2.414890766143799,9.261147452508297,1.509839114450608,11.56727469778286,7.511264279815373,0.0,0.15322187066393375,0.1,0.006037473678588867,0.07381200790405273,0.04987584,1.1742263,9.028615087998109,0.0,0.09530397187884909,0.0,300,0.03140449523925781,0.024405080302503556,0.019501892773152636,229651,9.726543967140199,0.0
788,2.4695541858673096,9.737036414100498,0.24546816870750654,10.080041581261314,9.419874094616224,0.0,0.14999874116574916,0.1,0.003092050552368164,0.05824613571166992,0.04998613,0.99713606,9.099457220608347,0.0,0.10170906846076022,0.0,300,0.06458210945129395,0.011632418155662993,0.008634337304725927,229951,9.087946048550226,0.0
789,2.4969239234924316,9.324968622453513,1.4921494821463375,10.627276316155374,6.78926844051316,0.0,0.14566797240850546,0.1,0.003010988235473633,0.05867147445678711,0.049774203,0.8572755,9.122008360792863,0.0,0.09627676797553279,0.0,300,0.03765082359313965,0.02355659338954624,0.023675380982583944,230251,10.046506901894718,0.0
790,2.424805164337158,9.89528562821426,1.6678477757661678,11.910219591276894,8.207906521126004,0.0,0.13993148867424482,0.1,0.003160715103149414,0.057236433029174805,0.049695037,0.83392334,9.199336087535004,0.0,0.10353220729388357,0.0,300,0.03225445747375488,0.029321041795047412,0.016286654936360046,230551,10.695342369270518,0.0
791,2.4295382499694824,10.363100864155442,1.547993539315024,11.632156462117521,7.774185302820007,0.0,0.13641854752330662,0.1,0.003086090087890625,0.06124377250671387,0.049896043,1.0507017,9.315712565197048,0.0,0.10998938758832069,0.0,300,0.05116462707519531,0.01539717947881502,0.01675801133167221,230851,6.172027939267278,0.0
792,2.4147603511810303,9.674038314399278,0.8221789117021735,11.017777351415692,8.925413857153691,0.0,0.1416857327081268,0.1,0.002914905548095703,0.08153867721557617,0.05033509,0.7897308,9.35154514011727,0.0,0.10072682248914666,0.0,300,0.03956151008605957,0.021192010705990763,0.01335585240204155,231151,10.427327699020392,0.0
793,2.42466402053833,8.776728365337613,0.7742531477173816,9.313146428159232,7.445085750311738,0.0,0.13975934605311022,0.1,0.003076791763305664,0.05816483497619629,0.050210416,1.2813336,9.294063462639306,0.0,0.08895141724470121,0.0,300,0.030466079711914062,0.0349770000343417,0.010459861435854515,231451,10.71081284273104,0.0
794,2.4505462646484375,8.966919628542783,1.6274328597173513,10.843353939880483,6.3938918639377365,0.0,0.14624257162943163,0.1,0.003007650375366211,0.05823397636413574,0.049616016,0.7419963,9.261349079229655,0.0,0.09161293869164222,0.0,300,0.03038501739501953,0.028824027598888132,0.036117913396097615,231751,11.073237307890766,0.0
795,2.456346273422241,7.469072463584237,2.06535017505791,9.789881259724002,4.1362483135386166,0.0,0.1375615821410685,0.1,0.0030183792114257812,0.059293270111083984,0.050384797,0.57783675,9.082121417665114,0.0,0.07183253350288743,0.0,300,0.030137062072753906,0.04868263769290534,0.039748825982483124,232051,10.15679565777972,0.0
796,2.5220627784729004,7.912877971254338,1.3131684277182436,9.243203622097704,5.730098758025395,0.0,0.13285800459729807,0.1,0.0029556751251220703,0.08797192573547363,0.049531896,1.5648115,8.965197073024038,0.0,0.07746505583901094,0.0,300,0.030338764190673828,0.0200309277090598,0.019063044133217563,232351,10.053602967655182,0.0
797,2.4401655197143555,7.014013727464361,1.6078078690667585,9.780657403688574,5.864777196137301,0.0,0.14813562827215415,0.1,0.003075122833251953,0.08985280990600586,0.049699016,1.3294196,8.770078738468072,0.0,0.06566857654096755,0.0,300,0.02944660186767578,0.05271637271436937,0.04102026728903208,232651,10.735878525020032,0.0
798,2.4806346893310547,8.32709918472111,2.7683900076463375,10.598118484186957,3.636136703013737,0.0,0.13882073132682884,0.1,0.002979278564453125,0.05793046951293945,0.049678944,1.324491,8.725780783093375,0.0,0.08306334444505761,0.0,300,0.05204939842224121,0.0734628392638506,0.07145352858438261,232951,11.819511324463408,0.0
799,2.4594154357910156,10.51112264133447,0.3999437554029199,11.079549069047346,10.043265840749088,0.0,0.14387544332775232,0.1,0.002894163131713867,0.05582261085510254,0.050174292,1.8033366,8.904314968917484,0.0,0.11185202476085448,0.0,300,0.06627011299133301,0.03962515013513184,0.014883778428614124,233251,11.282808272084862,0.0
800,2.476320505142212,9.272691507571329,1.8486047789550182,11.324250898109176,6.667914202885223,0.0,0.14120982974180887,0.1,0.0029757022857666016,0.05707955360412598,0.050007876,1.3339251,8.94115262278287,0.0,0.09562257268793498,0.0,300,0.03288578987121582,0.022627183235524612,0.02616116098428501,233551,10.669254623710804,0.0
801,2.3536620140075684,7.253991820474196,2.9407493096202644,11.045262611794094,2.8112188414973103,0.0,0.1251631737435304,0.1,0.003397226333618164,0.09287071228027344,0.050147336,0.6149388,8.772436542552002,0.0,0.0689007318703574,0.0,300,0.02985072135925293,0.11863538553081729,0.06661332720889261,233851,10.964382836543587,0.0
802,2.369187831878662,9.026215788849271,1.4777965044353345,11.353630779194543,7.515276546903087,0.0,0.14339298245847074,0.1,0.003253459930419922,0.05950808525085449,0.049593005,0.7053625,8.797814467181729,0.0,0.09235624269267753,0.0,300,0.030180692672729492,0.027507676980146133,0.0360863056310423,234151,10.07791483634851,0.0
803,2.3813555240631104,9.655630839594732,1.0802691051216342,10.85817487690038,8.172958059450414,0.0,0.13929555036011032,0.1,0.0033333301544189453,0.058838605880737305,0.050324783,1.12071,8.88359610442303,0.0,0.10072163398529885,0.0,300,0.029747486114501953,0.02631488930659496,0.013078518073659227,234451,9.486146263087448,0.0
804,2.4542043209075928,10.314506458314204,0.8111078356203509,11.370475383222177,9.155938095311912,0.0,0.1356721663668773,0.1,0.003082752227783203,0.05957651138305664,0.049552307,4.424109,9.026687139812147,0.0,0.10919744386939219,0.0,300,0.030475854873657227,0.01982364591678472,0.010803592557477546,234751,10.651000321410732,0.0
805,2.396829128265381,9.775651164835178,1.301798773956181,11.143033180507226,7.787346014626658,0.0,0.1469956325257579,0.1,0.0031270980834960938,0.09265589714050293,0.049953755,1.2985379,9.10158354231445,0.0,0.10216634269111378,0.0,300,0.03325366973876953,0.026039330567715707,0.01778380866144243,235051,11.97724193930567,0.0
806,2.436957836151123,10.300341059393272,1.2756433496549955,11.91791329677612,8.383165758980292,0.0,0.13457140884363036,0.1,0.0031375885009765625,0.060317039489746094,0.050909624,0.80811954,9.221459294022333,0.0,0.10889900187911081,0.0,300,0.031441450119018555,0.011185650343723126,0.012805513136444851,235351,11.576739644795689,0.0
807,2.4272799491882324,8.243027777284151,2.641897344265624,10.12289059255003,3.69322928111301,0.0,0.13788489275557622,0.1,0.0031719207763671875,0.05909442901611328,0.049147047,0.50633794,9.123616142348514,0.0,0.08214791497351412,0.0,300,0.03137397766113281,0.07861105274146295,0.060455642769839,235651,11.264269976365634,0.0
808,2.3601272106170654,10.691040055926866,0.7360486108982973,11.87257444737662,9.893732325587372,0.0,0.14965631087636513,0.1,0.003125429153442383,0.061339378356933594,0.04892816,0.83643943,9.28035853370635,0.0,0.11426125475927215,0.0,300,0.029761552810668945,0.039075831758420894,0.02117764579200469,235951,10.1527873115302,0.0
809,2.389925956726074,10.041115178899808,0.5552460174574267,10.864755585081218,9.505287061458517,0.0,0.1491353090288816,0.1,0.003404378890991211,0.05823850631713867,0.049680505,0.9571067,9.356434198225697,0.0,0.10580422577441984,0.0,300,0.030538320541381836,0.012668112064770061,0.01583426865926903,236251,11.40673030137489,0.0
810,2.445997953414917,6.576942813396906,2.4831699193066696,10.410430585154959,4.046111859466241,0.0,0.13707778481800356,0.1,0.0030422210693359375,0.05989527702331543,0.048925795,0.5015268,9.078485059742817,0.0,0.059996228294051296,0.0,300,0.03072500228881836,0.15937745043281143,0.10014211807243519,236551,9.054715355846293,0.0
811,2.362114191055298,9.830192717083815,0.45116302500310435,10.242589703639725,9.146224899663542,0.0,0.15470543566681647,0.1,0.0031325817108154297,0.05884146690368652,0.049829986,0.83330053,9.153655825476918,0.0,0.10280517674438774,0.0,300,0.032479047775268555,0.017075383354776368,0.022610522843406495,236851,11.712564809077099,0.0
812,2.419919013977051,10.153028396126913,0.9587392461044534,11.255076842871443,8.614620519207536,0.0,0.14751505362295317,0.1,0.002953767776489258,0.056387901306152344,0.050243124,1.5217458,9.253593082541917,0.0,0.10712594128149784,0.0,300,0.029961824417114258,0.031686463284940104,0.01936793632680513,237151,9.678774014453865,0.0
813,2.5110549926757812,10.480086884303477,1.1833624708740331,12.013020127635716,8.978628978447258,0.0,0.1393353136327212,0.1,0.002957582473754883,0.056243181228637695,0.050380565,1.890105,9.376242462718071,0.0,0.1113373933782429,0.0,300,0.03206968307495117,0.009538838059413149,0.010760751204805227,237451,8.032076137287765,0.0
814,2.3846452236175537,9.5745643744767,1.2872852842156,11.052404130064438,8.022628146212202,0.0,0.13153074958718008,0.1,0.0029134750366210938,0.056374311447143555,0.04935231,1.7978766,9.396074653893935,0.0,0.09958106063360116,0.0,300,0.030054569244384766,0.037885028654188885,0.019145606987924287,237751,4.271101095931904,0.0
815,2.4805116653442383,10.494278119292641,0.31661726044759503,10.941162361339815,10.140089311667355,0.0,0.1544093442086042,0.1,0.0029404163360595703,0.05596137046813965,0.0505819,0.76237833,9.505895000433807,0.0,0.1118317086160963,0.0,300,0.030189990997314453,0.01160639689769913,0.014044182942644423,238051,9.957939759879466,0.0
816,2.409162759780884,9.708790331864309,1.2667210389809753,11.659698164688624,8.24736429833267,0.0,0.1334057528608246,0.1,0.002930879592895508,0.05768465995788574,0.048576046,0.9214445,9.526184533576858,0.0,0.10126833173028478,0.0,300,0.02951955795288086,0.01843051290163647,0.010781464175739082,238351,11.188418792115314,0.0
817,2.491706132888794,8.799547798205154,2.400062045389564,11.6173745164696,5.049632886953958,0.0,0.1395168461532472,0.1,0.003422975540161133,0.05776357650756836,0.04955731,0.4679015,9.453520860039689,0.0,0.08933406536715977,0.0,300,0.03345799446105957,0.0338389410316821,0.0312751790837172,238651,8.87281800247053,0.0
818,2.3313372135162354,10.19491333426587,0.6829563526866563,11.255527282572844,9.56885222809654,0.0,0.1430687466765791,0.1,0.0031998157501220703,0.06009840965270996,0.049645368,1.0767436,9.527660107462307,0.0,0.10765700910676182,0.0,300,0.03070354461669922,0.008661709808066116,0.008834836371094716,238951,9.92036402706535,0.0
819,2.451462984085083,8.725912606121412,2.046754044102497,10.185746614907051,5.228867528765376,0.0,0.13622109103032073,0.1,0.00319671630859375,0.059429168701171875,0.04985722,0.6361037,9.447485357328217,0.0,0.08844160863169316,0.0,300,0.03443264961242676,0.019185011005151804,0.014662087538841205,239251,9.567814209098314,0.0
820,2.4368674755096436,9.394587734084336,0.9413065759505339,10.68583864612562,8.181884260038968,0.0,0.13813323661434024,0.1,0.003206968307495117,0.05922365188598633,0.049634393,1.2998397,9.44219559500383,0.0,0.09719143453119991,0.0,300,0.030614137649536133,0.015312279032833154,0.014961274576403257,239551,11.849636086846251,0.0
821,2.3975260257720947,10.075280041819102,1.1802425343675123,11.27555217026918,8.738895458954437,0.0,0.15378113687261968,0.1,0.004769802093505859,0.05892324447631836,0.049498074,2.058242,9.505504039685357,0.0,0.10633160796852933,0.0,300,0.04936408996582031,0.014217294187487201,0.012096492191172134,239851,11.291385278253346,0.0
822,2.3723838329315186,9.797026599508804,0.840340820304048,10.857618391393697,8.680758789623818,0.0,0.1346048363249464,0.1,0.003154277801513672,0.0615842342376709,0.04812076,0.76414156,9.534656295667704,0.0,0.10266967962200896,0.0,300,0.03081965446472168,0.007756484574895907,0.007763844578125426,240151,11.357518440489963,0.0
823,2.395883798599243,9.765206417044766,0.8645137480888182,11.257116515553967,9.160456684277468,0.0,0.15471313415976085,0.1,0.0031430721282958984,0.05877542495727539,0.049752407,0.8646135,9.55771130780541,0.0,0.10199375021712292,0.0,300,0.030336856842041016,0.014048283489194876,0.012872543560325559,240451,10.219358103340012,0.0
824,2.4516193866729736,8.282182593380373,2.7697092832814296,11.181344794032277,5.235006032482006,0.0,0.12905896295908958,0.1,0.003397703170776367,0.09118390083312988,0.050128493,0.4889633,9.430158436362907,0.0,0.08243345268044644,0.0,300,0.03113698959350586,0.035463590698438234,0.03168918573541797,240751,12.131757862267577,0.0
825,2.4678657054901123,7.651741553336876,2.8484305448579916,10.291762707942794,2.848353709128086,0.0,0.13696938309010112,0.1,0.009834527969360352,0.06795930862426758,0.04914629,0.62662333,9.252316748060304,0.0,0.07425363630679876,0.0,300,0.03276634216308594,0.06751108069788311,0.0547997895375469,241051,10.96785199304349,0.0
826,2.439009428024292,9.213234255660035,1.750044130032769,11.017919069768592,6.359144388825577,0.0,0.1406891017777828,0.1,0.00312042236328125,0.06923604011535645,0.0500225,1.1313674,9.248408498820277,0.0,0.09483096682025582,0.0,300,0.052765846252441406,0.02032919618412723,0.017015166015960672,241351,10.395547196701425,0.0
827,2.4069268703460693,8.963719131344092,2.0292824464050687,11.360071789280918,5.809127780951443,0.0,0.14516657956301138,0.1,0.0030426979064941406,0.07792448997497559,0.05009042,1.5567156,9.219939562072659,0.0,0.09151489455631072,0.0,300,0.0302126407623291,0.03099958105339996,0.031110881909291177,241651,11.43855421783225,0.0
828,2.450629949569702,9.66850718229015,0.8311669629176439,10.88342146266662,8.551722447646892,0.0,0.14272173453440087,0.1,0.0029027462005615234,0.05576443672180176,0.04935242,0.9913084,9.264796324094409,0.0,0.10088974337380205,0.0,300,0.030290603637695312,0.012681433170066708,0.011663526572338542,241951,11.423243437174412,0.0
829,2.4215335845947266,10.786698382965739,0.3788681855729768,11.322643422105198,10.268485517961592,0.0,0.15598552431247345,0.1,0.0030150413513183594,0.05618762969970703,0.049645055,0.9003824,9.416986529981541,0.0,0.11545752028325108,0.0,300,0.0299227237701416,0.011289445738392348,0.006352090659444828,242251,11.239228598864274,0.0
830,2.4273622035980225,9.464484799073755,0.9001015670004747,10.42374364460594,8.101414440912038,0.0,0.13730444626581925,0.1,0.003015279769897461,0.07699418067932129,0.049334854,0.51213014,9.421736356890763,0.0,0.0979926152464275,0.0,300,0.03710532188415527,0.013399665457326739,0.012439866385401325,242551,12.08504617695276,0.0
831,2.745978355407715,10.494603908632392,0.8945695667133989,11.715829629582972,9.234981263782625,0.0,0.15038792734470685,0.1,0.0032012462615966797,0.0766754150390625,0.050048698,2.033251,9.529023112064925,0.0,0.11174463198847835,0.0,300,0.03468918800354004,0.01119160973026298,0.010124117593906452,242851,11.292257748130657,0.0
832,2.37888503074646,8.902271491187864,2.279510261458341,11.605187248393829,5.919110993133034,0.0,0.13240366408415957,0.1,0.0033826828002929688,0.05874300003051758,0.050350323,0.56250185,9.46634794997722,0.0,0.09046026539368437,0.0,300,0.030399799346923828,0.025133041362948756,0.02323584434032061,243151,12.036622471598898,0.0
833,2.392206907272339,9.307605161422362,2.212992776171223,11.463785827447259,5.749881761775472,0.0,0.14094280964851258,0.1,0.003530740737915039,0.08553314208984375,0.050223593,0.93847716,9.450473671121733,0.0,0.09593666507817564,0.0,300,0.031069040298461914,0.018809798613323356,0.018046209006046723,243451,11.938838349416136,0.0
834,2.3734920024871826,8.885117515441626,1.4742684054366808,10.952222275236874,6.7833176518966445,0.0,0.14468928963477376,0.1,0.0031943321228027344,0.05951094627380371,0.051671028,1.2100084,9.393938055553724,0.0,0.09060135832440892,0.0,300,0.030394315719604492,0.025226673036710275,0.01997400001254436,243751,11.191553193555164,0.0
835,2.3396592140197754,9.6597460392408,0.36161004423911114,9.983667466671504,9.082264583453117,0.0,0.12742383372532526,0.1,0.003098011016845703,0.05912327766418457,0.04990444,41.805355,9.420518853922431,0.0,0.10091405826777797,0.0,300,0.03063178062438965,0.010430232204265501,0.009466723991453397,244051,11.256275457911388,0.0
836,2.422213554382324,9.152618846724764,1.2453734932218838,10.244744223888263,7.064565072919056,0.0,0.14815577541836958,0.1,0.003053426742553711,0.08960390090942383,0.049532533,0.75876933,9.393728853202665,0.0,0.09370495849380811,0.0,300,0.034136295318603516,0.020520606892614587,0.014332417092576282,244351,11.756886454292244,0.0
837,2.433908224105835,9.003872752326085,1.6152032415277748,10.416320359574978,6.415576629345182,0.0,0.1320650408795657,0.1,0.0030944347381591797,0.05841565132141113,0.049728267,1.4542725,9.354743243115008,0.0,0.09184143922647044,0.0,300,0.030435800552368164,0.015798654038004557,0.01636565228959474,244651,11.063947350477973,0.0
838,2.4177072048187256,10.359557124052092,0.1543339432800174,10.57678590948572,10.197962353012283,0.0,0.1405886971913289,0.1,0.00458979606628418,0.06714463233947754,0.05018329,1.2163892,9.455224631208717,0.0,0.10994357443563932,0.0,300,0.03375411033630371,0.008910283902305687,0.0071690252202886535,244951,11.422229180896297,0.0
839,2.468869209289551,8.991812756028938,0.6187920460665403,9.836746353606072,8.232237732379717,0.0,0.13892044814979132,0.1,0.014505863189697266,0.07374906539916992,0.04979274,1.7391639,9.408883443690739,0.0,0.0919272376358424,0.0,300,0.030271053314208984,0.01820545018716147,0.012893506815465791,245251,11.171275159385134,0.0
840,2.3731963634490967,9.56414199029283,0.8337027305989269,10.523595742678786,8.29063582123116,0.0,0.13829610959157437,0.1,0.0031173229217529297,0.058226585388183594,0.050259642,1.2039622,9.424409298350948,0.0,0.09981776897934005,0.0,300,0.03173518180847168,0.008259256552628885,0.008528665081338828,245551,11.45996835363797,0.0
841,2.4009735584259033,10.35041304950052,0.730435451860873,11.098689527490814,9.142351719459846,0.0,0.15099879895003407,0.1,0.003122568130493164,0.08351898193359375,0.049858887,0.70307505,9.517009673465907,0.0,0.10980532636932622,0.0,300,0.03044295310974121,0.014404657525840196,0.00837718456851745,245851,11.451860038712937,0.0
842,2.4163594245910645,9.52583830839046,1.4848048824864806,11.085997054944636,7.351657315998516,0.0,0.1396557804579084,0.1,0.003021240234375,0.09317898750305176,0.049606714,0.5812453,9.517892536958362,0.0,0.09880372692140761,0.0,300,0.035138845443725586,0.014690500414214906,0.016511175164105926,246151,11.680040485846567,0.0
843,2.4961369037628174,10.034182623819104,1.1471885294767188,11.015801183152588,8.10653267348394,0.0,0.1485415307919604,0.1,0.0030832290649414062,0.05866718292236328,0.04970933,1.0113404,9.569521545644436,0.0,0.1056414459701829,0.0,300,0.06465744972229004,0.010189455709030572,0.007883980094315733,246451,11.734072808470065,0.0
844,2.424238681793213,10.832042451940039,0.622132688218613,11.772699164630149,10.119584526842957,0.0,0.12841518637364893,0.1,0.0029747486114501953,0.08163285255432129,0.04929478,6.2969956,9.695773636273996,0.0,0.11593589991180213,0.0,300,0.03084874153137207,0.010489911914995428,0.006698636203519891,246751,10.755925483670593,0.0
845,2.4814438819885254,9.85147816736813,1.2741910219273824,11.795472327109767,8.332289571952302,0.0,0.14245461499956805,0.1,0.003030538558959961,0.05736255645751953,0.050040208,0.78812563,9.71134408938341,0.0,0.10309737873596342,0.0,300,0.046372175216674805,0.007158639992754683,0.007329935563609651,247051,11.33504697445595,0.0
846,2.541501760482788,8.971918039156863,1.662757390314663,10.620340364099361,6.228852083597531,0.0,0.14112451417689786,0.1,0.00305938720703125,0.05823373794555664,0.04917959,0.6145063,9.637401484360755,0.0,0.09174344118556658,0.0,300,0.05644583702087402,0.021225114214234876,0.011832670440024961,247351,11.28314313836998,0.0
847,2.4519388675689697,9.158026018255384,2.3705667581552134,11.685938627711673,5.520490095783042,0.0,0.13252187929745193,0.1,0.0028913021087646484,0.05604219436645508,0.049606193,0.60660225,9.589463937750217,0.0,0.09383205481549232,0.0,300,0.029865026473999023,0.025016339741740397,0.02207318699477863,247651,9.493293792316548,0.0
848,2.3954343795776367,10.413185268806126,1.0376097510237823,11.8312981477766,9.366890989185817,0.0,0.15071410838866997,0.1,0.0037412643432617188,0.05876421928405762,0.050222415,1.2670864,9.671836070855809,0.0,0.11053044433055699,0.0,300,0.029007911682128906,0.015950342837643437,0.011846439244856127,247951,11.963397222028354,0.0
849,2.374366283416748,10.466371479797278,0.7559094931609344,11.363765262156837,9.277615475987968,0.0,0.13966529524007162,0.1,0.0035161972045898438,0.05977511405944824,0.04972583,1.6532758,9.751289611749957,0.0,0.11122999410328142,0.0,300,0.031388282775878906,0.009942167299292159,0.007690455264075205,248251,10.30937965081131,0.0
850,2.4139883518218994,10.712091606218745,0.8354634533511671,11.965097490148397,9.678202501750317,0.0,0.14818876191996597,0.1,0.003161907196044922,0.06064271926879883,0.049665444,1.059336,9.847369811196836,0.0,0.11437220537288334,0.0,300,0.030610322952270508,0.0069555436570594735,0.0070405219297229316,248551,9.205376178818279,0.0
851,2.388669967651367,10.733768941547105,0.9682803178726869,11.336341517463925,9.057353603722083,0.0,0.1300590439283073,0.1,0.0031099319458007812,0.05891156196594238,0.04932323,2.2200193,9.936009724231864,0.0,0.1149014835331033,0.0,300,0.03311443328857422,0.013250800725566286,0.00822709185627223,248851,10.255718234236445,0.0
852,2.4170711040496826,8.648803451233533,0.6356114649339701,9.610112041979464,7.877433582367289,0.0,0.15015795140380797,0.1,0.0031812191009521484,0.05926156044006348,0.050347183,0.7075874,9.807289096932031,0.0,0.08781643875538842,0.0,300,0.02925848960876465,0.04568538708693489,0.008602236971544577,249151,10.407605104853358,0.0
853,2.3728396892547607,10.014048933218977,1.4802190417920187,12.073873363449477,8.308827804373344,0.0,0.14159180905030155,0.1,0.003099679946899414,0.05847430229187012,0.050532784,0.6345012,9.827965080560725,0.0,0.10540311621321145,0.0,300,0.06441378593444824,0.034351975136849906,0.026109708573661072,249451,10.560711278799152,0.0
854,2.415555715560913,11.184358234521785,1.0006337393572555,12.568288431919454,9.745127202550268,0.0,0.14073499506022272,0.1,0.0030181407928466797,0.05806374549865723,0.049960013,1.102237,9.963604395956832,0.0,0.12078510173690912,0.0,300,0.03357863426208496,0.04734686443466564,0.015004832140621984,249751,11.804428187267176,0.0
855,2.474055051803589,10.118317754827636,0.96879943300657,11.168509460761747,8.662487620415313,0.0,0.1497284698209698,0.1,0.003133535385131836,0.08486223220825195,0.050203145,1.3124623,9.979075731843912,0.0,0.10686756771195433,0.0,300,0.030369997024536133,0.016089318843029332,0.019243661662972696,250051,11.92797354725406,0.0
856,2.509559392929077,8.597873619375711,1.3098315544418835,9.850148041363333,6.440635426749125,0.0,0.13593465423591317,0.1,0.0030972957611083984,0.0892035961151123,0.05045916,0.7941613,9.840955520597092,0.0,0.08685047701576483,0.0,300,0.0330502986907959,0.06791566982079501,0.016180565357426877,250351,9.867076645419527,0.0
857,2.423797845840454,8.487064681120541,1.672300004652702,10.823807740407899,6.306985205986498,0.0,0.150851795546489,0.1,0.002975940704345703,0.09452199935913086,0.04987787,0.6375956,9.705566436649438,0.0,0.08553551278452505,0.0,300,0.03368401527404785,0.04286639719813689,0.04353876396537847,250651,11.245333330719392,0.0
858,2.516653299331665,9.454583359428142,0.4821084974314305,9.820942870915172,8.628250428235898,0.0,0.14302512270098458,0.1,0.0030193328857421875,0.08882641792297363,0.049866814,0.8047217,9.680468128927307,0.0,0.0980914451899059,0.0,300,0.030216217041015625,0.05033179933976569,0.020310460303366012,250951,9.918675698051455,0.0
859,2.425417184829712,9.844542264988032,1.5081694225349678,12.397826039664611,8.668339061093699,0.0,0.14412409197807105,0.1,0.003003835678100586,0.059499502182006836,0.04984777,1.2614224,9.69687554253338,0.0,0.10292860206448227,0.0,300,0.030298948287963867,0.026415487717252033,0.016452522408083516,251251,11.538440914953496,0.0
860,2.4176101684570312,9.754474342077499,0.6529740326125331,10.394350285536817,8.72480680736409,0.0,0.14176542013633392,0.1,0.003047466278076172,0.059107303619384766,0.049666744,0.9738264,9.702635422487793,0.0,0.10211386986311033,0.0,300,0.03390669822692871,0.018774324193868694,0.018383896725977084,251551,11.262708503023772,0.0
861,2.416994571685791,10.590117513637777,0.3493567894603985,11.136174774981644,10.208490504720748,0.0,0.14709050478261523,0.1,0.0029973983764648438,0.06348681449890137,0.049878318,1.9903125,9.791383631602793,0.0,0.11292230436303641,0.0,300,0.029383420944213867,0.007103356052541199,0.005498568834874248,251851,11.91518429717434,0.0
862,2.4568262100219727,10.143587846652519,0.8455460176941592,10.99136881219286,8.895617200690454,0.0,0.1325861817321048,0.1,0.003015279769897461,0.0558619499206543,0.0498117,4.1449594,9.826604053107765,0.0,0.10704877382622609,0.0,300,0.03232932090759277,0.005094589257577295,0.005384462273161971,252151,10.755890452865826,0.0
863,2.4347498416900635,10.796133691169858,0.9599367640888488,11.892359347630858,9.409926472663528,0.0,0.14851791413911283,0.1,0.0029137134552001953,0.056691884994506836,0.05033252,0.8527177,9.923557016913975,0.0,0.11576484352356897,0.0,300,0.03012990951538086,0.01494172362995476,0.011372319828132645,252451,11.686342680684959,0.0
864,2.3789455890655518,9.769154133383893,1.4173055188999555,11.213855338758274,7.420954905260964,0.0,0.14122478931071814,0.1,0.003330707550048828,0.05909109115600586,0.0490724,0.8587072,9.908116728560968,0.0,0.10237565406503198,0.0,300,0.030817031860351562,0.012738708847334638,0.010305966945584461,252751,10.817768368447135,0.0
865,2.4134020805358887,10.682507035482432,0.15446574780402766,10.867628101658648,10.513385675811191,0.0,0.13989490736579485,0.1,0.003130197525024414,0.0582880973815918,0.049402505,1.4592028,9.985555759253113,0.0,0.11426336291249813,0.0,300,0.031919240951538086,0.005337897335587955,0.005463795883567951,253051,12.314564811643095,0.0
866,2.3976826667785645,10.536010790111437,0.8714492204977283,11.32789220026703,9.093230093301248,0.0,0.1443805350318213,0.1,0.003021240234375,0.05833911895751953,0.050285984,0.5153867,10.040601262338946,0.0,0.11220336526264152,0.0,300,0.06400132179260254,0.007238977495784518,0.00584209605302315,253351,12.24820800200496,0.0
867,2.358363389968872,10.047712814607912,1.2361898226218533,12.023400620242521,8.756155554370405,0.0,0.14057057446940435,0.1,0.0029947757720947266,0.05779767036437988,0.050364938,2.0855238,10.041312417565843,0.0,0.10610320821088684,0.0,300,0.031128883361816406,0.016990283056410427,0.010462134187242872,253651,12.08855172521161,0.0
868,2.472182035446167,9.615248797308993,1.084523918670566,10.89253232125106,8.405208970138828,0.0,0.13824164332274194,0.1,0.0030889511108398438,0.05699634552001953,0.049984876,0.97641134,9.998706055540158,0.0,0.10021390854502797,0.0,300,0.030584096908569336,0.00815304842696657,0.009390806170365895,253951,11.328304899834924,0.0
869,2.403470516204834,8.71970731429392,1.4179082099412934,10.445517401160146,6.608117736318437,0.0,0.13447252786827377,0.1,0.0030820369720458984,0.05813932418823242,0.04991294,0.6442037,9.870806181415535,0.0,0.088297040430627,0.0,300,0.03873872756958008,0.02416399916534978,0.021590499633699828,254251,12.225178096736068,0.0
870,2.4224159717559814,8.886248126721702,2.462633294345509,12.069718303756558,5.15420211461237,0.0,0.14600445730629497,0.1,0.0030908584594726562,0.0585637092590332,0.049850393,0.8011148,9.772350375946152,0.0,0.0903545122955344,0.0,300,0.031201839447021484,0.03962915494326827,0.03776984168212376,254551,11.790714005147365,0.0
871,2.3851473331451416,11.28419571101168,1.1252529121247778,12.738685089239523,9.596533621326072,0.0,0.14639617303009414,0.1,0.003193378448486328,0.05994844436645508,0.04961376,1.4618617,9.923534909452703,0.0,0.12197030661592093,0.0,300,0.030400753021240234,0.027477541219970134,0.01363795771244213,254851,12.58887268190731,0.0
872,2.3980326652526855,9.481487293135999,1.5991189193367372,11.289471931104933,6.902028793701419,0.0,0.1442604842907096,0.1,0.0029761791229248047,0.06084012985229492,0.04990674,1.0338043,9.879330147821033,0.0,0.09833130717557273,0.0,300,0.030709266662597656,0.02238330441428591,0.023199927464275565,255151,12.169346324235667,0.0
873,2.3629887104034424,9.296066109048223,1.4549480785675533,11.485565155542405,7.915821988866382,0.0,0.13650528892743444,0.1,0.0029566287994384766,0.09801244735717773,0.049765397,2.1739657,9.821003743943752,0.0,0.09591970704836199,0.0,300,0.030316591262817383,0.027332908671048487,0.015964841374360387,255451,12.690155841086993,0.0
874,2.505852222442627,10.403088724431907,1.0906738486800254,11.851111816060463,9.284559283492648,0.0,0.13701149137642823,0.1,0.002933979034423828,0.09332633018493652,0.049559392,1.5453217,9.879212241992569,0.0,0.1104427733299425,0.0,300,0.03526878356933594,0.0089771545382088,0.008584233901885108,255751,11.098725340636642,0.0
875,2.437932014465332,9.915857147845093,1.3921692399908019,12.073834975459407,8.236547720122541,0.0,0.13704296002148045,0.1,0.002925395965576172,0.09650731086730957,0.05014056,1.6694402,9.882876732577822,0.0,0.10416668318426209,0.0,300,0.03036022186279297,0.014159170825178344,0.012385340246851808,256051,11.987933160762802,0.0
876,2.4594247341156006,9.468311605303493,2.5765068635793362,11.620223600326508,5.076908532836307,0.0,0.13670638555544457,0.1,0.0028905868530273438,0.09073138236999512,0.0498907,0.93701327,9.84142021985039,0.0,0.0981638809360189,0.0,300,0.030240774154663086,0.020958831095998512,0.020021926319559336,256351,12.471116747623059,0.0
877,2.4148454666137695,10.332614307182101,1.3880114597424218,12.707787162634968,9.266168121505403,0.0,0.13912761602426807,0.1,0.0028946399688720703,0.05633258819580078,0.049235944,1.8270969,9.890539628583563,0.0,0.1096370662517904,0.0,300,0.02953362464904785,0.01520200663257718,0.013743691060410528,256651,12.309920540240073,0.0
878,2.4224014282226562,10.950829913423922,0.937954495336358,11.937977119843039,9.681533479129406,0.0,0.14394335971476802,0.1,0.0029604434967041016,0.05631566047668457,0.04966645,1.8197817,9.996568657067598,0.0,0.11750819129570511,0.0,300,0.03023552894592285,0.011893459103507682,0.007690275217897272,256951,12.023729253872409,0.0
879,2.3841400146484375,10.792582597127513,0.19256956202787032,10.951341539179136,10.465993739929583,0.0,0.14235387943514877,0.1,0.0029439926147460938,0.06021547317504883,0.05044589,0.99453264,10.076170051073591,0.0,0.11544753720687362,0.0,300,0.05885457992553711,0.005278937667318629,0.005704234893897219,257251,12.705552880335413,0.0
880,2.632844924926758,7.940704393270391,3.9402127063175976,11.833249285196334,3.0325868405305325,0.0,0.13225600943725285,0.1,0.002936840057373047,0.06121993064880371,0.049626578,0.54362893,9.86262348529327,0.0,0.07809301906802386,0.0,300,0.030851364135742188,0.15153843239647774,0.10189078794063076,257551,12.933603187442538,0.0
881,2.403461217880249,10.372860931949138,1.0602031068680702,12.000353532406388,9.320339956750146,0.0,0.1407594246860467,0.1,0.0036547183990478516,0.07066702842712402,0.049937993,3.29437,9.913647229958856,0.0,0.11007780341733897,0.0,300,0.03167414665222168,0.010723513669693962,0.017046892818246315,257851,12.500926858974765,0.0
882,2.37959361076355,9.595003762319493,2.450343872597646,12.115776273080844,5.594306141791811,0.0,0.1360536915772835,0.1,0.003276348114013672,0.05907464027404785,0.05025326,1.0360489,9.88178288319492,0.0,0.0997080692359612,0.0,300,0.031180143356323242,0.038741195871322395,0.02775692355996104,258151,11.853466021726447,0.0
883,2.3797900676727295,11.204162309126806,0.9984785519020676,12.15801154847748,9.597605440904584,0.0,0.14172589558311172,0.1,0.003245115280151367,0.058763980865478516,0.050323907,1.903181,10.014020825788108,0.0,0.12087964801254555,0.0,300,0.032979488372802734,0.0158783906610918,0.014221374415664238,258451,12.453908340257067,0.0
884,2.4907991886138916,10.436950480134263,0.08195198829085698,10.536962721908685,10.312937285656083,0.0,0.1525040971238927,0.1,0.0031900405883789062,0.058801889419555664,0.04996193,1.180641,10.056313791222724,0.0,0.11068008301914184,0.0,300,0.03261518478393555,0.009251064867384468,0.0075232364531607485,258751,12.804797110789421,0.0
885,2.470461845397949,11.629209444981722,0.5796186644898643,12.141194346743635,10.644580298615711,0.0,0.1379376242192465,0.1,0.004103422164916992,0.06370210647583008,0.049850535,1.3620313,10.213603356598624,0.0,0.1266611708185027,0.0,300,0.03209733963012695,0.008150156641723036,0.007197464335916113,259051,9.657801196283359,0.0
886,2.402669668197632,10.934085693856467,0.474776588610297,11.5541388992146,10.461984086784161,0.0,0.150727994036633,0.1,0.0031425952911376953,0.09099411964416504,0.049367495,0.6655955,10.285651590324408,0.0,0.11750053801679064,0.0,300,0.030937910079956055,0.011240135755809896,0.009310214955466968,259351,12.563873220005716,0.0
887,2.508202314376831,11.172149411382412,1.4963096537347615,12.30116413724447,8.627217772165935,0.0,0.13305002414323805,0.1,0.010285377502441406,0.062280893325805664,0.049326956,0.6048249,10.374301372430208,0.0,0.12037013751742842,0.0,300,0.030731916427612305,0.011062477884817637,0.010561160037674207,259651,12.117139193455321,0.0
888,2.468993902206421,10.92860052251172,1.2859834437955335,11.966772250642526,8.783780907419256,0.0,0.13717051013813208,0.1,0.003061532974243164,0.0862131118774414,0.04955889,1.7759633,10.42973128743836,0.0,0.11722373848254207,0.0,300,0.03100299835205078,0.009445035271636478,0.008354919179339674,259951,12.572221453057127,0.0
889,2.448002815246582,11.350727489351105,0.9135334736987072,12.287692907033884,10.327570728972407,0.0,0.14214424798515743,0.1,0.014833450317382812,0.06146430969238281,0.05056112,1.2638344,10.521830907629635,0.0,0.12281823375043628,0.0,300,0.031346797943115234,0.009843216199210216,0.007816567938799616,260251,12.30635923819421,0.0
890,2.4021055698394775,11.487171645305928,0.5713076647830254,12.47576565437566,11.11741310702357,0.0,0.14803650073450866,0.1,0.003088712692260742,0.08960938453674316,0.049985547,3.3511653,10.618364981397265,0.0,0.12487286146017348,0.0,300,0.03139829635620117,0.008705792420672532,0.006710054580840302,260551,12.305939815764903,0.0
891,2.4764816761016846,10.926595369021667,1.5602115608079563,12.088103838837121,8.259473016907991,0.0,0.14690652937820076,0.1,0.0030651092529296875,0.05806994438171387,0.049880523,0.6142066,10.649188020159706,0.0,0.11743219444069755,0.0,300,0.03145599365234375,0.012213578278231689,0.012092959579117072,260851,12.615808226502187,0.0
892,2.4286718368530273,11.933578197728473,0.3134376912819501,12.403128309052667,11.642441074926763,0.0,0.15539475955856263,0.1,0.012446403503417969,0.06999349594116211,0.05031579,2.2156086,10.777627037916583,0.0,0.13051093927928148,0.0,300,0.03016805648803711,0.0058066330876679366,0.0036397523202372135,261151,12.617328945730636,0.0
893,2.4370288848876953,9.380178324521747,1.9856987053626722,11.648408259144173,6.415638351148784,0.0,0.1280254525897962,0.1,0.0029222965240478516,0.05639219284057617,0.050186753,0.5193873,10.6378821665771,0.0,0.09698776369153571,0.0,300,0.03049945831298828,0.03316102981734569,0.02115794245891841,261451,12.20236559065306,0.0
894,2.443929433822632,10.353933779244747,1.0884749957635185,11.303551685775075,8.502664859094208,0.0,0.14086683978460296,0.1,0.008004903793334961,0.07312321662902832,0.051080294,0.54102063,10.609487327843866,0.0,0.1099622476223546,0.0,300,0.030229568481445312,0.008963774849531989,0.010265820900173474,261751,7.686843260988909,0.0
895,2.393846035003662,11.250832680032698,0.70043386265492,11.815163247992395,10.058805333436638,0.0,0.14889237661389923,0.1,0.0033974647521972656,0.05850386619567871,0.049893066,1.650915,10.673621863062749,0.0,0.12158512437243477,0.0,300,0.030943632125854492,0.012534484987418427,0.007240006992719621,262051,12.349906211019947,0.0
896,2.422494649887085,8.877122346562535,2.522335161422585,11.897037920910636,5.420053399345175,0.0,0.13455826206345337,0.1,0.003185749053955078,0.058722734451293945,0.05074969,0.62664914,10.493971911412729,0.0,0.0902219818193332,0.0,300,0.030947446823120117,0.06654094642043039,0.047895409282531574,262351,12.136227357202003,0.0
897,2.4109818935394287,11.793847619546675,0.8746700964264156,12.433448850890393,10.305824485541303,0.0,0.1348588387678969,0.1,0.0032575130462646484,0.0662531852722168,0.0500208,1.5884258,10.623959482226123,0.0,0.12856818502065537,0.0,300,0.05608248710632324,0.012410909374100585,0.008986679660993216,262651,12.173380790202684,0.0
898,2.4016337394714355,11.145361452019158,0.8591676285546945,12.15443620879532,9.921680798999908,0.0,0.14859109753418784,0.1,0.0032052993774414062,0.059384822845458984,0.049611732,1.7059475,10.676099679205427,0.0,0.1200806755639178,0.0,300,0.029171466827392578,0.011148510928176534,0.010663009446983259,262951,11.850125565040146,0.0
899,2.430485486984253,11.205743317330956,0.829131184171254,12.219835746682516,9.929406427840249,0.0,0.14769412213175165,0.1,0.003082275390625,0.05840420722961426,0.050022196,1.6244663,10.72906404301798,0.0,0.12121330863508258,0.0,300,0.03428769111633301,0.013075412423945791,0.010054824739922866,263251,12.321951318515021,0.0
900,2.395451068878174,11.291793096620664,0.31689883890323645,11.53574349909958,10.759049744151943,0.0,0.1495770747605734,0.1,0.0031554698944091797,0.05832409858703613,0.050049484,1.4076544,10.785336948378248,0.0,0.12228963294056591,0.0,300,0.03258705139160156,0.011489434999457128,0.010361935015385454,263551,12.550847073899464,0.0
901,2.4372544288635254,11.015330805418351,1.5313267578604695,12.522163588503412,8.463143578095874,0.0,0.1347639271034316,0.1,0.003059864044189453,0.05946040153503418,0.049325243,3.0472848,10.808336334082258,0.0,0.11870707754451026,0.0,300,0.030819177627563477,0.012518587155087031,0.011047560200360263,263851,12.609262461657204,0.0
902,2.4848098754882812,11.604510555743369,0.9992714792332973,12.653701419990094,9.989042069078682,0.0,0.14849188091161872,0.1,0.0031452178955078125,0.0589754581451416,0.04817144,0.7091713,10.887953756248368,0.0,0.1262618477021233,0.0,300,0.03063344955444336,0.011607171670402016,0.007576877726285108,264151,11.432751238653964,0.0
903,2.433114767074585,9.559107638442839,1.4992661929773978,11.933660085969581,7.795796578191454,0.0,0.1405636213381146,0.1,0.0031158924102783203,0.0915682315826416,0.04951786,2.0309706,10.755069144467814,0.0,0.09938587910895724,0.0,300,0.03265047073364258,0.040983276986342035,0.01552042310446021,264451,12.241222208371164,0.0
904,2.395951271057129,10.714819143569503,0.9284590230483482,11.843496149318995,9.31189298795632,0.0,0.14405884190608817,0.1,0.008635520935058594,0.06845378875732422,0.05006123,1.2092406,10.751044144377984,0.0,0.11467196725736356,0.0,300,0.03354477882385254,0.007143980082199766,0.01362962578839286,264751,11.550504803454034,0.0
905,2.49560546875,10.825441904895065,1.1724060918476358,12.0362314254714,9.437007321707014,0.0,0.14537064546654102,0.1,0.0028994083404541016,0.05678296089172363,0.050042115,0.8368036,10.758483920429693,0.0,0.1161070630000359,0.0,300,0.05347132682800293,0.021371018218276246,0.00841442506306509,265051,11.549505097308261,0.0
906,2.423772096633911,9.776002282785957,1.866869026138178,11.350943032486153,6.702570273027997,0.0,0.1480407859745022,0.1,0.0031218528747558594,0.05846548080444336,0.049604807,0.90079427,10.660235756665319,0.0,0.10249257366415682,0.0,300,0.033225297927856445,0.028151857680971476,0.028483145692256313,265351,11.956712157704603,0.0
907,2.4759130477905273,10.485686550922777,1.1803609469247494,11.931928137584874,8.654974518999579,0.0,0.1442152536793815,0.1,0.003036022186279297,0.05801057815551758,0.050198328,1.0310714,10.642780836091067,0.0,0.11151916201299233,0.0,300,0.03071141242980957,0.013258933136349505,0.012819608712367578,265651,11.79909859221688,0.0
908,2.4138596057891846,10.46412197764014,0.6289864946396087,11.463321789789983,9.742357788384256,0.0,0.14137526001715353,0.1,0.003045320510864258,0.06916069984436035,0.04997919,1.1792012,10.624914950245973,0.0,0.11128514117986558,0.0,300,0.04084134101867676,0.007152836885787666,0.006041799259914627,265951,12.11887581183374,0.0
909,2.420656204223633,11.16134474044145,0.4691799729461626,11.725715413832454,10.422538659185369,0.0,0.1461157299790426,0.1,0.003024578094482422,0.08667588233947754,0.04942144,0.92777914,10.678557929265521,0.0,0.12052158828186713,0.0,300,0.034832000732421875,0.007775708191431633,0.005764762244513015,266251,6.900995947246263,0.0
910,2.5451574325561523,9.68635067203309,1.5271404739809002,11.784325399517014,7.504082816709749,0.0,0.12930819017774772,0.1,0.002950429916381836,0.06068754196166992,0.049549043,0.5612069,10.579337203542277,0.0,0.10120699133251218,0.0,300,0.030633926391601562,0.015901852480843724,0.015062399243938897,266551,11.836838495964313,0.0
911,2.458294153213501,9.695944528815698,2.007157368514843,11.452857916932123,6.293659406779994,0.0,0.13756366749960727,0.1,0.003007650375366211,0.05598616600036621,0.049507506,0.4754368,10.490997936069618,0.0,0.10136265325469598,0.0,300,0.030285358428955078,0.03545731532585496,0.03087291297354849,266851,11.930767897130705,0.0
912,2.490427255630493,10.122113760838499,1.3643116119630048,12.253175306509211,8.475387545069896,0.0,0.13472030046617262,0.1,0.002947092056274414,0.056723833084106445,0.049523544,3.2262795,10.454109518546506,0.0,0.10654634356798198,0.0,300,0.03011798858642578,0.008985169782755936,0.00965941079304902,267151,12.15895584057732,0.0
913,2.472846746444702,10.245091545027195,1.4746382169487637,12.569921895643274,8.473684577677863,0.0,0.1463583813402409,0.1,0.006670713424682617,0.05776691436767578,0.049974386,1.5091957,10.433207721194576,0.0,0.10820963959611705,0.0,300,0.030689001083374023,0.011909896382720902,0.011204603701990865,267451,12.625696970270084,0.0
914,2.489316463470459,11.357323932627748,0.8485320413712386,12.430045165549998,10.119323468573993,0.0,0.13422361510474795,0.1,0.005310535430908203,0.05779743194580078,0.049767803,2.464146,10.525619342337892,0.0,0.12294879081925544,0.0,300,0.03378725051879883,0.01162340663423457,0.007478336803829395,267751,12.036633750547438,0.0
915,2.4057459831237793,11.833501299473458,0.5381980867538843,12.59787358022462,11.296605799281275,0.0,0.15043314040223246,0.1,0.0034666061401367188,0.05865645408630371,0.050176393,1.4037352,10.656407538051448,0.0,0.12931896683274996,0.0,300,0.03231024742126465,0.0066527351066599655,0.00484227822208538,268051,12.078749381603446,0.0
916,2.440886974334717,11.14498129588134,0.7361385203977882,12.056151302975486,10.06799418785172,0.0,0.14852915466718938,0.1,0.0034110546112060547,0.08555769920349121,0.049419176,0.7488724,10.705264913834437,0.0,0.1203824004373283,0.0,300,0.029400348663330078,0.00882401516217255,0.0051541709215799855,268351,12.333935561480557,0.0
917,2.430011034011841,11.902820901297527,0.4485611478644278,12.338219846618891,11.222558001974365,0.0,0.14100402836528964,0.1,0.0031325817108154297,0.05815529823303223,0.049299292,0.8070119,10.825020512580746,0.0,0.1301385768622434,0.0,300,0.031100749969482422,0.003904537481062798,0.004220088804547923,268651,10.89700299381816,0.0
918,2.406676769256592,10.78131227932217,1.4993665974675137,12.301559080623992,8.291495722015876,0.0,0.13606868709360181,0.1,0.003148317337036133,0.05747103691101074,0.05157263,0.5882997,10.82064968925489,0.0,0.11543879537985824,0.0,300,0.0334467887878418,0.010832191946479955,0.009220234346141607,268951,12.089164969342269,0.0
919,2.4557385444641113,9.43744893016056,0.6074721589994413,9.98423828168889,8.484934966388968,0.0,0.14187953474143639,0.1,0.003009319305419922,0.05695986747741699,0.049740735,0.42728022,10.682329613345457,0.0,0.09780407149833478,0.0,300,0.03060436248779297,0.01684221892227118,0.006763586703796832,269251,12.641791183684772,0.0
920,2.4086642265319824,9.511824732742527,1.097621826519264,10.776546899823183,8.258982560217332,0.0,0.12841435837638387,0.1,0.0030975341796875,0.05685925483703613,0.05040188,0.6895687,10.565279125285164,0.0,0.09849589205852281,0.0,300,0.06197524070739746,0.011645492678281641,0.009489941374767316,269551,11.85551660567783,0.0
921,2.3999640941619873,10.47182970730347,0.7042968407990954,11.324428319881308,9.374906288886974,0.0,0.13963306325750885,0.1,0.0030181407928466797,0.058864593505859375,0.049344882,1.546711,10.555934183486995,0.0,0.11161793838157287,0.0,300,0.030671119689941406,0.010832897166126322,0.006697020255814942,269851,11.905656282326449,0.0
922,2.502535581588745,10.06431469548951,1.5825977371208995,11.512240491030063,7.637117352556629,0.0,0.12959209937501098,0.1,0.0029926300048828125,0.09126091003417969,0.050600834,1.6728663,10.506772234687247,0.0,0.1058864795163297,0.0,300,0.030430078506469727,0.014582702153662246,0.013225332420517186,270151,12.323341974871704,0.0
923,2.3828558921813965,11.967789672718544,0.43314100825818125,12.392373285219682,11.255631113996431,0.0,0.13967300591313903,0.1,0.002969026565551758,0.06260180473327637,0.049085364,1.7483659,10.652873978490376,0.0,0.131138346378515,0.0,300,0.04293966293334961,0.010511047330682642,0.005592983126495805,270451,12.140674907053716,0.0
924,2.466762065887451,10.56110307060899,1.2590672093389093,11.868155825781818,8.674925355079806,0.0,0.14366103559032026,0.1,0.003019571304321289,0.0565948486328125,0.049738474,0.77415663,10.643696887702239,0.0,0.11273206504137297,0.0,300,0.06739377975463867,0.011015309124211996,0.010024905107555762,270751,11.414395890239218,0.0
925,2.4750816822052,9.905074929712946,1.517483331857403,11.915274956729775,7.720455466381477,0.0,0.13132444609042287,0.1,0.0029172897338867188,0.05785012245178223,0.049777303,0.47805327,10.56983469190331,0.0,0.10367963764096785,0.0,300,0.0616605281829834,0.01430488811143059,0.012581371233194298,271051,11.690452356573894,0.0
926,2.414879083633423,10.643811129866945,1.041321939719624,12.066540820757922,9.505538578886863,0.0,0.13892439219860134,0.1,0.003064393997192383,0.05835986137390137,0.049696684,1.0683277,10.577232335699675,0.0,0.1135925067252849,0.0,300,0.030802249908447266,0.010084911653042226,0.007144769716048054,271351,11.857916601885622,0.0
927,2.36246919631958,10.92985972297213,0.9498743604002788,12.153776956738865,9.508593320045659,0.0,0.13904230610724397,0.1,0.0032095909118652344,0.057973384857177734,0.050387464,2.2697275,10.61249507442692,0.0,0.11741114237338578,0.0,300,0.05056118965148926,0.009560514561958295,0.009025110505896954,271651,11.767090659962177,0.0
928,2.448371410369873,10.992284969180684,0.7594181234592171,11.797698690858624,10.12324698546602,0.0,0.1476807356000718,0.1,0.002921581268310547,0.056585073471069336,0.05021563,1.948137,10.650474063902296,0.0,0.11819347760241183,0.0,300,0.030610322952270508,0.007787016340648963,0.00653900481075936,271951,9.472420607951529,0.0
929,2.4153525829315186,10.780816402918056,0.7123771461886658,12.002922555214775,10.217627273338824,0.0,0.14158257852562656,0.1,0.002929210662841797,0.06039595603942871,0.04981775,1.6926713,10.663508297803872,0.0,0.11549701248483701,0.0,300,0.030193805694580078,0.0077460820196648935,0.007479163668913303,272251,11.835999696928857,0.0
930,2.454314947128296,9.430778190806812,2.8513399176313614,11.923732094565127,4.583050817112097,0.0,0.1378565445884978,0.1,0.0031642913818359375,0.07208442687988281,0.049602937,0.8508867,10.540235287104167,0.0,0.09795192739397564,0.0,300,0.03075242042541504,0.060713731962292884,0.052379604197481375,272551,12.158228434205865,0.0
931,2.4666101932525635,10.09228188404402,0.521772684751223,10.887865136607543,9.440296441867728,0.0,0.1368429303302961,0.1,0.0031075477600097656,0.07132077217102051,0.05060924,0.46900207,10.495439946798152,0.0,0.10651796214030654,0.0,300,0.030553817749023438,0.006787086392753848,0.006224035094863643,272851,12.00195430285955,0.0
932,2.4510481357574463,10.87291212193271,1.1163830574400262,12.514314374546029,9.687620627970524,0.0,0.14704798815861075,0.1,0.006821632385253906,0.05801582336425781,0.049511835,0.9715929,10.533187164311608,0.0,0.11646246974036295,0.0,300,0.03130483627319336,0.01917307636705793,0.009712255290617523,273151,12.303875808125932,0.0
933,2.4272782802581787,11.355524397830278,0.6025632486147433,11.889478503790793,10.346719095426039,0.0,0.13463276686942682,0.1,0.003017902374267578,0.059113264083862305,0.05000621,2.1921136,10.615420887663475,0.0,0.12313228056490805,0.0,300,0.03092336654663086,0.00804232248270976,0.007358496309550796,273451,11.70026626986055,0.0
934,2.50254225730896,9.837322500741287,2.2343937939596104,11.935348678855245,6.195879011818681,0.0,0.13517544040699914,0.1,0.004403829574584961,0.05720686912536621,0.04920063,0.8501136,10.537611048971257,0.0,0.10296843650752958,0.0,300,0.030610322952270508,0.03819994650550567,0.026057628029632785,273751,12.010396456405124,0.0
935,3.064605236053467,10.068832226689114,1.644590726970726,11.382546519422425,7.273370061533679,0.0,0.14717269224024024,0.1,0.0029795169830322266,0.05902528762817383,0.049042657,0.59129316,10.490733166743043,0.0,0.106000195505727,0.0,300,0.030401945114135742,0.020600210895241323,0.02177975439586543,274051,11.496960688509352,0.0
936,2.4552016258239746,10.437970985429924,1.2799853474931555,11.790267319155495,8.600280266382958,0.0,0.13785469572335213,0.1,0.010442972183227539,0.08576774597167969,0.05033436,0.81934553,10.48545694861173,0.0,0.1107824074549394,0.0,300,0.03168344497680664,0.016146247915531438,0.007106893074631931,274351,11.512478572446684,0.0
937,2.4368419647216797,11.013798636627982,1.2672465411844047,12.502967609938139,9.042367879026457,0.0,0.14280812754802608,0.1,0.010889291763305664,0.05666208267211914,0.04948279,2.2089655,10.538291117413356,0.0,0.11855529612765617,0.0,300,0.030585050582885742,0.010981927878038783,0.011194809975825263,274651,11.458887234548358,0.0
938,2.4403388500213623,9.70971748508735,2.407953349334004,11.705862008484901,5.728967573854592,0.0,0.13756826679518191,0.1,0.012537479400634766,0.059473514556884766,0.050031886,0.7099442,10.455433754180756,0.0,0.10133214970165022,0.0,300,0.03233623504638672,0.03506548410114506,0.024916535193366424,274951,11.75734700125186,0.0
939,2.4321248531341553,10.101862160573026,0.5751579693576967,10.58330592630241,9.144375807943327,0.0,0.14126372795852232,0.1,0.0031347274780273438,0.09308171272277832,0.05005844,1.2708732,10.420076594819983,0.0,0.10633574252708966,0.0,300,0.03247475624084473,0.009799899503472856,0.009616260912763807,275251,12.133259437741449,0.0
940,2.3961329460144043,10.93947461283702,1.1625318438296206,12.30244333716736,9.164362213514764,0.0,0.13693595091298102,0.1,0.003180980682373047,0.058267831802368164,0.049532857,1.5469354,10.472016396621688,0.0,0.11754961651563635,0.0,300,0.038843393325805664,0.012924485547008945,0.009619400048764975,275551,11.80396315676254,0.0
941,2.4580445289611816,9.969033499075106,1.7541861798310328,11.82960089686237,7.306455241483014,0.0,0.13934542104414455,0.1,0.003178119659423828,0.05852031707763672,0.049358267,0.737472,10.421718106867031,0.0,0.10445686575929514,0.0,300,0.031620025634765625,0.013672066391769582,0.013560740953289779,275851,11.786027051068734,0.0
942,2.4247853755950928,10.810256959805914,0.8635580413659826,11.992721910431754,9.884628583812965,0.0,0.13906603779213872,0.1,0.003172159194946289,0.05772709846496582,0.050224844,1.3936207,10.460571992160919,0.0,0.11565465470722106,0.0,300,0.031101703643798828,0.006695955006937541,0.006045662547977356,276151,11.405027749955055,0.0
943,2.43851637840271,10.112167153284032,0.9856284392764091,11.34164479448849,9.032240790673425,0.0,0.1355898551634811,0.1,0.0029985904693603516,0.08983039855957031,0.04969287,1.5527488,10.42573150827323,0.0,0.10676308795835927,0.0,300,0.032514333724975586,0.015707300061271513,0.011574401457380755,276451,12.254159345682163,0.0
944,2.4246678352355957,10.257288601797569,1.803549474421869,12.40500411035502,8.010057346950406,0.0,0.1376284539213969,0.1,0.003041982650756836,0.056870460510253906,0.04967021,0.817729,10.408887217625665,0.0,0.10852826207006064,0.0,300,0.04414486885070801,0.015109419200860412,0.014951451060051437,276751,12.159293885532124,0.0
945,2.415905475616455,11.183980452146855,1.4168319161565825,12.711369234207638,8.888141264799712,0.0,0.13139954593640402,0.1,0.0029287338256835938,0.05650901794433594,0.051286463,0.53672236,10.486396541077784,0.0,0.12052365940607937,0.0,300,0.03763127326965332,0.01416525334335272,0.008633988304508414,277051,12.224921081325354,0.0
946,2.427380323410034,10.292516755561916,2.081964262585259,12.021253492956713,6.748958453007563,0.0,0.13753500213005818,0.1,0.0030083656311035156,0.056433916091918945,0.050761137,0.8187815,10.467008562526198,0.0,0.10892649645304303,0.0,300,0.0305938720703125,0.025090404995225742,0.02026096378291827,277351,12.336649487285287,0.0
947,2.4312665462493896,10.324058564342728,1.0321961278157916,12.066188706538869,9.396278580049678,0.0,0.1355699557068324,0.1,0.003129243850708008,0.058218955993652344,0.04950564,6.236901,10.452713562707851,0.0,0.10955094410433075,0.0,300,0.03092670440673828,0.013533867615713697,0.013183863966217709,277651,11.06956756142907,0.0
948,2.4267144203186035,9.977342978059982,0.9827958615336619,11.336304821842061,8.806350928863553,0.0,0.1489398771592108,0.1,0.002989530563354492,0.06012392044067383,0.05007313,0.6357275,10.405176504243064,0.0,0.10512466595364064,0.0,300,0.05459117889404297,0.013978301028360656,0.013264459591659509,277951,12.158857524553026,0.0
949,2.4037792682647705,10.60996361240186,1.263378077456578,11.815760955466168,8.656268644033005,0.0,0.15489629409989758,0.1,0.003025531768798828,0.05635881423950195,0.049792603,0.81299394,10.425655215058944,0.0,0.1133426220891459,0.0,300,0.06450700759887695,0.019060425146021024,0.012112221292514104,278251,12.194134544368168,0.0
950,2.499990224838257,11.22950824858001,1.5295425003906598,12.449144343030104,8.631136476698542,0.0,0.13278014326612367,0.1,0.0031442642211914062,0.08706974983215332,0.049679644,1.3263307,10.506040518411051,0.0,0.1213430915268697,0.0,300,0.03441429138183594,0.01240781366522857,0.010773803836005406,278551,11.502897169152265,0.0
951,2.478015422821045,10.942326703852803,0.4709298089463912,11.413743111564004,10.44566433219165,0.0,0.15307552796152332,0.1,0.0029344558715820312,0.05703377723693848,0.049731012,1.4881256,10.549669136955226,0.0,0.11776349750591326,0.0,300,0.03090524673461914,0.00915850878647295,0.0054722137803489175,278851,12.760075599428125,0.0
952,2.5639750957489014,10.321627363097946,1.433455131697016,12.716256382247115,8.907454377696652,0.0,0.13907295059992042,0.1,0.002972126007080078,0.05653500556945801,0.04980912,0.98668426,10.526864959569497,0.0,0.10938507718290655,0.0,300,0.031000137329101562,0.014463591121942447,0.013124715894548696,279151,11.746463139505517,0.0
953,2.4725136756896973,9.937047010388465,2.6575579340098887,12.257801076114603,5.646729936009235,0.0,0.1399297314363593,0.1,0.003088712692260742,0.056183815002441406,0.05064612,0.4510981,10.467883164651393,0.0,0.10441028325191694,0.0,300,0.030947446823120117,0.036414531332218246,0.03306994125816074,279451,12.512651990010065,0.0
954,2.5420989990234375,8.556000629559872,1.4936466233652803,10.3111959921542,6.191474747763706,0.0,0.1392436605042335,0.1,0.002947568893432617,0.0645601749420166,0.04926958,0.38945034,10.276694911142242,0.0,0.08629090754786856,0.0,300,0.05606865882873535,0.017066906454371127,0.012685964507605356,279751,11.715608066401463,0.0
955,2.469913959503174,9.839900285310728,0.6088666031614155,10.44380468485963,8.849179197286412,0.0,0.13821989245513172,0.1,0.0035257339477539062,0.05908679962158203,0.05034611,3.4578056,10.23301544855909,0.0,0.1031152540790247,0.0,300,0.03130531311035156,0.007016462688355581,0.005688385542723452,280051,11.588423866455699,0.0
956,2.4135468006134033,11.118033894077193,0.5346243806140353,11.885225205129027,10.417134974360355,0.0,0.13914842365135088,0.1,0.00319671630859375,0.0956888198852539,0.05014165,2.1074488,10.321517293110901,0.0,0.11990421376657277,0.0,300,0.031187057495117188,0.012036165546856232,0.007323787961554002,280351,12.256946811512572,0.0
957,2.4184961318969727,10.991679892871854,0.3979155666019072,11.586632818871221,10.595440329512753,0.0,0.14580304222814405,0.1,0.0030264854431152344,0.06005668640136719,0.049610674,2.302802,10.388533553086996,0.0,0.11818847359096452,0.0,300,0.03164386749267578,0.007562597487149747,0.003870408650333499,280651,12.192548927919963,0.0
958,2.4515066146850586,10.246997528088064,0.9158534650236931,11.33403718203941,8.984014842613355,0.0,0.1385998506413387,0.1,0.0031690597534179688,0.061036109924316406,0.04994794,0.84236026,10.374379950587102,0.0,0.10860119871024436,0.0,300,0.03128981590270996,0.007748438199132039,0.008555643906399638,280951,12.095842758867827,0.0
959,2.463941812515259,11.499909544555162,0.7769402931103934,12.069104622894931,10.168689116154688,0.0,0.13907088562728523,0.1,0.0030820369720458984,0.09658217430114746,0.049641944,1.0871243,10.486932909983908,0.0,0.1248538611468431,0.0,300,0.031143665313720703,0.00910971157624066,0.005008977758147489,281251,12.036311684794894,0.0
960,2.4332690238952637,10.833312537069629,1.0485810599203076,11.728846318154938,9.07178710906134,0.0,0.1402528928269209,0.1,0.003132343292236328,0.058563947677612305,0.049552668,1.4252667,10.52157087269248,0.0,0.1161248757484471,0.0,300,0.03121209144592285,0.009076624590804706,0.00961817561546979,281551,11.691182370547224,0.0
961,2.3627991676330566,10.98457335904598,0.6857648212662647,12.079799195698167,10.204403502656904,0.0,0.14812333007338044,0.1,0.0030651092529296875,0.0589754581451416,0.050252616,0.8578913,10.567871121327832,0.0,0.11818367541689773,0.0,300,0.044626474380493164,0.006470202702628268,0.004588766990937063,281851,11.732844187662723,0.0
962,2.400261163711548,10.323095822934766,1.3490880662437406,11.800664646350999,8.38146292552098,0.0,0.1460231013989888,0.1,0.003081798553466797,0.05918550491333008,0.049772684,0.7765569,10.543393591488526,0.0,0.10957045848934294,0.0,300,0.030649662017822266,0.016084215188676258,0.012522665490415657,282151,12.03136271733618,0.0
963,2.5052220821380615,11.405777229577497,0.6809589189360368,12.375333148864302,10.465363195876911,0.0,0.14729654073349666,0.1,0.003106355667114258,0.09054088592529297,0.051080022,4.0734987,10.629631955297423,0.0,0.12365940881029279,0.0,300,0.030613422393798828,0.01632262816703385,0.007826996529863847,282451,11.260894080341226,0.0
964,2.4341847896575928,10.970982687801243,1.591128873065692,12.642347255796071,8.352299833398154,0.0,0.14144450559752583,0.1,0.003445863723754883,0.06094217300415039,0.04971129,0.8028964,10.663767028547806,0.0,0.11789498857584671,0.0,300,0.05225253105163574,0.007451731874371024,0.009397663225770026,282751,11.343733106653952,0.0
965,2.480815887451172,10.71468073628068,0.6346766351112482,11.283005368881966,9.639498753563386,0.0,0.14141284671376497,0.1,0.0031595230102539062,0.05826735496520996,0.050228227,0.7926548,10.668858399321094,0.0,0.11473078435219428,0.0,300,0.03115105628967285,0.011102955585692622,0.006248185254914911,283051,12.223250552688805,0.0
966,2.407518148422241,11.34522157587181,0.8146409480521475,12.262303017036963,10.02923137433513,0.0,0.14334235478212146,0.1,0.003086566925048828,0.05730581283569336,0.04921442,0.6934522,10.736494716976166,0.0,0.12281250540050467,0.0,300,0.04199504852294922,0.008174514541797625,0.007345448011205076,283351,11.260592886672496,0.0
967,2.398249626159668,8.061162418392026,3.080004023957434,12.269089493716558,3.5863912653137002,0.0,0.13695786677158037,0.1,0.0031080245971679688,0.05737757682800293,0.04910428,0.6880416,10.468961487117753,0.0,0.07988442826640443,0.0,300,0.032594919204711914,0.1320236066370887,0.08002969591609252,283651,12.362177716881634,0.0
968,2.535616159439087,10.515598167650403,2.347867280170787,12.301629931054954,6.4863269129944,0.0,0.13973337776342976,0.1,0.002972841262817383,0.05868721008300781,0.04924172,0.67643845,10.473625155171018,0.0,0.1119425854859424,0.0,300,0.03096294403076172,0.042354959356634685,0.025867585320010572,283951,12.139473507815593,0.0
969,2.4878909587860107,11.19151266568021,1.3338129270992058,12.626916569072357,9.18690658612512,0.0,0.1448990997020168,0.1,0.0029039382934570312,0.06517815589904785,0.04960575,1.5527807,10.545413906221938,0.0,0.12092506731757768,0.0,300,0.043082475662231445,0.018896003800163288,0.01231311944020827,284251,12.430277031804147,0.0
970,2.4744977951049805,10.62421658842904,0.7979909266434408,11.335853701223877,9.270965036425737,0.0,0.14441310951120973,0.1,0.0030422210693359375,0.057820796966552734,0.049752567,1.3362758,10.55329417444265,0.0,0.1134171128547844,0.0,300,0.06026339530944824,0.008395348985664141,0.0081795999889346,284551,12.036042444171363,0.0
971,2.414480686187744,10.810149736298484,0.934241424522565,12.272347365130692,9.76247995102706,0.0,0.14049681132653677,0.1,0.002995729446411133,0.0563201904296875,0.050082088,1.4870505,10.578979730628234,0.0,0.11587721905112014,0.0,300,0.06877613067626953,0.01195739582575526,0.007349880236358015,284851,12.635478449911039,0.0
972,3.068765878677368,10.79292777951556,1.5594187932989458,12.129453659434358,8.13603915640191,0.0,0.13092431118757641,0.1,0.003227710723876953,0.05845189094543457,0.04955544,0.49026164,10.600374535516966,0.0,0.11535819559507689,0.0,300,0.030296802520751953,0.016117140164361502,0.01552675415301633,285151,12.388554743044077,0.0
973,2.440443515777588,10.425298106704805,1.5302368444133256,12.49712149407073,8.593180327406198,0.0,0.13245486678040908,0.1,0.0033788681030273438,0.06190371513366699,0.05051692,0.55114496,10.58286689263575,0.0,0.1112189806480508,0.0,300,0.031125783920288086,0.012259546008480938,0.009738258998371939,285451,12.26477244219744,0.0
974,2.4295103549957275,11.556337323085886,0.22505930690925086,11.93637858820812,11.348332321162239,0.0,0.14649648450109784,0.1,0.0032787322998046875,0.09099173545837402,0.05057635,5.786119,10.680213935680763,0.0,0.12559159536319278,0.0,300,0.03144335746765137,0.0067973150189457685,0.0060960501987249675,285751,12.63057826661303,0.0
975,2.469882011413574,11.601592691127122,0.6644624153736677,12.115828966787802,10.472364651676106,0.0,0.14015068817219573,0.1,0.003082752227783203,0.05853533744812012,0.05069491,2.7968507,10.7723518112254,0.0,0.1262507511414437,0.0,300,0.059308528900146484,0.006581494535274962,0.0041724632582552275,286051,12.546906327795758,0.0
976,2.435014486312866,11.239371352983863,0.5597883263262246,12.04156426853733,10.661687753041338,0.0,0.14802309822546744,0.1,0.003143787384033203,0.05958914756774902,0.049807645,1.5730189,10.819053765401247,0.0,0.12146998186484932,0.0,300,0.03099822998046875,0.009087995167454848,0.006220719053556761,286351,11.71282872038469,0.0
977,2.3986010551452637,11.129893150309368,0.7641111957146547,12.37583749010835,10.437561971422888,0.0,0.14460417569996536,0.1,0.003104686737060547,0.057080984115600586,0.04957864,0.5692479,10.85013770389206,0.0,0.11994537847300873,0.0,300,0.03087592124938965,0.014164229174567968,0.0066789969877920925,286651,12.72917585399623,0.0
978,2.4362730979919434,11.413099888938044,0.43018078863885484,11.881135219022758,10.774000871291774,0.0,0.1411789453537184,0.1,0.002987384796142578,0.058862924575805664,0.04984441,1.2701578,10.906433922396658,0.0,0.123648742664821,0.0,300,0.0691676139831543,0.003264598402637147,0.005753272851774214,286951,12.629564983767688,0.0
979,2.459604024887085,10.596399263112612,1.2662139522251579,11.464246529802319,8.420913602464704,0.0,0.14544299096417546,0.1,0.003098726272583008,0.07950711250305176,0.04975899,0.4500879,10.875430456468255,0.0,0.1129043187118604,0.0,300,0.03930068016052246,0.010550826648696842,0.008390822930435743,287251,12.377038235763843,0.0
980,2.38865065574646,11.284568270758358,1.0417401766341359,12.454485257084125,10.212088252907451,0.0,0.13785584500915368,0.1,0.003071308135986328,0.06175112724304199,0.04936514,1.4704803,10.916344237897265,0.0,0.1222007050486519,0.0,300,0.031174659729003906,0.010127169426958477,0.007781362579118975,287551,12.149127466853384,0.0
981,2.431252956390381,10.272998939252979,1.7475517579703126,12.465302738472984,7.834095334391449,0.0,0.13374799298791884,0.1,0.0030024051666259766,0.059549570083618164,0.05005393,3.4295866,10.852009708032837,0.0,0.10871155877315737,0.0,300,0.030947446823120117,0.014914616702743777,0.013739106797272149,287851,12.75127236122505,0.0
982,2.465446949005127,11.056516379049732,1.6505743238992643,12.351897795388007,8.24058588428463,0.0,0.13342094289016512,0.1,0.002998828887939453,0.05621194839477539,0.05013158,1.1083436,10.872460375134526,0.0,0.11890644193251218,0.0,300,0.031129837036132812,0.013201500990213092,0.008832837928995006,288151,12.583832119668186,0.0
983,2.453575372695923,11.852507390954397,0.4472358250442667,12.404209863380906,11.253988449088736,0.0,0.15182392754440585,0.1,0.0030694007873535156,0.05835461616516113,0.050296966,1.0622762,10.970465076716513,0.0,0.1292971312834016,0.0,300,0.03100299835205078,0.006180545919721478,0.004281169316977333,288451,12.479555445232583,0.0
984,2.465648651123047,11.013243152862017,0.7384017003693923,12.123376649422738,10.048614619682922,0.0,0.15180805189765506,0.1,0.002954244613647461,0.056914567947387695,0.050148994,0.5437467,10.974742884331064,0.0,0.11840479171060729,0.0,300,0.03137993812561035,0.014256898171345487,0.008890249565180275,288751,12.157038797735778,0.0
985,2.49064302444458,9.868024395002632,2.8994304995062232,12.4680680573261,5.10496765179981,0.0,0.1312069479570316,0.1,0.0030889511108398438,0.05708622932434082,0.048621107,0.48828822,10.86407103539822,0.0,0.10330371312723977,0.0,300,0.03121161460876465,0.051705812125632744,0.03722011965387692,289051,12.460935669077776,0.0
986,2.534909248352051,9.716808397151407,0.9353971492889281,10.580859565743447,8.286109906747054,0.0,0.14780663437507338,0.1,0.0030138492584228516,0.058969736099243164,0.049828216,0.61725044,10.74934477157354,0.0,0.10165422776135155,0.0,300,0.03389167785644531,0.011784319817657799,0.012062448248644496,289351,12.863046539122578,0.0
987,2.4991343021392822,11.893848473559302,0.23813827323268555,12.253794181640032,11.61076842550656,0.0,0.14404183069079898,0.1,0.003053903579711914,0.057900190353393555,0.049841456,1.7623141,10.863795141772115,0.0,0.12999500678802106,0.0,300,0.03276371955871582,0.03226981846667249,0.007639847091191405,289651,12.431440124476469,0.0
988,2.5142252445220947,10.307948227787843,2.571882571226706,12.174580225905075,5.930256626562326,0.0,0.14437546205871316,0.1,0.0030846595764160156,0.05781412124633789,0.049387023,1.6327349,10.808210450373688,0.0,0.10905315063492518,0.0,300,0.03072500228881836,0.05063933928124748,0.046851462258084974,289951,12.810081401919646,0.0
989,2.4694972038269043,11.688677369593455,0.7174212173266611,12.223461042029559,10.470932708059953,0.0,0.13719321604410378,0.1,0.0036818981170654297,0.05819249153137207,0.050101746,2.2567413,10.896257142295665,0.0,0.12731160140851255,0.0,300,0.03113102912902832,0.005890989034137637,0.006193809768370817,290251,12.632916796623965,0.0
990,2.376063108444214,11.799846992387037,0.7159441737657087,12.690066605706697,10.743669597478211,0.0,0.14246060486178644,0.1,0.003728151321411133,0.0723261833190918,0.05020973,7.279001,10.986616127304803,0.0,0.12892584669407736,0.0,300,0.03308820724487305,0.007213756683673434,0.005881922767447262,290551,12.048973000717924,0.0
991,2.434128522872925,10.877805958242366,0.9175067622030402,12.027648790282004,9.60485989503774,0.0,0.14414210342091224,0.1,0.007098197937011719,0.08265161514282227,0.049774047,0.76749855,10.97573511039856,0.0,0.11666306939158023,0.0,300,0.0302886962890625,0.016618155987283785,0.011578255847802844,290851,12.920097104540533,0.0
992,2.450528383255005,11.641627072664956,0.647448629956291,12.463908174211095,10.648639900794908,0.0,0.13803294055369955,0.1,0.0033109188079833984,0.08371543884277344,0.049348567,0.891145,11.042324306625199,0.0,0.12655727433233435,0.0,300,0.0308074951171875,0.014013095561864695,0.0069734531100397535,291151,12.638340939416395,0.0
993,2.469365358352661,11.187954755616875,1.218442186943986,12.420200756187668,9.871547175502162,0.0,0.14528710984692583,0.1,0.0031175613403320312,0.08655285835266113,0.049825974,0.80033344,11.056887351524367,0.0,0.12084127413966775,0.0,300,0.031096220016479492,0.009802242989247853,0.010357624060030442,291451,12.731990581806054,0.0
994,2.3728861808776855,11.338670335015653,0.3486785926778509,11.936258150813762,11.060581728843326,0.0,0.15266831433655811,0.1,0.0032083988189697266,0.05927443504333496,0.050068278,0.81526256,11.085065649873496,0.0,0.12307982563259519,0.0,300,0.03139162063598633,0.006448748417211252,0.0042716013731339,291751,12.821238514854267,0.0
995,2.4838550090789795,9.706431990628825,1.823531777184594,11.841269815615885,7.061365563228221,0.0,0.1491468959957866,0.1,0.003135204315185547,0.0582890510559082,0.049775608,0.58915937,10.947202283949029,0.0,0.10110501796276855,0.0,300,0.03113079071044922,0.022482647521862867,0.020326328514585257,292051,12.654356113888996,0.0
996,2.485286235809326,10.730957705562204,1.2173577175388917,11.917484851318786,9.041678201018065,0.0,0.14101709734830717,0.1,0.003084421157836914,0.06927156448364258,0.049689982,0.5951189,10.925577826110347,0.0,0.11494341162673788,0.0,300,0.030997753143310547,0.02214719917417641,0.013222700364351381,292351,11.99568674733523,0.0
997,2.385404586791992,11.661297304490635,0.5999102087436629,12.552738775603855,10.913931345019595,0.0,0.1436905152611952,0.1,0.0031075477600097656,0.059515953063964844,0.049889304,1.5868828,10.999149773948375,0.0,0.1269756173399104,0.0,300,0.05398297309875488,0.00810758071952555,0.007037218811490948,292651,12.955061486880117,0.0
998,2.371389865875244,10.83842669019367,1.3894645828286345,12.406597831108234,9.165242133830734,0.0,0.14252467952511585,0.1,0.0031719207763671875,0.05863833427429199,0.04993849,2.2713418,10.983077465572904,0.0,0.11602410452404993,0.0,300,0.031317710876464844,0.009332727358923992,0.008024053576375926,292951,12.850879008761959,0.0
999,2.4046831130981445,10.913285364781919,0.8813811253647315,12.29866399775166,9.85546376285412,0.0,0.14574816610418342,0.1,0.003078937530517578,0.05828070640563965,0.050073862,1.0976795,10.976098255493806,0.0,0.11735015797111928,0.0,300,0.03139805793762207,0.01231676443786439,0.005558497248219817,293251,12.539810204188521,0.0
1000,2.4322328567504883,11.955579908920306,0.39431070913044985,12.563512816907428,11.54424753251798,0.0,0.14917002263748771,0.1,0.0030503273010253906,0.058042287826538086,0.05011981,1.1662788,11.074046420836456,0.0,0.13089700845830116,0.0,300,0.03207993507385254,0.00973288707150629,0.005942447065937365,293551,12.921191270125084,0.0
1001,2.443875551223755,10.97977265300886,0.3623621365128245,11.589534529724192,10.650866957326597,0.0,0.1411201787512486,0.1,0.0030586719512939453,0.07921481132507324,0.050072163,1.1007576,11.064619044053696,0.0,0.11788510835865854,0.0,300,0.04219770431518555,0.005634608632656301,0.005241553354579654,293851,12.824482844150564,0.0
1002,2.448274612426758,11.581430723837375,0.9266205588712707,12.395040177076643,10.105289690579669,0.0,0.1411924187092594,0.1,0.0029273033142089844,0.056146860122680664,0.049147144,0.8352777,11.116300212032064,0.0,0.12583121395742222,0.0,300,0.03279590606689453,0.008260351153531792,0.006254608188261426,294151,12.66855119506778,0.0
1003,2.4064085483551025,11.01559038692669,0.8634404399821932,12.082453622838917,10.112937229761828,0.0,0.13956625496937344,0.1,0.002910137176513672,0.05619931221008301,0.049613368,1.2693901,11.106229229521526,0.0,0.11853843630495556,0.0,300,0.03138303756713867,0.006243531544490127,0.005446724554269966,294451,12.333676803169253,0.0
1004,2.445952892303467,11.225344189583174,0.19990591703816454,11.452024677392656,10.903026092897214,0.0,0.15146270199497516,0.1,0.003087759017944336,0.07683134078979492,0.049692106,1.0613589,11.11814072552769,0.0,0.12132733327276822,0.0,300,0.04250335693359375,0.007531189923746752,0.006804203381782975,294751,12.6125235942883,0.0
1005,2.544583320617676,11.596958987328087,0.7420517260217558,12.26439126408604,10.355790640512803,0.0,0.14912086271750982,0.1,0.003059864044189453,0.05866599082946777,0.050322168,1.9982858,11.16602255170773,0.0,0.12615823998728135,0.0,300,0.031080007553100586,0.00989919585504335,0.004555893138811371,295051,12.965768748310582,0.0
1006,2.446077823638916,11.220952143559343,0.8671714440394919,12.548473249002097,10.26082155549916,0.0,0.14785574625982234,0.1,0.0076334476470947266,0.07159924507141113,0.049346264,0.9137031,11.171515510892892,0.0,0.12117719027632219,0.0,300,0.03169417381286621,0.005779677779262961,0.0066588560254899,295351,11.785924887499434,0.0
1007,2.667862892150879,11.192667583251502,1.0360983893169222,12.81410320637794,10.156334321421562,0.0,0.13626279624323862,0.1,0.0030303001403808594,0.05906176567077637,0.05020048,0.92305124,11.173630718128752,0.0,0.12093174017728085,0.0,300,0.031080245971679688,0.008071933229626946,0.00541233664058061,295651,12.649145604420417,0.0
1008,2.406959295272827,11.4410516563397,1.0749277618553574,12.596206599003406,9.836945496767132,0.0,0.14176028503259716,0.1,0.003524303436279297,0.059323787689208984,0.049742077,0.89272237,11.200372811949848,0.0,0.12432810758647694,0.0,300,0.03107476234436035,0.007250860408294616,0.007340186342676061,295951,12.066596691467792,0.0
1009,2.441059112548828,11.941490556551233,0.569644503284089,12.533975210442897,11.221539346527075,0.0,0.15292085545247455,0.1,0.0032553672790527344,0.0603787899017334,0.049521174,1.1244385,11.274484586409987,0.0,0.1305066178545793,0.0,300,0.03083348274230957,0.007719536035087682,0.003570748893511668,296251,12.759958778550631,0.0
1010,2.521136522293091,8.99215786581845,2.5538468874370097,11.514112221173777,5.062057375155346,0.0,0.14723026669492265,0.1,0.003084421157836914,0.06020641326904297,0.049795143,0.6057086,11.046251914350833,0.0,0.09167637949577548,0.0,300,0.0313115119934082,0.1102010380475519,0.07270431928154457,296551,12.870986334829922,0.0
1011,2.4783718585968018,11.570174781208541,0.65386794690936,12.298711120976664,10.901541286809891,0.0,0.15228069777369546,0.1,0.0030777454376220703,0.05671525001525879,0.049777806,1.1385859,11.098644201036604,0.0,0.12582504632341152,0.0,300,0.032752275466918945,0.014227105021539206,0.011652535326902002,296851,12.95712155513428,0.0
1012,2.4483156204223633,11.515018286092747,0.27705512771091007,11.890007505715811,11.124582701992596,0.0,0.14042661700258952,0.1,0.014896869659423828,0.07551193237304688,0.050316468,3.1717498,11.14028160954222,0.0,0.12515245841967,0.0,300,0.03262042999267578,0.010997912308451896,0.00675360614387637,297151,12.997902833208776,0.0
1013,2.422118902206421,9.29606575741476,4.299208563121148,12.425730538482727,1.8833896680762656,0.0,0.13522168602930912,0.1,0.003014802932739258,0.08736181259155273,0.050244257,0.57585365,10.955860024329473,0.0,0.0960529171855529,0.0,300,0.03408050537109375,0.1373921620774368,0.10318838578229649,297451,12.660545463780513,0.0
1014,2.4495725631713867,12.00686889602505,0.6137486829608471,12.575335372434033,11.043298784761966,0.0,0.14742017535346424,0.1,0.003061056137084961,0.09315156936645508,0.050131567,1.1034973,11.06096091149903,0.0,0.1315034793981228,0.0,300,0.03362441062927246,0.008985821216310003,0.010823188448686618,297751,12.878651026210852,0.0
1015,2.509916305541992,11.86807194077073,0.38523172087704943,12.436660316159124,11.512602152919614,0.0,0.13726471876487595,0.1,0.0031375885009765625,0.08440017700195312,0.04955059,2.748278,11.1416720144262,0.0,0.12949402665635726,0.0,300,0.03191733360290527,0.015348510044903717,0.006390907872952897,298051,12.775851488470378,0.0
1016,2.456468343734741,11.143549951369076,1.433568558167504,12.136603774523175,8.66694470442713,0.0,0.14057911830057002,0.1,0.0030918121337890625,0.08804106712341309,0.0502679,0.52541196,11.14185980812049,0.0,0.12003372313564348,0.0,300,0.030955076217651367,0.012527464971190266,0.012714683013554688,298351,12.96596321652419,0.0
1017,2.4468636512756348,11.93991006231406,0.6471437707337127,12.497409016068444,10.83892082261554,0.0,0.14632017077070453,0.1,0.0029985904693603516,0.05647015571594238,0.049586825,1.2231715,11.221664833539847,0.0,0.13051540480492368,0.0,300,0.06824779510498047,0.006051831025821395,0.004315584953764813,298651,12.843810645388062,0.0
1018,2.478710889816284,12.186162210094855,0.287218921142962,12.560401090382928,11.813698120782972,0.0,0.14084861596287152,0.1,0.0029723644256591797,0.05867505073547363,0.050540127,1.0265442,11.318114571195348,0.0,0.1337922791241762,0.0,300,0.030475139617919922,0.005165143214050063,0.0033418023247943304,298951,12.342237510733597,0.0
1019,2.435481309890747,11.964670778254643,0.23901814976554525,12.20791118765517,11.571789873845729,0.0,0.14063863053043182,0.1,0.0028982162475585938,0.05661606788635254,0.05052729,1.4098312,11.382770191901278,0.0,0.13079214333621353,0.0,300,0.030337810516357422,0.004939027230511136,0.004247969317895573,299251,12.828143170756952,0.0
1020,2.4726831912994385,12.236481003274239,0.11999924584830314,12.34967301539657,12.058738065154524,0.0,0.15517466305281313,0.1,0.002951383590698242,0.05666041374206543,0.04991379,1.0194037,11.468141273038574,0.0,0.1344237983892401,0.0,300,0.03659653663635254,0.004640938002106557,0.004597788620552065,299551,12.893536592895943,0.0
1021,2.4820525646209717,11.743747159917273,0.31266371338509263,12.20740097776586,11.397248024537326,0.0,0.1425855162210947,0.1,0.0030374526977539062,0.11593842506408691,0.049670294,1.0914705,11.495701861726443,0.0,0.12800682887601394,0.0,300,0.03115677833557129,0.004659099861146318,0.003987990687579809,299851,12.86122714376319,0.0
1022,2.457005023956299,11.366966390706569,0.3046276497846498,11.761326626987199,11.015566878219834,0.0,0.15173627742322715,0.1,0.005433797836303711,0.06239962577819824,0.05004011,0.7375947,11.482828314624456,0.0,0.1230567864778041,0.0,300,0.029885053634643555,0.0062683476403123965,0.004331310876686352,300151,12.830262666139783,0.0
1023,2.404092788696289,11.798643328087303,0.8270193635657791,12.541386657481157,10.403137385307716,0.0,0.14859046395528405,0.1,0.003850221633911133,0.05793142318725586,0.04898872,0.8220605,11.51440981597074,0.0,0.12900065193984966,0.0,300,0.031065702438354492,0.003993139610257876,0.0036311329625073876,300451,12.941231612135113,0.0
1024,2.4547042846679688,11.228417755738326,0.558601386352311,11.865241040300797,10.347169234243703,0.0,0.14205931325692403,0.1,0.0032854080200195312,0.0650637149810791,0.05070216,0.8592154,11.4858106099475,0.0,0.12129068462090875,0.0,300,0.0516507625579834,0.005141978758538583,0.004807298921501032,300751,10.837139254651275,0.0
1025,2.4424965381622314,11.793788097853701,0.31838515000191275,12.271719470050904,11.478398273059277,0.0,0.14986981075435038,0.1,0.004994392395019531,0.07334566116333008,0.049924318,0.9602566,11.516608358738122,0.0,0.1287032624570962,0.0,300,0.0335850715637207,0.006351197527106074,0.006051600711009268,301051,12.719444228775254,0.0
1026,2.3729193210601807,11.893838290078824,0.40572078215399143,12.380618143482678,11.304774405865462,0.0,0.13934424055017527,0.1,0.003222227096557617,0.09771251678466797,0.05022643,1.2975173,11.554331351872191,0.0,0.12995460261487568,0.0,300,0.03178143501281738,0.0049915840598555965,0.003776847499555652,301351,12.579987646183868,0.0
1027,2.40407133102417,9.962669373909652,3.031115521593246,11.928653922837935,4.717933492124302,0.0,0.14786747688214374,0.1,0.0030775070190429688,0.11684918403625488,0.0497646,0.5968896,11.395165154075938,0.0,0.10429848328166305,0.0,300,0.029767990112304688,0.10274470193260044,0.07194533625044121,301651,12.55087611373512,0.0
1028,2.496086835861206,12.016256127117423,0.3468788454657608,12.4583162261274,11.565409423012536,0.0,0.15026756090596508,0.1,0.002997159957885742,0.05906558036804199,0.050100304,0.85418886,11.457274251380086,0.0,0.13140927861441054,0.0,300,0.03154587745666504,0.03266747486635535,0.01893527422662495,301951,12.628157802658814,0.0
1029,2.492685079574585,11.462212642590021,1.1627146478785872,12.373459011200216,9.478197989052916,0.0,0.1457196372904351,0.1,0.003075838088989258,0.0575098991394043,0.050695255,0.7560728,11.45776809050108,0.0,0.12441463934968479,0.0,300,0.03070354461669922,0.012524227614287146,0.014852310551205073,302251,12.706527349299416,0.0
1030,2.5327813625335693,11.516880378753466,1.6215705993460543,12.6547213030747,8.717050954410674,0.0,0.14745319261230788,0.1,0.0029201507568359375,0.05758404731750488,0.049230907,0.7891693,11.46367931932632,0.0,0.12495262472977409,0.0,300,0.03159523010253906,0.013062832487403421,0.009776083030420983,302551,12.490864845202557,0.0
1031,2.44291615486145,10.904926405193205,1.687837682032394,12.612582800128346,8.516713767088842,0.0,0.13614378123544754,0.1,0.0030221939086914062,0.0757758617401123,0.050549276,0.6564695,11.407804027913008,0.0,0.11681385353715705,0.0,300,0.05132436752319336,0.015324410498360221,0.015429098359874811,302851,13.036652330768815,0.0
1032,2.452486038208008,11.865761213369494,0.36894131127992413,12.317402852331417,11.290982115496,0.0,0.15068390954174968,0.1,0.0030295848846435547,0.08081436157226562,0.049630906,1.2060093,11.453599746458657,0.0,0.12971677020868025,0.0,300,0.04510307312011719,0.003586720297851471,0.003310589111583334,303151,12.820028197861811,0.0
1033,2.51495099067688,12.107287035346555,0.3624420751630912,12.454676924512192,11.590739853152936,0.0,0.15279038876196122,0.1,0.005408287048339844,0.07291460037231445,0.05047339,0.8661577,11.518968475347448,0.0,0.13288269213226667,0.0,300,0.029718875885009766,0.0027671218872689896,0.0020941936252418746,303451,12.948369256575779,0.0
1034,2.4914376735687256,10.935371019514772,0.5945277807575354,11.840016847621644,10.185511525631995,0.0,0.13990170950011704,0.1,0.003101348876953125,0.058084964752197266,0.050132833,0.6992553,11.46060872976418,0.0,0.11758323343856253,0.0,300,0.03264737129211426,0.005821700576364801,0.004757781293227012,303751,12.471061626976999,0.0
1035,2.4925360679626465,11.69154930341202,0.9046872141631229,12.492646831781785,10.218043689727065,0.0,0.14930035935051705,0.1,0.0030624866485595703,0.058188676834106445,0.04959159,0.7945673,11.483702787128964,0.0,0.1272350667568939,0.0,300,0.031317949295043945,0.004997826847129987,0.004482228457165459,304051,12.863263386636582,0.0
1036,2.4895071983337402,11.962134058476307,0.4044066996540472,12.429315673106919,11.379334069729865,0.0,0.14645786609336567,0.1,0.01019906997680664,0.08415579795837402,0.04977405,1.9707009,11.531545914263699,0.0,0.130810860631976,0.0,300,0.030745267868041992,0.004121510735336202,0.0035955243142307375,304351,11.902030413436924,0.0
1037,2.4778778553009033,12.142492494985676,0.5269820138735211,12.650864031312256,11.342892004179669,0.0,0.13940635719263014,0.1,0.0030736923217773438,0.05695843696594238,0.049894337,1.9079334,11.592640572335897,0.0,0.13330573048860617,0.0,300,0.030624866485595703,0.00363716348321251,0.002834289363407195,304651,12.203629008805235,0.0
1038,2.5433871746063232,11.83242535970313,0.2908706743698442,12.27269919993134,11.459760169473316,0.0,0.1577680925405316,0.1,0.0030477046966552734,0.0635366439819336,0.049867157,0.7668719,11.616619051072622,0.0,0.12937020226003426,0.0,300,0.03201031684875488,0.0036885057018379835,0.0037147004306650427,304951,12.52893061608688,0.0
1039,2.5272629261016846,11.91345655404278,0.7935062051554802,12.732232567853842,10.602764919104056,0.0,0.14386217398730095,0.1,0.0030007362365722656,0.058324575424194336,0.049945183,1.3834494,11.646302801369638,0.0,0.1303279136736251,0.0,300,0.035003662109375,0.004796552143443309,0.004544241481092269,305251,12.794784604773312,0.0
1040,2.51235294342041,10.257341375899244,2.982888962325211,12.719587698660403,5.392556293202884,0.0,0.13049367943477544,0.1,0.003462553024291992,0.058507442474365234,0.049300365,0.35242724,11.5074066588226,0.0,0.10831071592413268,0.0,300,0.03101634979248047,0.03839793406937048,0.028493937443671125,305551,9.656780887078067,0.0
1041,2.461427927017212,11.958790443826746,0.5687407956516188,12.939031231999955,11.540846267484076,0.0,0.1408934719415558,0.1,0.0031838417053222656,0.0584721565246582,0.04984135,2.641754,11.552545037323014,0.0,0.13101104428627958,0.0,300,0.031154155731201172,0.010142885750414578,0.00609623102866358,305851,12.232068877715308,0.0
1042,2.4207677841186523,12.071142288375023,0.5216057740570492,12.662693285549194,11.311410144801522,0.0,0.14918704812356604,0.1,0.0032050609588623047,0.11009979248046875,0.050129436,1.4124637,11.604404762428215,0.0,0.1325967759171,0.0,300,0.03578758239746094,0.0065083181052911845,0.007346440511957713,306151,12.630197990858443,0.0
1043,2.4630770683288574,9.715805962392182,4.494287358182567,12.695926505236217,1.9452980578850407,0.0,0.14064560806570786,0.1,0.0041408538818359375,0.09143948554992676,0.049428318,0.4974526,11.415544882424612,0.0,0.1012600840562277,0.0,300,0.03200840950012207,0.13936008360732544,0.11063434500520215,306451,12.702236709574548,0.0
1044,2.509899139404297,11.865605474119988,0.5974444357821838,12.320564577078077,10.843100097857466,0.0,0.14327905086072806,0.1,0.0031845569610595703,0.05975747108459473,0.049160622,1.3065166,11.46055094159415,0.0,0.12957578923231328,0.0,300,0.03492450714111328,0.007996268850809628,0.008879979064712822,306751,12.54896862414231,0.0
1045,2.4506731033325195,11.164823470656291,1.8463587576365974,12.858890502606796,8.06381891359708,0.0,0.1382983483585062,0.1,0.006959199905395508,0.0665428638458252,0.04962182,0.702087,11.430978194500364,0.0,0.12057465128070444,0.0,300,0.03247499465942383,0.015527959973187865,0.01280644334168783,307051,11.823388116886262,0.0
1046,2.4560184478759766,12.139590981312924,0.8827419745178808,12.700758692113498,10.612609319450554,0.0,0.14140838353667748,0.1,0.003026247024536133,0.06013321876525879,0.049647428,1.6200708,11.50183947318162,0.0,0.1330253300303067,0.0,300,0.031778812408447266,0.005387492520066672,0.005029372983515644,307351,12.569124542716624,0.0
1047,2.44712233543396,11.07143610063837,1.6873160552288673,12.650031637616433,8.234966045966633,0.0,0.13090079101996996,0.1,0.0032138824462890625,0.06018209457397461,0.049063977,0.6764459,11.458799135927295,0.0,0.11911268123544513,0.0,300,0.03332209587097168,0.01012555930933197,0.009595799804356925,307651,12.49002781055097,0.0
1048,2.5125410556793213,11.829221489416067,0.517838267875994,12.361088726029225,11.222152631619107,0.0,0.13228868996191326,0.1,0.003069162368774414,0.05866074562072754,0.050198436,2.775391,11.495841371276173,0.0,0.12920570982889334,0.0,300,0.03140902519226074,0.00852768131481861,0.005650136897472612,307951,12.169894672332001,0.0
1049,2.5267622470855713,11.895573505911198,0.9195090335773785,12.739299472908202,10.394254704985897,0.0,0.147166354129922,0.1,0.003090381622314453,0.10280585289001465,0.049733456,1.0729643,11.535814584739676,0.0,0.13003540221191315,0.0,300,0.03225541114807129,0.005713706890775188,0.00557664933329255,308251,11.048787920453291,0.0
1050,2.5485615730285645,11.616144420092098,1.0254037722121494,12.648698515075322,10.139204688195399,0.0,0.1514699595864079,0.1,0.003082752227783203,0.05780839920043945,0.049920093,1.0312476,11.543847568274918,0.0,0.12626958473460448,0.0,300,0.031235694885253906,0.006887267147016008,0.006786971890653977,308551,5.864304200071101,0.0
1051,2.4723267555236816,12.112726012114484,0.5843757365534785,12.71792762375409,11.153664615967068,0.0,0.1507886673124909,0.1,0.0030045509338378906,0.058113813400268555,0.049334314,1.8400868,11.600735412658874,0.0,0.13291932804837295,0.0,300,0.03122711181640625,0.007597169861994896,0.005246037492684824,308851,13.010629419183623,0.0
1052,2.4223692417144775,10.185773555692192,1.4342850605096114,12.52110311344042,8.992272701380447,0.0,0.1440925685778951,0.1,0.003037691116333008,0.06014227867126465,0.050149783,0.7132364,11.459239226962206,0.0,0.10736675022199675,0.0,300,0.07428455352783203,0.03296297329432824,0.017119867253353658,309151,12.835879872176518,0.0
1053,2.5357375144958496,10.131549912251721,3.0230277951529887,12.792667919885638,5.157910669903772,0.0,0.14055229987525744,0.1,0.0029859542846679688,0.05859875679016113,0.049968664,0.7627731,11.326470295491157,0.0,0.10680520896614781,0.0,300,0.031131505966186523,0.03779832401851735,0.03897583531244302,309451,7.981007419464958,0.0
1054,2.4878759384155273,10.812204041567242,1.6565843856603963,12.587654884448806,8.639576317777387,0.0,0.13027650847912722,0.1,0.0029664039611816406,0.05795907974243164,0.0501272,0.71989524,11.275043670098766,0.0,0.11573034601998097,0.0,300,0.030505657196044922,0.016405150562809293,0.01007772344828436,309751,12.32804571439226,0.0
1055,2.5119822025299072,12.388032950950606,0.1872238267258258,12.552898964253636,12.094980367116154,0.0,0.14413775521299876,0.1,0.003123044967651367,0.09475111961364746,0.050041188,2.118074,11.38634259818395,0.0,0.1364256670976505,0.0,300,0.030916213989257812,0.010664839851478113,0.007831476737444077,310051,12.34389662968446,0.0
1056,2.415144681930542,10.651091713789311,2.044288231661371,12.130650458517213,7.159000153307079,0.0,0.13221880091155183,0.1,0.003549337387084961,0.11035275459289551,0.050151292,0.9005736,11.312817509744487,0.0,0.11358348580317902,0.0,300,0.03162956237792969,0.023506105067182283,0.018029352299075097,310351,9.793968163760992,0.0
1057,2.4429428577423096,12.328460955057496,0.2872645784419502,12.655570104697674,12.02894375355414,0.0,0.14150236797389049,0.1,0.003348112106323242,0.11158633232116699,0.0511768,1.4565432,11.414381854275788,0.0,0.13595129988861793,0.0,300,0.03158712387084961,0.006864315735763263,0.00558640500610903,310651,13.187564258226084,0.0
1058,2.4913387298583984,12.161105388699058,0.33038049594732105,12.716989591080585,11.871360758442034,0.0,0.13975001376097662,0.1,0.0031235218048095703,0.05746006965637207,0.04999375,1.1092005,11.489054207718116,0.0,0.13350771539293455,0.0,300,0.03239250183105469,0.01592899370634671,0.0056565461897443775,310951,12.793148078739941,0.0
1059,2.596144199371338,10.682202343479487,2.0717162873665957,12.322180494694836,7.185857097653869,0.0,0.15163298309689544,0.1,0.003186941146850586,0.05774974822998047,0.050118364,0.45312753,11.408369021294254,0.0,0.11383607002341645,0.0,300,0.031084537506103516,0.02023246355774046,0.01895241010696659,311251,12.377866800440861,0.0
1060,2.5651843547821045,11.573421904920563,1.4777509298682852,12.701006837766698,9.031195759321129,0.0,0.1307598930732571,0.1,0.0030083656311035156,0.05933809280395508,0.05100752,0.49613658,11.424874309656884,0.0,0.12581590331871856,0.0,300,0.031084060668945312,0.007245763461541135,0.007164397667420351,311551,12.555945115417545,0.0
1061,2.5007739067077637,9.435691224394073,2.751738748713821,11.741983709772956,4.904037442132461,0.0,0.15056144008651723,0.1,0.0030710697174072266,0.06187891960144043,0.04983166,0.5332906,11.225956001130603,0.0,0.09729753795257846,0.0,300,0.05594992637634277,0.08059634588185954,0.06368474413445528,311851,13.05876594705589,0.0
1062,2.5969061851501465,11.894905952588989,0.7469127042991848,12.954171316961443,11.18924174491427,0.0,0.1578280943645819,0.1,0.0031342506408691406,0.06029081344604492,0.049941007,1.2882271,11.292850996276442,0.0,0.13018459342615205,0.0,300,0.031217575073242188,0.022876535554266577,0.012508788914505036,312151,13.075612606217376,0.0
1063,2.489238739013672,12.067440570149733,0.5870339957220742,12.914398309220056,11.328390374570171,0.0,0.15032763913856445,0.1,0.003147125244140625,0.10397505760192871,0.05021705,1.2126756,11.37030995366377,0.0,0.13251421644052933,0.0,300,0.031449079513549805,0.012663524166990734,0.009431024023323716,312451,12.11350449144311,0.0
1064,2.5499215126037598,10.447919077113738,1.9205978708479705,12.576239282517385,7.526092803688064,0.0,0.14365285747280068,0.1,0.0030858516693115234,0.06408333778381348,0.04950402,1.0215107,11.278070866008768,0.0,0.11123716573051362,0.0,300,0.07277464866638184,0.03216392862364496,0.014870091898407883,312751,11.54333243702168,0.0
1065,2.511237859725952,11.469658966157311,1.2088824458859229,12.69613985587059,9.667955173529382,0.0,0.14756857169398474,0.1,0.002996683120727539,0.060356855392456055,0.049730834,0.88713276,11.297229676023623,0.0,0.1248502559328445,0.0,300,0.030801773071289062,0.009969756322874251,0.012988064000188428,313051,12.419069187919922,0.0
1066,2.46993350982666,11.915755747091843,0.08636616933087134,12.011996842725718,11.81519344986021,0.0,0.1381514700442079,0.1,0.0031609535217285156,0.058342933654785156,0.050149128,2.7034633,11.359082283130444,0.0,0.13041817539973502,0.0,300,0.03456735610961914,0.009727453031263905,0.004503149825800337,313351,11.238998484771741,0.0
1067,2.5552728176116943,10.801550556862706,0.651171647912196,11.794694593942898,10.103726596139305,0.0,0.14339739718176955,0.1,0.0031087398529052734,0.09825015068054199,0.050164334,1.25519,11.303329110503672,0.0,0.11604614798801982,0.0,300,0.04125714302062988,0.013273776635232128,0.008058424944545475,313651,12.25784208582146,0.0
1068,2.5158286094665527,12.461022165438182,0.3475665160992047,12.792311138585823,11.906781549976463,0.0,0.15193041381173897,0.1,0.003077983856201172,0.05818629264831543,0.04993588,1.3654847,11.419098415997123,0.0,0.13753640920964416,0.0,300,0.03190779685974121,0.0056946230836166425,0.005009102043341365,313951,12.638946308841044,0.0
1069,2.4855990409851074,11.749498839824302,0.5609807365032486,12.553415537701547,11.096378741906475,0.0,0.14293851654294398,0.1,0.005440711975097656,0.11464166641235352,0.0506547,0.93965757,11.45213845837984,0.0,0.12830844326190677,0.0,300,0.03160548210144043,0.004574430733173064,0.004515370237171721,314251,12.125877084628913,0.0
1070,2.4983487129211426,11.90568563396236,0.7262477618765415,12.957458111924756,11.077185942105135,0.0,0.15367969590286942,0.1,0.002974271774291992,0.05788278579711914,0.050133456,0.72363895,11.497493175938091,0.0,0.1304005753381531,0.0,300,0.03105020523071289,0.004747770730822769,0.004450839417034208,314551,12.501664780776027,0.0
1071,2.448909044265747,12.302015595619391,0.4805472169740762,12.798139636018204,11.508910682568624,0.0,0.15474439018887798,0.1,0.0038421154022216797,0.06332540512084961,0.04957076,1.0951482,11.577945417906221,0.0,0.13563374705993195,0.0,300,0.030723094940185547,0.00337812101095719,0.0027827858928568443,314851,11.209094128831916,0.0
1072,2.458098888397217,12.123049402820014,0.7325763201921057,12.964021944809074,11.100664577641167,0.0,0.14665750589374216,0.1,0.0032160282135009766,0.060441017150878906,0.04987121,0.69358593,11.6324558163976,0.0,0.13309906131814314,0.0,300,0.032056570053100586,0.00273362296482492,0.002316481896374896,315151,11.499852898561288,0.0
1073,2.437187910079956,11.87675052469364,1.1789366670104264,12.623729009948065,9.836441132182202,0.0,0.1476114572548203,0.1,0.003168344497680664,0.05751633644104004,0.05008879,1.0098543,11.656885287227205,0.0,0.12978774057278716,0.0,300,0.0318300724029541,0.0058314088870380825,0.004926613107425515,315451,12.75792988805137,0.0
1074,2.4909591674804688,12.108583541330518,0.7234826486912781,12.881577918408118,11.106446923979203,0.0,0.15097248136815816,0.1,0.004884004592895508,0.062157392501831055,0.049820717,0.77261317,11.702055112637536,0.0,0.13284935266942535,0.0,300,0.031876564025878906,0.0036053999104004204,0.0035924138460593498,315751,12.519988192179355,0.0
1075,2.473982572555542,12.205445690284206,0.12339177877042218,12.314510268353253,12.005508135308002,0.0,0.14737024462189144,0.1,0.003179311752319336,0.057367563247680664,0.04974223,1.4890351,11.752394170402203,0.0,0.13440542536434624,0.0,300,0.030734539031982422,0.002806136285837646,0.002626726847192328,316051,12.405984395229178,0.0
1076,2.469029426574707,11.91050385880509,0.5912874946914463,12.48585041087937,10.952987517701983,0.0,0.13694779849898583,0.1,0.0031719207763671875,0.05951642990112305,0.050470695,0.9977089,11.768205139242491,0.0,0.13022418376876857,0.0,300,0.030352115631103516,0.0033896653430814405,0.002867899863511274,316351,12.240633903162816,0.0
1077,2.487739086151123,11.936082346602351,0.5739489401898346,12.510459765628124,11.262919022004697,0.0,0.15674772986865448,0.1,0.0031855106353759766,0.058525800704956055,0.049666103,0.80392164,11.784992859978479,0.0,0.13063463740650752,0.0,300,0.031104564666748047,0.006856719572589508,0.005937668483197609,316651,12.88128653999877,0.0
1078,2.4775948524475098,11.289271447599837,1.727942033965358,12.719461085835476,8.373811356578708,0.0,0.1345583317666646,0.1,0.003080129623413086,0.058598995208740234,0.049741782,0.624379,11.735420718740615,0.0,0.12187943028927178,0.0,300,0.03160285949707031,0.011598102772523992,0.01065530976983254,316951,12.742844904212904,0.0
1079,2.4841222763061523,11.196790484643898,1.0633547495737854,12.328399874295412,9.660571511805214,0.0,0.1420105694285441,0.1,0.0031044483184814453,0.05841398239135742,0.050472118,1.2628664,11.681557695330943,0.0,0.12074165191277594,0.0,300,0.03409242630004883,0.0070158425066706685,0.006638522408933318,317251,12.840331761091596,0.0
1080,2.488133668899536,11.961705470666326,0.6547276674431356,12.848390436766834,11.277769116580016,0.0,0.14576027340555203,0.1,0.002980470657348633,0.05721330642700195,0.05016854,1.2683109,11.709572472864481,0.0,0.1310107766935074,0.0,300,0.030696392059326172,0.005608189341483197,0.003789884313483834,317551,12.471510589670904,0.0
1081,2.5894007682800293,11.167237348827431,0.8936561673067039,12.637247607698928,10.22108769782816,0.0,0.15645379369809462,0.1,0.003111124038696289,0.05837821960449219,0.05010118,1.7899642,11.655338960460776,0.0,0.12058297537501747,0.0,300,0.03164339065551758,0.008673347752628763,0.006868833185186941,317851,12.678892954216982,0.0
1082,2.560563564300537,11.378722094624331,1.496188490637019,12.809282795998916,8.880743368909814,0.0,0.13419710227824908,0.1,0.0030188560485839844,0.0584712028503418,0.048972327,1.3942727,11.627677273877131,0.0,0.12324322624389056,0.0,300,0.030666112899780273,0.008160775693034602,0.007995351525374918,318151,11.939906756449547,0.0
1083,2.55265212059021,12.362542056743731,0.31655318638040664,12.765126500929885,12.050563710107127,0.0,0.14652538960983033,0.1,0.0031490325927734375,0.0619351863861084,0.050209574,1.151169,11.70116375216379,0.0,0.13610172232416332,0.0,300,0.056242942810058594,0.006693011359895952,0.004214655026212257,318451,12.215377107000696,0.0
1084,2.5744383335113525,10.717122970024725,1.788034041980533,12.458818464035625,7.7401300193213025,0.0,0.14718590306841908,0.1,0.002996683120727539,0.059406280517578125,0.04933076,0.7912553,11.602759673949883,0.0,0.11467277257736169,0.0,300,0.03515052795410156,0.01820954019839564,0.012659558556066234,318751,12.687420934323782,0.0
1085,2.5591840744018555,12.375810009665559,0.35298384323529103,12.849160955526154,11.884004062239613,0.0,0.1519112951081675,0.1,0.003007650375366211,0.056966304779052734,0.04997279,1.5364951,11.680064707521451,0.0,0.1364532279170565,0.0,300,0.031325340270996094,0.00460119292468285,0.005111267133610816,319051,13.010844506253386,0.0
1086,2.4893717765808105,11.826392262034572,0.9293330345806585,12.853906947790279,10.330056764352785,0.0,0.13947701787448397,0.1,0.0029332637786865234,0.05710864067077637,0.04978476,1.496962,11.694697462972764,0.0,0.12920780930024475,0.0,300,0.03927016258239746,0.00613309564968552,0.00576208974245909,319351,12.420035145779655,0.0
1087,2.525700092315674,11.967958314522441,0.4797126340837883,12.416719067860212,11.194837712308141,0.0,0.15815109865402793,0.1,0.0029675960540771484,0.05869174003601074,0.049741168,1.0605158,11.722023548127732,0.0,0.1311816680025043,0.0,300,0.030791759490966797,0.00380025361177967,0.0035410501837990892,319651,12.612707996861984,0.0
1088,2.5700204372406006,11.981840233075902,0.8488316407299604,12.55313262912477,10.522595368932938,0.0,0.1534820435355064,0.1,0.010853767395019531,0.06726264953613281,0.049533527,0.51364523,11.748005216622548,0.0,0.131262815579615,0.0,300,0.03136253356933594,0.006854954852378446,0.005892799207701478,319951,12.890368529114374,0.0
1089,2.5453224182128906,11.917514793123203,0.6098229958867682,12.957169605550101,11.434230432619868,0.0,0.14931406421631743,0.1,0.0030295848846435547,0.06034445762634277,0.050132714,1.3560506,11.764956174272614,0.0,0.13062455718596172,0.0,300,0.031685590744018555,0.004793984885852502,0.0034288168112576374,320251,11.852198131408313,0.0
1090,2.4934558868408203,12.092318172186035,0.41551935950090774,12.639314934633488,11.62363757566317,0.0,0.1489953716775095,0.1,0.0034558773040771484,0.057230472564697266,0.049953893,2.1405425,11.797692374063956,0.0,0.13251395377578704,0.0,300,0.030603647232055664,0.0030242983838905065,0.002857248443905542,320551,12.503183440083346,0.0
1091,2.435352325439453,11.80190944509752,0.842407537480698,12.471118276067491,10.37821573861484,0.0,0.15483901551995974,0.1,0.003313302993774414,0.05941939353942871,0.04996476,0.6489838,11.798114081167313,0.0,0.1290186567591223,0.0,300,0.03279232978820801,0.0033421369310073596,0.003385201489780985,320851,13.0365663092021,0.0
1092,2.5082685947418213,12.064722772449315,0.5716667927003056,12.478524053411162,11.087379172830245,0.0,0.1529054514783728,0.1,0.09258723258972168,0.06262946128845215,0.049767025,1.4023322,11.824774950295513,0.0,0.13244814692302248,0.0,300,0.03791379928588867,0.0074995668065558265,0.004739636397495218,321151,12.161840073324479,0.0
1093,2.473845958709717,12.48859104461421,0.1602752880604901,12.643124321841476,12.231402506400588,0.0,0.15476262794071274,0.1,0.0031061172485351562,0.05727124214172363,0.049945477,1.0064092,11.891156559727385,0.0,0.13793095796535199,0.0,300,0.03125262260437012,0.005545163128526658,0.0034843403802991804,321451,12.749044298552688,0.0
1094,2.408572196960449,11.999744570360424,0.6783858962023608,12.868682243412234,10.971384302171542,0.0,0.14797083771002079,0.1,0.0037059783935546875,0.08949565887451172,0.04970235,1.1532996,11.902015360790688,0.0,0.13136607698303648,0.0,300,0.03131699562072754,0.008480197497885495,0.008919254038270085,321751,12.809005974601098,0.0
1095,2.511660099029541,12.565428303529703,0.34338933830853435,13.110265558994657,12.231224037104171,0.0,0.15196239755296956,0.1,0.012522220611572266,0.06444811820983887,0.049821213,0.84345955,11.96835665506459,0.0,0.1387248046388448,0.0,300,0.031059741973876953,0.0027445260948882983,0.002564846723650509,322051,12.173896068378864,0.0
1096,2.4683728218078613,12.106385414459933,0.7016515169505766,13.120952485726363,11.159056642439902,0.0,0.15154197892088478,0.1,0.0030341148376464844,0.0593876838684082,0.05043861,0.81307065,11.982159531004124,0.0,0.13291782606827907,0.0,300,0.03980422019958496,0.005842497372965098,0.003994622607762099,322351,12.682798118745632,0.0
1097,2.467953681945801,12.036972896313463,0.7169997183255536,12.60594648681747,10.812993208347612,0.0,0.15509524280604278,0.1,0.0059626102447509766,0.0971229076385498,0.049322832,1.0156171,11.987640867535058,0.0,0.13196881153513346,0.0,300,0.031177759170532227,0.003697611804260698,0.004146510516273735,322651,12.942325959235651,0.0
1098,2.498952865600586,11.765070617521387,0.7471365690236472,12.577083752455989,11.005175385800895,0.0,0.1473142893995147,0.1,0.0031332969665527344,0.058423757553100586,0.049714576,0.7391781,11.96538384253369,0.0,0.12856334604019926,0.0,300,0.030832529067993164,0.005499471887283546,0.004715988883041668,322951,12.817334066171185,0.0
1099,2.5662033557891846,11.519465519615713,1.588876375636353,12.834782663097362,8.802223572104012,0.0,0.15314702829179222,0.1,0.003094911575317383,0.058730363845825195,0.050473664,0.63693625,11.920792010241893,0.0,0.12514591217345117,0.0,300,0.031181812286376953,0.014760949721726636,0.011253528568213088,323251,13.095054563036589,0.0
1100,2.5644173622131348,12.110831885134147,0.31016039497313097,12.427753404157045,11.638884096172912,0.0,0.14614458141496925,0.1,0.0030972957611083984,0.05825066566467285,0.04951838,1.2092979,11.93979599773112,0.0,0.1330523256584421,0.0,300,0.03127145767211914,0.002931010934681318,0.0027189597631498592,323551,11.631939184817094,0.0
1101,2.5735130310058594,11.915907708744314,0.6068113454103665,12.854728119334583,11.16285252242577,0.0,0.15121095730641881,0.1,0.0029973983764648438,0.058255672454833984,0.049889676,1.6398689,11.937407168832438,0.0,0.1304300498503548,0.0,300,0.03146243095397949,0.007395956782148996,0.003852526776680678,323851,12.571454090342906,0.0
1102,2.4681155681610107,12.539435389387625,0.26178353347168626,12.804655167905626,12.104584586128674,0.0,0.15199872157496672,0.1,0.011045694351196289,0.08789205551147461,0.049839854,1.549515,11.997609990887955,0.0,0.13846838774971285,0.0,300,0.031240224838256836,0.0032380822470375057,0.0035445038632120397,324151,12.454654776359716,0.0
1103,2.570866584777832,12.678687963152287,0.22470467988390092,12.94196252707764,12.325166782069557,0.0,0.15244644884144892,0.1,0.002912759780883789,0.0563044548034668,0.049116816,1.4684248,12.065717788114389,0.0,0.14024470824812382,0.0,300,0.03137660026550293,0.004650077542176644,0.002602012780957339,324451,12.577998302901042,0.0
1104,2.4745099544525146,12.610986508301592,0.40943260621762656,12.984660624014879,11.918638747980646,0.0,0.16127702705298455,0.1,0.003371000289916992,0.1038353443145752,0.049586333,0.97608095,12.12024466013311,0.0,0.13959930760324665,0.0,300,0.029792308807373047,0.0028950344994387992,0.003075395154590751,324751,11.908611738602858,0.0
1105,2.527675151824951,11.99038235412851,1.0547276453391115,12.991234140279094,10.242311258398512,0.0,0.14190239211123115,0.1,0.003192424774169922,0.06049609184265137,0.04968036,0.50455946,12.107258429532651,0.0,0.13137003382088722,0.0,300,0.03129148483276367,0.005981016506128447,0.005102244211652936,325051,12.524453991441371,0.0
1106,2.4590978622436523,12.339431847890861,0.5695788436836194,12.953121447464637,11.407837585152674,0.0,0.1483501489682471,0.1,0.0030596256256103516,0.05853748321533203,0.05042615,0.74797666,12.130475771368474,0.0,0.1359526922903295,0.0,300,0.030866622924804688,0.003404975243789759,0.0030764349812290497,325351,12.460629643061802,0.0
1107,2.465723991394043,12.465632988125757,0.5569408239724464,13.10337027965152,11.768101303768667,0.0,0.15941640195912044,0.1,0.0030241012573242188,0.057425737380981445,0.050142713,0.8539508,12.163991493044204,0.0,0.13782831544605953,0.0,300,0.03171873092651367,0.004526617916976482,0.00420299823157265,325651,12.578589597501376,0.0
1108,2.532268524169922,11.790276001075874,0.6780625084451078,12.678215285237805,10.823520241781434,0.0,0.15277740466117143,0.1,0.0031540393829345703,0.058689117431640625,0.049943127,0.7172435,12.126619943847372,0.0,0.1290679047554278,0.0,300,0.0316619873046875,0.004900054835532178,0.0042539412210553535,325951,11.340151863945005,0.0
1109,2.480768918991089,12.020027788711667,0.6950113171358415,12.970266016078384,11.298252874319667,0.0,0.15110159961565042,0.1,0.009798526763916016,0.08902454376220703,0.05005153,0.90551066,12.115960728333802,0.0,0.1317670572042907,0.0,300,0.03175187110900879,0.005632326486750759,0.003212693283420385,326251,13.0637860390045,0.0
1110,2.578171730041504,12.597187874416274,0.5361160407180348,13.148858220008568,11.747645178155699,0.0,0.15141383156396168,0.1,0.003084897994995117,0.09814310073852539,0.050061624,0.87138593,12.164083442942049,0.0,0.1392150439683148,0.0,300,0.03891420364379883,0.0031315597610364265,0.003178738773675214,326551,12.274676700869534,0.0
1111,2.517385244369507,12.368620198281263,0.28290939612319843,12.678510554785849,11.966764923748254,0.0,0.14309266572457205,0.1,0.002964496612548828,0.056864261627197266,0.04967386,3.3799646,12.184537118475971,0.0,0.1364088623618905,0.0,300,0.031332969665527344,0.004102916870453812,0.0024255579843882446,326851,12.804781962651097,0.0
1112,2.586355686187744,11.587778895243828,1.329437898026962,12.512420171116341,9.292187194753332,0.0,0.1413224049780047,0.1,0.003017425537109375,0.07682490348815918,0.050055526,1.8619232,12.124861296152758,0.0,0.12591105266440383,0.0,300,0.0567479133605957,0.014122436080966064,0.009413967921370442,327151,13.146688971966677,0.0
1113,2.6042628288269043,11.672617790174634,0.9979051844812876,12.822019146362646,10.589943487399015,0.0,0.13540284714589101,0.1,0.003058910369873047,0.06547808647155762,0.04998441,0.7673501,12.079636945554947,0.0,0.12723862053031973,0.0,300,0.0732119083404541,0.00935282998002274,0.006841014453232622,327451,12.85409928024132,0.0
1114,2.5923995971679688,11.719424191832037,0.5838093078729767,12.408188147493316,10.93527363892343,0.0,0.14123075969386042,0.1,0.0030059814453125,0.05938148498535156,0.05053151,0.56789577,12.043615670182655,0.0,0.12783814205807725,0.0,300,0.03095841407775879,0.004005722208255685,0.004480478710217522,327751,11.837009233139442,0.0
1115,2.5850954055786133,11.240686257829772,1.7569250044077993,12.694165626218567,8.262665927323454,0.0,0.13783578660436244,0.1,0.003010272979736328,0.05719327926635742,0.0495673,0.6931247,11.963322728947366,0.0,0.12142024697243592,0.0,300,0.03410649299621582,0.013198577520401076,0.010338620991504266,328051,13.06823112204142,0.0
1116,2.4847781658172607,12.024911875396512,0.4817605368232758,12.364560712674956,11.194963472045675,0.0,0.14675686376318572,0.1,0.003015756607055664,0.11374187469482422,0.04968971,1.6769474,11.969481643592282,0.0,0.131731831529517,0.0,300,0.03213334083557129,0.0032437396666478067,0.0031037301497488273,328351,12.739014383385324,0.0
1117,2.546607255935669,12.38713570979455,0.5393181788718692,13.069927784051785,11.604879552722217,0.0,0.15367928053868157,0.1,0.0067021846771240234,0.0582423210144043,0.050381087,0.9973767,12.011247050212509,0.0,0.1364484137772414,0.0,300,0.03342318534851074,0.0047330830409494686,0.004221158774712577,328651,12.148067943003744,0.0
1118,2.4809045791625977,12.432857124513953,0.417770235475497,12.74190323721401,11.718143812059388,0.0,0.15504395423514644,0.1,0.003568887710571289,0.0964658260345459,0.04998733,0.85556114,12.053408057642654,0.0,0.13715532507905395,0.0,300,0.0323176383972168,0.004401115114262,0.003573024086463184,328951,12.962395040005843,0.0
1119,2.4812798500061035,11.982647092429495,0.24490302304960762,12.331504227280988,11.748552469151853,0.0,0.15158719476795535,0.1,0.007050275802612305,0.060134172439575195,0.049679853,0.92098737,12.046331961121338,0.0,0.13144758853472338,0.0,300,0.03135991096496582,0.002228270436503126,0.0016768882160397443,329251,12.941196745691235,0.0
1120,2.57536244392395,12.200767104433506,0.4734777803074513,12.614985940166191,11.400222240958245,0.0,0.15503443824266835,0.1,0.003139019012451172,0.059609413146972656,0.049997214,0.8211546,12.061775475452555,0.0,0.13428286922522706,0.0,300,0.031099319458007812,0.006059163676737224,0.005136338286298585,329551,12.67710441276312,0.0
1121,2.5463013648986816,11.930214991445975,0.9713300120965765,13.098648836618043,10.527947989210007,0.0,0.1464937186055773,0.1,0.0030858516693115234,0.05785703659057617,0.04977776,0.75695986,12.048619427051896,0.0,0.13034956618703378,0.0,300,0.030987024307250977,0.0045806024324851905,0.004388424857962937,329851,12.933932114837413,0.0
1122,2.5042901039123535,12.461818888092868,0.1307164932074628,12.652047504003672,12.30948633958024,0.0,0.1518860764848874,0.1,0.003048419952392578,0.09935641288757324,0.04944642,0.9412774,12.089939373155994,0.0,0.13749343660009433,0.0,300,0.033197879791259766,0.001977499430690393,0.0019984014250769306,330151,12.826210009177657,0.0
1123,2.5552563667297363,12.67700252007597,0.4212259726075073,13.077669092654986,11.971218306028469,0.0,0.16795143797938217,0.1,0.0030069351196289062,0.05715203285217285,0.04974176,0.852428,12.148645687847992,0.0,0.14042009611210518,0.0,300,0.0313570499420166,0.003401954257733613,0.0030425212181332943,330451,12.759568438472078,0.0
1124,2.4786322116851807,12.32533958311495,0.6980266327883636,13.135995573973254,11.226539579589417,0.0,0.15734713574084333,0.1,0.0030066967010498047,0.05732583999633789,0.049972836,0.81442124,12.166315077374687,0.0,0.13589259100348225,0.0,300,0.031087398529052734,0.0033681286872244767,0.0028436692974239458,330751,13.015103300126041,0.0
1125,2.4972898960113525,11.921676930954956,0.6635219878892524,12.716600028187433,10.874970181150896,0.0,0.15629688364433558,0.1,0.003002166748046875,0.08159661293029785,0.050029118,1.0607072,12.141851262732715,0.0,0.13056530372929961,0.0,300,0.05255770683288574,0.005095637511735303,0.004579970884648559,331051,12.506958669438289,0.0
1126,2.550114870071411,11.662806405211228,0.819918519176066,12.580575213465272,10.347235096312025,0.0,0.14575070543442264,0.1,0.0030002593994140625,0.05673670768737793,0.049949825,0.44519237,12.093946776980566,0.0,0.12694265655710796,0.0,300,0.032274484634399414,0.008138967972062972,0.004015012881707195,331351,12.899193691679349,0.0
1127,2.514427423477173,12.294427903377319,0.3805467736018975,12.697082762025275,11.880462891740597,0.0,0.14974203676336179,0.1,0.002992391586303711,0.06090998649597168,0.049153097,1.9599711,12.113994889620242,0.0,0.13550457618868603,0.0,300,0.031102895736694336,0.002834042275712049,0.003907664640597847,331651,13.149535313682838,0.0
1128,2.4947526454925537,11.264246692696583,0.3098729361107347,11.776915718982812,10.952736960853754,0.0,0.1527332053159235,0.1,0.002933979034423828,0.0581049919128418,0.050134484,1.14704,12.029020069927876,0.0,0.12183716022933491,0.0,300,0.03081512451171875,0.00974725477788862,0.005450173432273906,331951,13.076354503529084,0.0
1129,2.5045714378356934,12.280320451860261,0.6312943011432784,12.970351198017516,11.281926768163112,0.0,0.15479314464353042,0.1,0.0029866695404052734,0.056871891021728516,0.050521024,2.4160614,12.054150108121116,0.0,0.13509889748226095,0.0,300,0.030826807022094727,0.0043856118883875556,0.0039915215306012605,332251,12.902592758013718,0.0
1130,2.538088321685791,11.10065283835294,2.4073348969395614,12.882132412514993,6.961122069484996,0.0,0.14819165597948336,0.1,0.002932310104370117,0.05642342567443848,0.049851608,0.70689726,11.958800381144298,0.0,0.11963262526195018,0.0,300,0.031693220138549805,0.02892402639943593,0.023315434722543,332551,12.612179316265392,0.0
1131,2.5993292331695557,12.264906387220064,0.7316912382518265,12.918635977376397,11.079528089127004,0.0,0.14667740947487082,0.1,0.0030672550201416016,0.10791015625,0.04968768,0.62497586,11.989410981751876,0.0,0.13481973457259316,0.0,300,0.03157234191894531,0.00572146176077236,0.002560923382134508,332851,12.57765168540015,0.0
1132,2.603276014328003,12.336572813840519,0.5801234713934619,13.064308220371483,11.48395392834247,0.0,0.15735806871560684,0.1,0.004715919494628906,0.05818939208984375,0.050090186,1.4119042,12.024127164960742,0.0,0.13612557910029147,0.0,300,0.031228303909301758,0.0026970697967840804,0.003288003510371858,333151,12.89576548677107,0.0
1133,2.497884511947632,12.30684661387808,0.32298763582755746,12.714896030166752,11.964044801354436,0.0,0.1624126133810841,0.1,0.0032444000244140625,0.06164669990539551,0.049775396,1.056217,12.052399109852477,0.0,0.13538845249739362,0.0,300,0.03145337104797363,0.0034857514735662683,0.0033187132460822024,333451,13.042038388010715,0.0
1134,2.4271907806396484,12.459496712878476,0.2749538356518335,12.629508681655489,11.983547489773631,0.0,0.14773871639166616,0.1,0.0029926300048828125,0.05796360969543457,0.04925523,1.1314389,12.093108870155078,0.0,0.13730891424384792,0.0,300,0.042855262756347656,0.0034456322449265917,0.0023014425124183997,333751,13.275985397789784,0.0
1135,2.431276798248291,12.516210025743248,0.07071355524391663,12.632611604217605,12.451239015342114,0.0,0.15216169625827444,0.1,0.0057032108306884766,0.10748028755187988,0.05010542,0.99190116,12.135418985713896,0.0,0.13830910148830733,0.0,300,0.031766414642333984,0.0024971699826452937,0.0021829270108602284,334051,13.13223195143197,0.0
1136,2.484827756881714,12.791683939658494,0.2223874717418439,13.148333378822338,12.578318510657885,0.0,0.14585392629593616,0.1,0.013341426849365234,0.06230306625366211,0.050174955,1.407162,12.201045481108356,0.0,0.14182225930063014,0.0,300,0.031717777252197266,0.0020931899982076885,0.0019372883048776792,334351,13.008047316728357,0.0
1137,2.5328567028045654,11.796509437527689,0.5471340446457942,12.346733016836831,11.008454434469945,0.0,0.14598851307045657,0.1,0.004712343215942383,0.05755472183227539,0.048919752,0.59428954,12.160591876750289,0.0,0.12881437038292304,0.0,300,0.031226158142089844,0.0056087071461361675,0.0049533149689328345,334651,13.206045067541341,0.0
1138,2.522707462310791,12.122256789924169,0.7523811536868994,13.19027219603764,11.188384299506211,0.0,0.15277984477328488,0.1,0.0030274391174316406,0.05752396583557129,0.04980662,0.6507549,12.156758368067678,0.0,0.13287729926710484,0.0,300,0.0311124324798584,0.006264803219871041,0.005292108781337883,334951,13.097433143069336,0.0
1139,2.462012767791748,10.744845625741533,0.974017992741801,11.569648299220495,9.087679834925542,0.0,0.14682651492682625,0.1,0.0030341148376464844,0.05773282051086426,0.04993419,0.60240513,12.015567093835063,0.0,0.11505721431259132,0.0,300,0.03712582588195801,0.013095957368831679,0.009352354611562159,335251,13.114121371490263,0.0
1140,2.4309282302856445,12.330637251485795,0.4489794580382834,12.904530962493496,11.678770747586823,0.0,0.14685168188992478,0.1,0.0031290054321289062,0.10086655616760254,0.050051615,1.1866026,12.047074109600135,0.0,0.13577240691357348,0.0,300,0.04371047019958496,0.014527203951134634,0.003688155198450618,335551,13.005150684151852,0.0
1141,2.4704835414886475,12.053260276584666,0.6990318657438385,12.70678632493625,10.879257553438178,0.0,0.15154434371852657,0.1,0.00729060173034668,0.09328436851501465,0.05009317,2.107587,12.047692726298589,0.0,0.13233883758656317,0.0,300,0.03426194190979004,0.008677983292178833,0.009908162645156966,335851,13.122932516514316,0.0
1142,2.5401837825775146,11.8394779947816,1.391114009374868,13.146056646480682,9.495762030709077,0.0,0.14794264374295715,0.1,0.0031349658966064453,0.0584416389465332,0.049968265,0.92697674,12.02687125314689,0.0,0.1290664752405071,0.0,300,0.050258636474609375,0.013581348090956636,0.00823423409489522,336151,12.878432779585147,0.0
1143,2.488410472869873,11.987475744980149,0.7396148942676024,12.723498775324668,11.13301168454081,0.0,0.1533706637685096,0.1,0.0031638145446777344,0.1169736385345459,0.049564935,0.6455189,12.022931702330215,0.0,0.13154824628808148,0.0,300,0.03287196159362793,0.0063969595837667535,0.004528139833507384,336451,12.939449831894768,0.0
1144,2.572587728500366,12.48301743520575,0.36647090437566837,12.976252297047642,11.962229305868922,0.0,0.15013236947026898,0.1,0.0031630992889404297,0.05939126014709473,0.049752362,1.9091376,12.068940275617768,0.0,0.1377626524603636,0.0,300,0.031685829162597656,0.004353958653835047,0.0035338684578436305,336751,12.994509679162585,0.0
1145,2.5136165618896484,12.414755253186314,0.2702022919536755,12.704862836278147,12.046011440210071,0.0,0.14824347513919528,0.1,0.007902383804321289,0.07946991920471191,0.04783803,1.5466326,12.103521773374624,0.0,0.13698564176194788,0.0,300,0.03145956993103027,0.005380761665914501,0.002270146456095904,337051,13.107006594370032,0.0
1146,2.512305498123169,12.757972843753954,0.18075105709073094,13.046585660193164,12.586948678170183,0.0,0.15535499904801112,0.1,0.0030813217163085938,0.05745291709899902,0.04979553,0.92907673,12.168966880412556,0.0,0.14152296033572567,0.0,300,0.03265118598937988,0.0030512980233482986,0.003914869868494422,337351,12.982777685723526,0.0
1147,2.4458162784576416,12.027828477711079,0.7224070921219968,12.668357112794556,10.801614280126918,0.0,0.144986341640135,0.1,0.0031180381774902344,0.05867147445678711,0.04997445,0.58972096,12.154853040142408,0.0,0.13193265215501976,0.0,300,0.03992176055908203,0.002994853200738722,0.002701389883684919,337651,12.541348161097622,0.0
1148,2.488027334213257,12.45847684381128,0.26973882633753127,12.756531698275495,12.021558016420547,0.0,0.14849491767633083,0.1,0.00616765022277832,0.08447933197021484,0.050089177,0.99736065,12.185215420509294,0.0,0.13756090956418152,0.0,300,0.03174233436584473,0.0021411165568470834,0.001719349083258259,337951,12.689958462158279,0.0
1149,2.438917636871338,12.237618239696964,0.7864744232797348,12.863824149594556,10.898526388805733,0.0,0.14245196839665145,0.1,0.003184795379638672,0.0590667724609375,0.049889475,2.5272849,12.19045570242806,0.0,0.13475839640401355,0.0,300,0.031774044036865234,0.0059676125049608255,0.004478182227827702,338251,12.623275037938898,0.0
1150,2.4767544269561768,11.1877831519166,1.0688066861281984,12.77753840124312,9.866829816332583,0.0,0.1468653880025781,0.1,0.003213644027709961,0.059268951416015625,0.0495785,0.50903296,12.090188447376915,0.0,0.1208541754302953,0.0,300,0.03166484832763672,0.008864027730147092,0.007966103693495208,338551,12.716311717005714,0.0
1151,2.498546838760376,12.170541441641664,0.1229658920911391,12.29788999029542,11.998070481090881,0.0,0.1540281928465319,0.1,0.003186464309692383,0.0593109130859375,0.050394963,1.3307106,12.09822374680339,0.0,0.13360924964226245,0.0,300,0.03142595291137695,0.0059875042228327135,0.003141824443003102,338851,12.752643261472153,0.0
1152,2.486499547958374,12.518318174458622,0.21230168497351398,12.810078634019627,12.250068600549222,0.0,0.15167588444520858,0.1,0.0030825138092041016,0.05767536163330078,0.049676135,2.3295429,12.140233189568914,0.0,0.13823745609360566,0.0,300,0.031543731689453125,0.003556914321071226,0.003197478791449805,339151,12.807953368143414,0.0
1153,2.555419445037842,12.27948721292687,0.2679716191386547,12.686419492326708,11.948112013357532,0.0,0.15043012925819274,0.1,0.0030393600463867188,0.05786895751953125,0.050622873,1.0652384,12.15415859190471,0.0,0.13506195097533163,0.0,300,0.06005263328552246,0.0043530198136949045,0.0023419280272165177,339451,13.208073665647497,0.0
1154,2.457221746444702,12.639355601666695,0.23308940370456152,12.939736694029907,12.288759244736852,0.0,0.14893030725725734,0.1,0.0031647682189941406,0.11302566528320312,0.049052738,0.84722674,12.202678292880911,0.0,0.139777233567557,0.0,300,0.03156757354736328,0.003401884911948506,0.0023342028816832824,339751,12.610917355878088,0.0
1155,2.560051679611206,12.31696299162912,0.3271112541089927,12.646216059634666,11.818571982863862,0.0,0.1476763970866454,0.1,0.005541801452636719,0.05846142768859863,0.04945331,0.94796723,12.214106762755733,0.0,0.13545998587540514,0.0,300,0.030960559844970703,0.0033681042866944787,0.0036681165172980723,340051,12.911802750382648,0.0
1156,2.5462567806243896,12.086840410158821,0.459128628049435,12.71106970146182,11.482870780047056,0.0,0.14307729330348076,0.1,0.0031282901763916016,0.06223177909851074,0.048690163,1.8022846,12.201380127496043,0.0,0.13265562144863546,0.0,300,0.03177142143249512,0.0039384861189123545,0.002401240554627621,340351,12.856847613666309,0.0
1157,2.4975903034210205,12.174909709507116,0.9281897673759304,12.928088024204836,10.588779336216177,0.0,0.14420814599774107,0.1,0.0031938552856445312,0.05999398231506348,0.049921665,0.6884777,12.19873308569715,0.0,0.1337216777567911,0.0,300,0.03152108192443848,0.004963446023092694,0.004166002437018031,340651,13.044791978868979,0.0
1158,2.5383124351501465,11.568245257277251,0.7311420492889447,12.587303156791805,10.521901730342085,0.0,0.15467957644001365,0.1,0.0031516551971435547,0.05915498733520508,0.049742132,0.87872255,12.135684302855159,0.0,0.126105060017883,0.0,300,0.031987667083740234,0.005900383519464285,0.0038348463375488234,340951,12.679408414368078,0.0
1159,2.5074167251586914,12.081917055006686,0.423953934794829,12.733808509157,11.621387763662016,0.0,0.15557625991551666,0.1,0.003130197525024414,0.05725979804992676,0.05021125,0.84609073,12.130307578070312,0.0,0.1324966673637997,0.0,300,0.033319711685180664,0.007693032238672089,0.0032433361343353947,341251,13.0773874457052,0.0
1160,2.510587692260742,11.728780307413341,0.9255440192317694,12.926814749216355,10.363287252356256,0.0,0.1433064013914584,0.1,0.003235340118408203,0.05831599235534668,0.04991486,0.7583873,12.090154851004614,0.0,0.1280866782206955,0.0,300,0.0315549373626709,0.008701293438544965,0.00618954361550288,341551,12.966488226340639,0.0
1161,2.5384533405303955,12.119246610433251,0.4585556740468705,12.899299134459437,11.783623820138077,0.0,0.1664126836000363,0.1,0.003833770751953125,0.09520959854125977,0.050122205,0.93535626,12.093064026947477,0.0,0.13299911223649713,0.0,300,0.03185319900512695,0.004029721683049434,0.004709411401357444,341851,13.039438629407952,0.0
1162,2.5056231021881104,12.517874613780847,0.2991121809534247,12.902874642589989,12.06835088329197,0.0,0.15620658601778642,0.1,0.0031936168670654297,0.058915138244628906,0.04950947,1.3758372,12.135545085630815,0.0,0.13831037228251616,0.0,300,0.03237104415893555,0.0032143371299574353,0.0019286035399646948,342151,12.982286696511943,0.0
1163,2.538322925567627,11.686298956106377,0.8903053796492026,12.667510402401065,10.61992595658968,0.0,0.1439914168416819,0.1,0.012027978897094727,0.08792448043823242,0.05069812,0.7115385,12.09062047267837,0.0,0.1271931428891909,0.0,300,0.03655576705932617,0.004311014787967311,0.004225741560037308,342451,12.971991022111125,0.0
1164,2.5060031414031982,11.275136871197777,1.9588198563156904,12.572154479752005,7.889434071244057,0.0,0.14007395999115596,0.1,0.0032515525817871094,0.05975532531738281,0.050939318,0.4073787,12.009072112530312,0.0,0.1217903017346119,0.0,300,0.03166937828063965,0.015658277675384052,0.011766245718744232,342751,12.878014841794176,0.0
1165,2.6725223064422607,10.49757146453283,2.459122398269447,12.751262135567098,6.4964626725489625,0.0,0.14804712169518738,0.1,0.003145933151245117,0.10146737098693848,0.05026698,0.45576137,11.857922047730565,0.0,0.1114935097202657,0.0,300,0.031159162521362305,0.02429999756841031,0.019379418436057883,343051,12.879118297763311,0.0
1166,2.533027410507202,12.223235289178943,0.4220797630347384,12.602175744800348,11.535463083163823,0.0,0.14868559929287084,0.1,0.0030510425567626953,0.05790352821350098,0.04926305,1.3995525,11.894453371875402,0.0,0.13439549516073565,0.0,300,0.03137779235839844,0.013917104247103757,0.004286844984111665,343351,13.22302489662704,0.0
1167,2.5534849166870117,12.163288783371609,0.44690914083572963,12.540555210620441,11.418889784329153,0.0,0.1496916295699803,0.1,0.003117084503173828,0.060517072677612305,0.04927807,1.476825,11.921336913025023,0.0,0.1334820833256469,0.0,300,0.031580448150634766,0.004740489603896875,0.004678385234453971,343651,13.170958130573498,0.0
1168,2.4855966567993164,11.565923690150058,1.2389849874725773,12.357545714606871,9.421797840364704,0.0,0.14433437418622694,0.1,0.003018617630004883,0.061067819595336914,0.04982008,1.2764044,11.885795590737526,0.0,0.12560343797585102,0.0,300,0.044022560119628906,0.01410838222372272,0.007023300618492819,343951,12.747126116268921,0.0
1169,2.552222728729248,12.643151220749385,0.24279081210494344,12.838940611278991,12.228568182610086,0.0,0.17101098288337352,0.1,0.003047943115234375,0.05999898910522461,0.049923945,0.85569847,11.961531153738713,0.0,0.13980661409513484,0.0,300,0.03101372718811035,0.005868716741454472,0.003260639303088011,344251,13.162816114562583,0.0
1170,2.5071427822113037,12.698806979982546,0.20683893969261438,12.880853169974008,12.347575844288627,0.0,0.15848893948233916,0.1,0.0031316280364990234,0.10649251937866211,0.049715847,1.8906448,12.035258736363097,0.0,0.14059844720400536,0.0,300,0.031222820281982422,0.004494799468918205,0.004573027914179326,344551,13.229763222302891,0.0
1171,2.524196147918701,12.65159737234276,0.4862619027427393,13.167177630269947,11.894895728246771,0.0,0.14939221513121526,0.1,0.012312889099121094,0.0907435417175293,0.048622075,1.5784342,12.096892599961064,0.0,0.1401513340502824,0.0,300,0.0313262939453125,0.0057595607995143405,0.00322344675466269,344851,12.50879186179129,0.0
1172,2.5311880111694336,12.334603398846912,0.47316775121471416,13.01295857544594,11.860332814677355,0.0,0.1552544106419936,0.1,0.003069162368774414,0.05790829658508301,0.04948824,1.071139,12.12066367984965,0.0,0.13598315413511228,0.0,300,0.040900230407714844,0.005062272514839146,0.005477309988893544,345151,13.022518155294316,0.0
1173,2.5083343982696533,12.497485556017274,0.2268030186405835,12.713851090671323,12.148526073008926,0.0,0.1408996004749385,0.1,0.0034072399139404297,0.06076860427856445,0.050489746,0.9379124,12.158345867466412,0.0,0.13805962346666534,0.0,300,0.08047604560852051,0.003905604114669257,0.0020094155735517465,345451,12.944427092510788,0.0
1174,2.580211877822876,12.253965974421963,0.48300026919513106,13.04158985526835,11.769538930883918,0.0,0.15537067245561348,0.1,0.003441333770751953,0.06238865852355957,0.049801353,0.7051255,12.167907878161968,0.0,0.1346425289364066,0.0,300,0.03458809852600098,0.0030034680827583597,0.0029724279051708763,345751,12.996986270387799,0.0
1175,2.577011823654175,12.76574230702181,0.23749599236478125,12.976989375862027,12.369510672866987,0.0,0.17056897283651218,0.1,0.0031561851501464844,0.05740523338317871,0.049459253,0.7517689,12.227691321047953,0.0,0.1414799952122684,0.0,300,0.030937910079956055,0.00260666909856089,0.0020641567875041636,346051,13.373336776220784,0.0
1176,2.6137683391571045,12.018091001234357,0.6246962263504755,12.860642783861193,11.189045563147767,0.0,0.14549676659182956,0.1,0.010178327560424805,0.06807327270507812,0.050169304,1.0021006,12.206731289066594,0.0,0.13186572840464086,0.0,300,0.03177762031555176,0.00410787296268112,0.0029352084599553025,346351,12.938733206534863,0.0
1177,2.558004856109619,11.770700082296681,1.376063776364552,12.699443181211246,9.402374187933807,0.0,0.13608362147705397,0.1,0.003009319305419922,0.05677008628845215,0.049821373,1.2423304,12.163128168389603,0.0,0.12844182041797172,0.0,300,0.03175067901611328,0.0068616864486495755,0.006510722670238755,346651,12.790390366803976,0.0
1178,2.582958698272705,12.289521292241496,0.20485940952432077,12.532636289151444,11.968318388572625,0.0,0.15707375522420544,0.1,0.0032396316528320312,0.10070657730102539,0.049934335,0.9879794,12.175767480774793,0.0,0.13519650625790328,0.0,300,0.03341388702392578,0.003631473599120894,0.002233229847308568,346951,13.1994208825736,0.0
1179,2.533818006515503,12.526771487895846,0.31067655132279026,12.961885387716109,12.083243398142052,0.0,0.15539264824686566,0.1,0.0029993057250976562,0.11483168601989746,0.05077298,1.0766728,12.2108678814869,0.0,0.13831261552524377,0.0,300,0.03149533271789551,0.0030987619414716166,0.002670271771840552,347251,12.8339225951597,0.0
1180,2.5043506622314453,12.348891873329276,0.44228967760354143,13.018030730385881,11.851285445716183,0.0,0.15220910027356943,0.1,0.003002643585205078,0.05921006202697754,0.049920905,1.233547,12.224670280671138,0.0,0.13589379402886564,0.0,300,0.033946990966796875,0.00443216060950998,0.002837807175708487,347551,12.961801179575223,0.0
1181,2.5270440578460693,12.691868084954914,0.19680605619306948,12.925303157162329,12.442027838238078,0.0,0.16338246912957874,0.1,0.0029532909393310547,0.0991826057434082,0.04902502,0.67360514,12.271390061099517,0.0,0.14051674622368743,0.0,300,0.03876209259033203,0.004003336141137133,0.002569706528933975,347851,13.01533178706237,0.0
1182,2.555706739425659,11.575941850682002,0.947615120908513,12.554732420355597,10.031438582422693,0.0,0.14299791195826853,0.1,0.0029571056365966797,0.0630040168762207,0.04965424,0.71223676,12.201845240057766,0.0,0.12606741031108704,0.0,300,0.07794499397277832,0.009660589617396895,0.003516488640280224,348151,12.92899742834834,0.0
1183,2.543260335922241,10.980002099899535,0.4950301626232514,11.811663089594386,10.542318751897312,0.0,0.13345833143572158,0.1,0.0029506683349609375,0.05773138999938965,0.05016805,1.7347239,12.079660926041942,0.0,0.11835377739731623,0.0,300,0.031131744384765625,0.006705929093212159,0.007416659738445054,348451,12.939063908274832,0.0
1184,2.531653881072998,11.367993155786268,1.1859597142602978,12.530457833028438,9.739929515305155,0.0,0.1418364041910848,0.1,0.0029573440551757812,0.05988192558288574,0.049048137,0.8513761,12.008494149016375,0.0,0.12312226709646057,0.0,300,0.03128361701965332,0.008409820286890591,0.0058965229517145635,348751,13.15826638097819,0.0
1185,2.4798600673675537,12.641402891968566,0.19131381000260478,12.9228447037436,12.42566715785293,0.0,0.15515052676459967,0.1,0.0029680728912353516,0.07962250709533691,0.05011561,1.4908345,12.071785023311595,0.0,0.13985760475690864,0.0,300,0.05673050880432129,0.007453719230059029,0.003545034302715261,349051,12.960199796585579,0.0
1186,2.6165409088134766,12.544831142854694,0.37443710763345656,13.020330946917387,12.052206547256635,0.0,0.15821820974812154,0.1,0.003152608871459961,0.058754920959472656,0.0501114,1.2492021,12.119089635265905,0.0,0.13851493586868588,0.0,300,0.031219482421875,0.006302891250601688,0.002856430606236529,349351,12.947887564798327,0.0
1187,2.5239953994750977,12.184763027445538,0.5576715642279491,13.139451296454979,11.790202631614452,0.0,0.14620400460423405,0.1,0.0030622482299804688,0.07167291641235352,0.049944747,0.5775075,12.125656974483869,0.0,0.13383974080600627,0.0,300,0.031019926071166992,0.002514834698515302,0.0034341611914749134,349651,13.191497705852868,0.0
1188,2.650709867477417,12.530105848315344,0.4600247578975167,13.051976116590131,11.82413691682191,0.0,0.15115309933066556,0.1,0.002914905548095703,0.056577205657958984,0.04998055,0.48479837,12.166101861867016,0.0,0.13842464592620154,0.0,300,0.030338048934936523,0.004541834095532131,0.002476832842107874,349951,12.535365479467687,0.0
1189,2.581087589263916,11.859203567517296,0.865163787195251,12.95956098806244,10.665764978486056,0.0,0.1322214627395175,0.1,0.010757923126220703,0.08602285385131836,0.050467532,0.9091569,12.135412032432045,0.0,0.1296397684367564,0.0,300,0.03620147705078125,0.0054963490355101445,0.002691428088504438,350251,13.011806386468018,0.0
1190,2.5878801345825195,11.96693626502758,1.1121407576921285,12.83178301584583,10.0741492575629,0.0,0.1396067371248738,0.1,0.002857685089111328,0.056461334228515625,0.050652888,0.67873913,12.1185644556916,0.0,0.1310770741559689,0.0,300,0.030823469161987305,0.004194501733164434,0.004782455858228214,350551,13.023371830717933,0.0
1191,2.9097471237182617,10.35201597744087,2.747886333895526,12.693313285304892,5.833919307503057,0.0,0.13994963324935963,0.1,0.007232189178466797,0.07528901100158691,0.04975051,0.5245477,11.941909607866528,0.0,0.10977425657627243,0.0,300,0.031250715255737305,0.04707345824504498,0.034615592936472504,350851,13.095706066939087,0.0
1192,2.522127389907837,12.239759026791589,0.3215966046056106,12.568169023322087,11.81164353387585,0.0,0.14580806024420284,0.1,0.0034694671630859375,0.0619962215423584,0.04930885,1.5685054,11.971694549759034,0.0,0.13488076027266976,0.0,300,0.03165173530578613,0.010928561738494982,0.004650862312714047,351151,13.190786502852257,0.0
1193,2.5070736408233643,11.48992058944701,1.3554168600132246,12.952859992273277,9.697546671326647,0.0,0.15714005401315664,0.1,0.005152702331542969,0.11558818817138672,0.049708754,0.84649295,11.923517153727833,0.0,0.12456536949013293,0.0,300,0.03218841552734375,0.010509635689454408,0.012174649858007208,351451,12.906578594229524,0.0
1194,2.4612176418304443,11.939394370157391,0.9145790823352659,12.802512403094289,10.400679253797835,0.0,0.15000558109436102,0.1,0.003180980682373047,0.06122946739196777,0.049982842,1.2747035,11.925104875370788,0.0,0.13085060188816944,0.0,300,0.0326688289642334,0.00537550354735818,0.0033457773131790737,351751,12.898020606733942,0.0
1195,2.602989435195923,11.805884486919712,1.0656010157678066,12.919269548609666,10.676009601645331,0.0,0.14030341729431042,0.1,0.003275156021118164,0.05873727798461914,0.050412893,0.6703146,11.913182836525682,0.0,0.1287364661420822,0.0,300,0.042848825454711914,0.0064713219834133156,0.005430588850286916,352051,13.038760744976926,0.0
1196,2.5432777404785156,12.361571833333024,0.1966962971730028,12.56066500303945,12.048658890922237,0.0,0.15904432919428718,0.1,0.0030889511108398438,0.07643008232116699,0.050100487,1.0796078,11.958021736206417,0.0,0.1362589649164081,0.0,300,0.030411481857299805,0.00219205989850255,0.002057271110873615,352351,13.070757716071776,0.0
1197,2.5045125484466553,11.820658501280075,1.2237649970585671,13.205462459688938,9.946509733177578,0.0,0.14480423241452392,0.1,0.003062725067138672,0.057024240493774414,0.04926681,0.6446386,11.944285412713782,0.0,0.12917688943941524,0.0,300,0.035082101821899414,0.007430772918270741,0.006529814273817671,352651,12.915480117030834,0.0
1198,2.5568225383758545,11.814207688191946,1.4895148125674946,12.927618679762542,9.269917218084888,0.0,0.14939866235824248,0.1,0.003058910369873047,0.05864310264587402,0.049241856,0.81142646,11.931277640261598,0.0,0.12894419113555597,0.0,300,0.031944990158081055,0.010280162100138568,0.00977890434665631,352951,13.00407049616417,0.0
1199,2.555504322052002,12.73745679904336,0.4645381660800572,13.11871185979239,11.947994788036773,0.0,0.147022470112769,0.1,0.0031795501708984375,0.058213233947753906,0.04975562,2.0677998,12.011895556139773,0.0,0.14118727717478333,0.0,300,0.034670114517211914,0.00420912151296571,0.0024944943910454247,353251,13.025945375220948,0.0
1200,2.651505947113037,11.856700643211052,1.4368900254969788,12.983860281693191,9.409069267129608,0.0,0.14026170780666816,0.1,0.006333112716674805,0.08390212059020996,0.048145935,0.5348367,11.996376064846901,0.0,0.1292986533394727,0.0,300,0.03208136558532715,0.006628110787861608,0.0057384296969027965,353551,12.976669077030772,0.0
1201,2.576152801513672,12.61344135010386,0.386804365307655,12.985194244958503,11.99213773368559,0.0,0.15801400452012745,0.1,0.0030167102813720703,0.06798529624938965,0.05030989,1.1479776,12.058082593372598,0.0,0.13939190534816073,0.0,300,0.061493873596191406,0.0035535596819719056,0.003142746242532656,353851,12.964276586799775,0.0
1202,2.555415153503418,12.270425480457067,1.1191614879977507,13.24081132088408,10.36638026376368,0.0,0.1399664708272869,0.1,0.003142118453979492,0.062468528747558594,0.049896084,0.55998725,12.079316882081045,0.0,0.13500714806318093,0.0,300,0.034551382064819336,0.0047121324829358146,0.0046033425647579495,354151,12.799046877646527,0.0
1203,2.4957773685455322,12.647886988170198,0.3943807051950512,12.938064347640326,11.974178948558565,0.0,0.15837783448272827,0.1,0.0030508041381835938,0.05859971046447754,0.05005912,0.88740724,12.13617389268996,0.0,0.14003262991963866,0.0,300,0.034087419509887695,0.0024861343920013074,0.0021584409373157083,354451,13.07496114791285,0.0
1204,2.5326807498931885,11.987984600644076,0.983381047024384,13.080307626754571,10.394787244227622,0.0,0.15087506943255607,0.1,0.0030755996704101562,0.1134483814239502,0.049518015,0.7391432,12.121354963485373,0.0,0.13158556983506392,0.0,300,0.031265974044799805,0.003530127354474174,0.0033211912848591036,354751,12.945529317235012,0.0
1205,2.6399378776550293,12.631581836206202,0.15225631226269185,12.865327697746052,12.43996728262613,0.0,0.156355413259675,0.1,0.002996683120727539,0.11190390586853027,0.049853515,1.5097146,12.172377650757456,0.0,0.13975776575248133,0.0,300,0.030926227569580078,0.0021163878668157554,0.0017138463191016316,355051,13.113454382870126,0.0
1206,2.6007907390594482,11.966712175992914,0.26251530859552485,12.278949763798243,11.55310743835602,0.0,0.13588385086752544,0.1,0.0029175281524658203,0.056710004806518555,0.05010759,1.8338122,12.151811103281002,0.0,0.13117817817674376,0.0,300,0.04510903358459473,0.0030183914286540585,0.0025078507396949965,355351,12.977356897063743,0.0
1207,2.867034435272217,12.595062066399722,0.3412404834252634,12.898261100345625,12.01566503144702,0.0,0.1543226974941162,0.1,0.014693498611450195,0.07464122772216797,0.04978293,0.7053296,12.196136199592875,0.0,0.13941503917752712,0.0,300,0.03127861022949219,0.002540310639570778,0.002202955513761756,355651,13.335646581476661,0.0
1208,2.5373523235321045,12.41876830902859,0.4260678693012235,12.835671147263785,11.726188573740519,0.0,0.14518335038130475,0.1,0.0032541751861572266,0.0599668025970459,0.049877543,1.5305187,12.218399410536447,0.0,0.13698921460684627,0.0,300,0.031757354736328125,0.0022327280397857548,0.002167616917362987,355951,13.138013750058262,0.0
1209,2.568934917449951,12.409784310202445,0.7313830066569713,12.933241007406146,11.148730444637186,0.0,0.15186709142424612,0.1,0.003267526626586914,0.0583798885345459,0.05011096,0.9522817,12.237537900503046,0.0,0.13670259147095795,0.0,300,0.033861637115478516,0.0028951651218020306,0.0026764985843831576,356251,12.613489167488998,0.0
1210,2.49173903465271,12.195812627896531,0.6880994289284387,12.926114616229821,11.257418254378575,0.0,0.15096041451363482,0.1,0.005486249923706055,0.05851554870605469,0.05108113,0.723809,12.233365373242394,0.0,0.13418943618321433,0.0,300,0.031887054443359375,0.0030377320836430985,0.002614573694125346,356551,13.23893685303535,0.0
1211,2.5519495010375977,11.95979017355,1.0301261848447412,12.844504558818649,10.210789944481505,0.0,0.14999103328527735,0.1,0.003203868865966797,0.058357954025268555,0.049349427,1.0726211,12.206007853273155,0.0,0.1311846713174415,0.0,300,0.030637502670288086,0.007680773698691038,0.006642090789921395,356851,13.005028164307879,0.0
1212,2.449216365814209,12.250456412681347,0.790454687361442,12.934254679782782,10.907860863327803,0.0,0.1546745826023916,0.1,0.0032472610473632812,0.0588076114654541,0.04946589,2.1743598,12.210452709213975,0.0,0.13506847095659874,0.0,300,0.08718156814575195,0.006555468160111544,0.005020736204067826,357151,12.905723167641268,0.0
1213,2.517270088195801,12.887956294759917,0.2382526320382085,13.238577063776546,12.58572965247987,0.0,0.1663936015740681,0.1,0.009176969528198242,0.06331229209899902,0.049857635,0.8683914,12.278203067768569,0.0,0.14303395782633666,0.0,300,0.03359556198120117,0.004083612455611426,0.002593151678637906,357451,13.00828183533295,0.0
1214,2.5071709156036377,12.269063476065956,0.1239842831890616,12.422616592533114,12.109570992311136,0.0,0.15175645500567464,0.1,0.006948947906494141,0.07700085639953613,0.050054215,1.656139,12.277289108598309,0.0,0.13510385275304046,0.0,300,0.032321929931640625,0.005875853696473933,0.0013980036308954315,357751,12.8122521280107,0.0
1215,2.503164052963257,11.92197711095804,0.8667263884207852,12.8664108091152,10.594110099034149,0.0,0.1505618388167633,0.1,0.003100872039794922,0.05848884582519531,0.049313694,0.45952633,12.241757908834282,0.0,0.13059377285296989,0.0,300,0.034536123275756836,0.005200601203182708,0.0060411789563145505,358051,13.13984116046952,0.0
1216,2.538548469543457,12.6124772071113,0.2248700961435803,12.933213459009684,12.29766253037836,0.0,0.15909788259871196,0.1,0.0030057430267333984,0.05939173698425293,0.049910642,0.84723544,12.278829838661984,0.0,0.1393885449444859,0.0,300,0.03131890296936035,0.006443309851581887,0.002363045238572658,358351,12.868098450295522,0.0
1217,2.4953575134277344,12.459779913819734,0.2510455427647339,12.78200933547995,12.179682027070541,0.0,0.14397921836676456,0.1,0.003396749496459961,0.06096053123474121,0.050297175,1.497361,12.29692484617776,0.0,0.13772471400258351,0.0,300,0.034482479095458984,0.0015501664508708714,0.002183393354149454,358651,12.960297224372907,0.0
1218,2.5144989490509033,12.725442188220734,0.2512836360146044,13.140503456283813,12.463603767939892,0.0,0.15867635927691778,0.1,0.0030400753021240234,0.061791419982910156,0.0498497,1.2272274,12.339776580382058,0.0,0.14105496260495587,0.0,300,0.05339837074279785,0.0040926722856114775,0.0021591034196752814,358951,12.944204172707666,0.0
1219,2.5431411266326904,11.818096693409363,0.5332344235690881,12.45381104614303,11.268198129163977,0.0,0.14387941277377275,0.1,0.0030422210693359375,0.06768083572387695,0.04926765,0.733683,12.287608591684789,0.0,0.1291494606440923,0.0,300,0.03219270706176758,0.0034164554890027997,0.0030000664529316995,359251,12.934516766254447,0.0
1220,2.57796573638916,12.808245886498781,0.25388944770596433,13.168211030306281,12.453809480674089,0.0,0.15796791416096628,0.1,0.003077268600463867,0.05837440490722656,0.049653247,2.1296582,12.339672321166189,0.0,0.14199497593798124,0.0,300,0.031041383743286133,0.0030832816826419068,0.0019825158780100603,359551,13.198526644509732,0.0
1221,2.6822731494903564,11.248690104659401,2.897584725576059,13.049178624935028,6.2349755311024015,0.0,0.14561081213219915,0.1,0.003020763397216797,0.0579218864440918,0.050366025,0.47090623,12.23057409951551,0.0,0.12132062638821416,0.0,300,0.031647682189941406,0.04868655568238143,0.03560327906349953,359851,13.039868519967458,0.0
1222,2.6475934982299805,11.039268911520034,2.398768554580671,12.861504108541684,6.938637428883155,0.0,0.14703630747539212,0.1,0.0029735565185546875,0.06136751174926758,0.04994809,0.5084543,12.111443580715962,0.0,0.11882108761199071,0.0,300,0.03368330001831055,0.020197994032651708,0.021306730189971763,360151,13.111613558697295,0.0
1223,2.632800817489624,12.613570807675428,0.33968317362565004,13.007593748492829,12.163315380859721,0.0,0.15260999667530112,0.1,0.0031218528747558594,0.05983161926269531,0.049952183,1.5408204,12.161656303411908,0.0,0.13949343837900186,0.0,300,0.03229403495788574,0.01852606852550638,0.005403519281824327,360451,13.144602160877069,0.0
1224,2.5088865756988525,12.071342787100384,1.2638018714955601,12.930551954941954,9.890529443770617,0.0,0.14875094761479446,0.1,0.003902912139892578,0.05923056602478027,0.049885903,1.4047928,12.152624951780755,0.0,0.1323903276268989,0.0,300,0.031484127044677734,0.013008430433920979,0.008726139395410455,360751,12.723793682509582,0.0
1225,2.513579845428467,12.073996574968728,0.6168670005741935,12.881683087858326,11.162947234025374,0.0,0.15364768811937193,0.1,0.011966943740844727,0.06672501564025879,0.050303154,1.1841512,12.144762114099553,0.0,0.13241526589438957,0.0,300,0.03166460990905762,0.004621687837982455,0.00534451148580674,361051,13.291583021347064,0.0
1226,2.5182812213897705,12.018124045326665,0.6400305190591645,12.867377757409594,11.389781516728739,0.0,0.14390261113308703,0.1,0.0030345916748046875,0.05916166305541992,0.05039761,0.47131407,12.132098307222265,0.0,0.13178116961078984,0.0,300,0.032430171966552734,0.012985223711374486,0.004782442653643538,361351,12.910687623586291,0.0
1227,2.517383098602295,12.643353339404737,0.489432237171019,13.055091721828328,11.808233976974472,0.0,0.15298573619229247,0.1,0.010422229766845703,0.059912919998168945,0.04826791,0.5344868,12.183223810440513,0.0,0.13978086047663008,0.0,300,0.034590721130371094,0.0038320647557584923,0.004996850959753262,361651,13.304314902648967,0.0
1228,2.591383695602417,12.610237370058167,0.16327613130619523,12.781447748965876,12.44340558026276,0.0,0.1424111095124972,0.1,0.003157377243041992,0.05917096138000488,0.049909588,6.909742,12.225925166402279,0.0,0.13953134314682122,0.0,300,0.03158402442932129,0.012874890249161183,0.0035652449744278426,361951,12.99216586009994,0.0
1229,2.5753514766693115,12.973242380702318,0.1503891096718851,13.100280426679078,12.728612873037937,0.0,0.1524490251796934,0.1,0.0030624866485595703,0.05893301963806152,0.05024048,2.3957987,12.300656887832282,0.0,0.14416353385790912,0.0,300,0.03166842460632324,0.003970972610256867,0.004057040548359163,362251,13.144748185916775,0.0
1230,2.577096700668335,12.440806795145214,0.5463471499368527,12.911233517176473,11.513177715256688,0.0,0.1321391857776901,0.1,0.0030672550201416016,0.059769392013549805,0.050152097,1.3849053,12.314671878563576,0.0,0.1370934716727899,0.0,300,0.033178091049194336,0.004687759205888931,0.00391127408081484,362551,13.374615129382041,0.0
1231,2.5817153453826904,11.03900465374196,2.0794745614249006,13.02571022435569,7.54974316771232,0.0,0.14120106301212493,0.1,0.003040313720703125,0.09745311737060547,0.04944595,0.57519376,12.187105156081415,0.0,0.11853100390212776,0.0,300,0.043357133865356445,0.03788063961860595,0.018472803408206354,362851,13.26259154855569,0.0
1232,2.642237424850464,12.430213299703219,0.6350260333524171,13.184126123327433,11.613582888738815,0.0,0.13619323855239088,0.1,0.002920389175415039,0.056606292724609375,0.049734388,1.1666055,12.211415970443596,0.0,0.13713244638736513,0.0,300,0.0691366195678711,0.008775789476074974,0.006049897537286764,363151,13.08678003773553,0.0
1233,2.5418224334716797,12.151758686521223,0.2771009660354608,12.536991434366946,11.759911802737617,0.0,0.15523391148789029,0.1,0.0029587745666503906,0.11037468910217285,0.050390504,1.4401293,12.20545024205136,0.0,0.13350953526818726,0.0,300,0.03157210350036621,0.0033537518269347874,0.004771847279627549,363451,13.031883984567655,0.0
1234,2.5819995403289795,12.476703817071698,0.7464946022419336,13.050596540867387,11.19741417741134,0.0,0.1311927438198251,0.1,0.002878427505493164,0.09622001647949219,0.050245237,2.5191462,12.232575599553394,0.0,0.13774984392874715,0.0,300,0.03083658218383789,0.004995726414747127,0.004414299155201988,363751,13.047205860486537,0.0
1235,2.587859630584717,12.088967720262392,0.5337343067197408,12.712144413551245,11.25622622739105,0.0,0.14401946231407212,0.1,0.0030517578125,0.062436819076538086,0.049500152,1.2211026,12.218214811624295,0.0,0.13276739637076757,0.0,300,0.06683230400085449,0.00544551771607866,0.0028606913338613815,364051,13.026922919866967,0.0
1236,2.5774524211883545,12.75639087462752,0.08248139474989608,12.868423974114899,12.650864335476054,0.0,0.16839822003609717,0.1,0.0028705596923828125,0.05651688575744629,0.049715616,1.0458784,12.272032417924617,0.0,0.14125697278091048,0.0,300,0.030251502990722656,0.004668640379695793,0.002701767270790509,364351,13.034704084880067,0.0
1237,2.63590669631958,12.091182944070557,0.9457736049870934,12.69086545627113,10.454232516656804,0.0,0.1452870513529591,0.1,0.0028793811798095703,0.05892300605773926,0.04997666,0.63558114,12.253947470539211,0.0,0.13267781698030795,0.0,300,0.03104114532470703,0.004753157021345549,0.005110307271363858,364651,13.197524670168471,0.0
1238,2.4902689456939697,12.924449167209364,0.16883589392783924,13.184404400563569,12.768078978957115,0.0,0.15642226620535601,0.1,0.014869928359985352,0.05919361114501953,0.04978972,2.0156345,12.320997640206228,0.0,0.14356498603429152,0.0,300,0.031184911727905273,0.0022413229296796328,0.0019763082883152584,364951,13.198007677018884,0.0
1239,2.5326685905456543,12.649117061497554,0.34287788969157335,13.231488000945696,12.365014028898932,0.0,0.16040392188696884,0.1,0.003289461135864258,0.06032919883728027,0.04990674,1.0893208,12.35380958233536,0.0,0.13993245131322046,0.0,300,0.06036543846130371,0.00240095212742209,0.0020127065362535884,365251,13.19876092367401,0.0
1240,2.6422104835510254,12.541319784637707,0.29211093451643744,12.95443060743185,12.128271898724618,0.0,0.1464024121463803,0.1,0.0031871795654296875,0.05827164649963379,0.050464768,0.8511588,12.372560602565596,0.0,0.1386069013762977,0.0,300,0.0319063663482666,0.002165826538916618,0.0020460630999046795,365551,13.224584789413527,0.0
1241,2.572751045227051,12.260748135343258,0.7413471101054643,13.038311280630989,11.306286632520946,0.0,0.1455515943888212,0.1,0.0033216476440429688,0.05962419509887695,0.049472626,0.4249372,12.361379355843361,0.0,0.13478830203128814,0.0,300,0.031725168228149414,0.006281838696572757,0.0027507400302824703,365851,12.712275379683048,0.0
1242,2.5756590366363525,12.204289902830407,0.45885016893037023,12.854290402383233,11.569055822075667,0.0,0.15909044685744797,0.1,0.003099203109741211,0.05883479118347168,0.05005634,8.235568,12.345670410542066,0.0,0.13420176576898551,0.0,300,0.07329607009887695,0.004772250329591437,0.00327130636693411,366151,13.255167913006284,0.0
1243,2.5838146209716797,12.98233561365891,0.22295456342387202,13.205493237291519,12.652877221016984,0.0,0.15503123109940103,0.1,0.003907918930053711,0.0589756965637207,0.049563315,1.2024415,12.409336930853751,0.0,0.14444533328760448,0.0,300,0.03176236152648926,0.005579981701144012,0.004366602395069376,366451,13.211221594635964,0.0
1244,2.5909626483917236,12.565690907687692,0.3254723332040746,12.892150076820275,12.094862142614616,0.0,0.15195090316208656,0.1,0.003047943115234375,0.05949211120605469,0.04976022,1.3315535,12.424972328537146,0.0,0.1388064875760709,0.0,300,0.03179430961608887,0.003211992365055113,0.0015809274308555127,366751,13.265480922945676,0.0
1245,2.529268503189087,12.584415956008344,0.20000087742782016,12.799586902517891,12.30836810793083,0.0,0.14497361978772952,0.1,0.0030405521392822266,0.08824920654296875,0.049862564,1.4844484,12.440916691284265,0.0,0.13923372810507817,0.0,300,0.04841923713684082,0.0019085829534744015,0.0022564547860388934,367051,13.279922501489304,0.0
1246,2.599020481109619,11.268202209758462,0.9488273995832118,12.191907549488551,9.69717860706645,0.0,0.14242983644177584,0.1,0.0030117034912109375,0.05774807929992676,0.050437808,0.5162662,12.323645243131685,0.0,0.12203524661728127,0.0,300,0.031319618225097656,0.013390586836191341,0.005904173977073527,367351,13.189665617388712,0.0
1247,2.5828611850738525,12.303288247015013,0.8603494677458993,12.927563523573733,10.820750932099783,0.0,0.1394524350887095,0.1,0.0029408931732177734,0.057723283767700195,0.05053306,0.658141,12.321609543520019,0.0,0.1354108793218762,0.0,300,0.03135943412780762,0.0037929566400966897,0.0038399631604797736,367651,13.173431916764919,0.0
1248,2.650705575942993,12.029543595633518,1.1144771056821743,13.172372037922674,10.197502184738035,0.0,0.15366080889150774,0.1,0.0030078887939453125,0.060486793518066406,0.04889629,1.0543857,12.292402948731368,0.0,0.1318327704713774,0.0,300,0.03220057487487793,0.006201584442264171,0.005290322009310868,367951,13.358381594219301,0.0
1249,2.6111011505126953,10.934034081757744,1.4607281747915988,12.5297130884193,8.581818663973701,0.0,0.14469425853250414,0.1,0.004147768020629883,0.05725860595703125,0.050034467,0.81863433,12.156566062034006,0.0,0.11733226424451003,0.0,300,0.031215667724609375,0.02362207954168194,0.015363300526759402,368251,12.936561562291418,0.0
1250,2.6140153408050537,11.5945915892652,2.2438829705966086,13.345280547000886,7.7621273409518645,0.0,0.15115390623271507,0.1,0.002979278564453125,0.06293606758117676,0.04999692,0.8902889,12.100368614757127,0.0,0.12602089964243113,0.0,300,0.03205990791320801,0.013382264305619548,0.012826768871673118,368551,13.325645711182348,0.0
1251,2.6497998237609863,12.567829354414148,0.31709806079170183,12.885351346886468,12.04288606565135,0.0,0.14192284778706094,0.1,0.0030088424682617188,0.05847930908203125,0.049877454,1.6176801,12.147114688722828,0.0,0.1390657605870844,0.0,300,0.03132033348083496,0.005277064363686462,0.0031022318721602225,368851,13.242315814301882,0.0
1252,2.7088170051574707,12.81499764723292,0.48068837337295334,13.303685287977721,12.186289950050087,0.0,0.1471380174430243,0.1,0.013654708862304688,0.07248520851135254,0.04947889,1.3641021,12.213902984573838,0.0,0.14211423161243827,0.0,300,0.03524208068847656,0.0029670283703136656,0.0024042523600147758,369151,13.14031958841305,0.0
1253,2.7596068382263184,12.373756051713176,0.5989104985290604,12.940366799883565,11.373213364791292,0.0,0.14410108599032934,0.1,0.0031745433807373047,0.07922077178955078,0.04964265,0.8273705,12.229888291287773,0.0,0.13652512207343098,0.0,300,0.04691052436828613,0.005034373434248693,0.0027815661980396277,369451,13.103909173229935,0.0
1254,2.5863404273986816,12.011673711163212,1.0279288423114945,12.960806781874474,10.2771396109569,0.0,0.14099506601268685,0.1,0.003120899200439453,0.08807826042175293,0.04964652,0.83580893,12.208066833275318,0.0,0.13148060504302211,0.0,300,0.034897804260253906,0.0049007151905022936,0.003819500089013651,369751,13.045618518861238,0.0
1255,2.695603609085083,11.41896466115104,2.1379477349460974,12.8040800122261,7.721239806636935,0.0,0.14599950060457875,0.1,0.0032291412353515625,0.06021714210510254,0.049661428,0.4452285,12.129156616062891,0.0,0.12395088716721947,0.0,300,0.06511950492858887,0.021932923384996465,0.019758452137983933,370051,13.150998154199604,0.0
1256,2.7686922550201416,12.250830084790408,0.9978970335201294,13.20718490127942,10.57763764120736,0.0,0.1469588352292871,0.1,0.0031409263610839844,0.06756830215454102,0.050176494,1.0494307,12.141323962935644,0.0,0.1347045420802429,0.0,300,0.03233504295349121,0.004476779425653819,0.0034256202004129457,370351,11.784499967989708,0.0
1257,2.5325868129730225,11.54123363417058,1.0961521318948473,12.534493260645041,9.878648821559386,0.0,0.1455673444030593,0.1,0.003237485885620117,0.08477067947387695,0.051294703,19.4732,12.081314930059138,0.0,0.12551678290867363,0.0,300,0.04357743263244629,0.022447230948140655,0.01181873800774016,370651,13.143305880498536,0.0
1258,2.615365505218506,12.315996236901146,0.35497426098378254,12.896362529320884,11.941621879356337,0.0,0.16230480903072653,0.1,0.0030655860900878906,0.0833740234375,0.04969887,1.0433736,12.10478306074334,0.0,0.13556247429752624,0.0,300,0.03128814697265625,0.009480898812720543,0.0040614870782158495,370951,13.173823200650252,0.0
1259,2.5854179859161377,11.993118686121674,0.9778178168560127,13.138184944489021,10.446343638755268,0.0,0.14418091914509462,0.1,0.009768009185791016,0.07753443717956543,0.049389184,1.0855436,12.093616623281173,0.0,0.13150798713490264,0.0,300,0.03120732307434082,0.0038699746006343265,0.005863799452887081,371251,13.228538970844888,0.0
1260,2.5362086296081543,11.89321202189587,0.8422643870776125,12.97425189383755,10.633616067781048,0.0,0.1368585061593219,0.1,0.011943578720092773,0.09370994567871094,0.050582454,0.55994564,12.073576163142643,0.0,0.1300808391182408,0.0,300,0.03060770034790039,0.004222061739925775,0.0037809824288569855,371551,13.110379106833731,0.0
1261,2.6049816608428955,12.9712977673492,0.023643909459355586,13.004522207512949,12.939088580706297,0.0,0.15272031221831292,0.1,0.002933025360107422,0.05638694763183594,0.050216597,1.7927312,12.1633483235633,0.0,0.14426092824721884,0.0,300,0.02924823760986328,0.0022460318967424146,0.0012177469647239958,371851,13.126694909028801,0.0
1262,2.612609624862671,12.530185500263356,0.5608088432411438,13.19725933656287,11.664481929273938,0.0,0.15395396411228648,0.1,0.002880096435546875,0.11255002021789551,0.049982656,0.81155133,12.200032041233307,0.0,0.1384774387304599,0.0,300,0.031045198440551758,0.00216917419217361,0.0022876714914252983,372151,13.193166765434604,0.0
1263,2.6087193489074707,12.458578129785097,0.3674810937148278,12.845904707479024,11.922055496560928,0.0,0.14681618466855278,0.1,0.003045797348022461,0.05749249458312988,0.050142135,2.7772536,12.225886650088487,0.0,0.13755808866877145,0.0,300,0.031639814376831055,0.002988327020264312,0.0020951051864376556,372451,13.295146883624534,0.0
1264,2.632380962371826,12.496326376830215,0.4198993095598358,12.898230651216874,11.793005792815197,0.0,0.16698946380314927,0.1,0.002943277359008789,0.06278228759765625,0.05048081,0.7783151,12.25293062276266,0.0,0.1382067989054826,0.0,300,0.06161069869995117,0.0024428981740142503,0.0025242022985442493,372751,13.111883945719624,0.0
1265,2.655275821685791,12.633946646681784,0.4780101423142741,13.187397668774397,12.08090567539072,0.0,0.15677252752791684,0.1,0.0036733150482177734,0.10716438293457031,0.050028656,1.3858732,12.291032225154572,0.0,0.13993088316927088,0.0,300,0.04260420799255371,0.004306132662260529,0.003324593494908112,373051,13.116319241331198,0.0
1266,2.540280342102051,12.716387759703863,0.1503496596243007,12.933869369509836,12.509397627640263,0.0,0.16451270300811768,0.1,0.003244638442993164,0.058895111083984375,0.049626254,0.6601091,12.3335677786095,0.0,0.14091757029443314,0.0,300,0.05035805702209473,0.003113761723948239,0.0027958632192709105,373351,13.297445445655603,0.0
1267,2.509645462036133,12.305712296637287,0.8804195408215612,13.178419253209784,10.846107663400367,0.0,0.1529369378371914,0.1,0.007927417755126953,0.08205962181091309,0.049527835,0.8212816,12.33078223041228,0.0,0.13546289878248693,0.0,300,0.03216409683227539,0.006147041579473828,0.0034732518151112373,373651,13.064626486593626,0.0
1268,2.563636064529419,12.711499810607613,0.39722226707883634,13.179073387909007,12.157080733667613,0.0,0.14485165725149027,0.1,0.003239870071411133,0.05831599235534668,0.049538456,0.8799457,12.368853988431814,0.0,0.14078675261608367,0.0,300,0.031560659408569336,0.004322353889660791,0.0017670096806015544,373951,13.156586766009182,0.0
1269,2.5807859897613525,13.017316211928504,0.16758958415792724,13.219674469559907,12.769003943359008,0.0,0.1496285004174761,0.1,0.0030972957611083984,0.13428258895874023,0.049955763,0.61083376,12.433700210781483,0.0,0.14474451253992815,0.0,300,0.031200647354125977,0.0023567630908052774,0.003091956025571665,374251,13.311815426848087,0.0
1270,2.6341910362243652,12.73195225214315,0.2584923125766648,13.154990158254941,12.472719329363263,0.0,0.1499836081317563,0.1,0.004182338714599609,0.0817868709564209,0.04968448,2.2984574,12.463525414917651,0.0,0.14114429118806007,0.0,300,0.030646085739135742,0.00400023420881378,0.0011726877106179284,374551,12.980763575519555,0.0
1271,2.569723606109619,12.444430127369376,0.4063266906999539,13.027247589241473,11.878224200449962,0.0,0.15310442411252434,0.1,0.003019571304321289,0.05777931213378906,0.05079504,0.66084224,12.461615886162823,0.0,0.13732535942223192,0.0,300,0.032962799072265625,0.0023417287939385602,0.0027371940479037527,374851,13.05844368789449,0.0
1272,2.64266037940979,12.406428955800138,0.5095683224030436,13.165257493186575,11.789142782751977,0.0,0.15645521808810695,0.1,0.011420965194702148,0.10961246490478516,0.049512025,0.9485108,12.456097193126556,0.0,0.13678448536975682,0.0,300,0.030812740325927734,0.004700178003479441,0.0035821247250488143,375151,13.18975768068597,0.0
1273,2.6301796436309814,13.035582810097495,0.13694701582779942,13.153089924810354,12.806256203746557,0.0,0.16074003438726783,0.1,0.00308990478515625,0.05905747413635254,0.04992315,0.8557135,12.51404575482365,0.0,0.14497450426167358,0.0,300,0.02969813346862793,0.0022954419761915964,0.0016310575921498324,375451,13.293077458922108,0.0
1274,2.6418797969818115,12.696872289675644,0.14852730651943574,12.875519529254492,12.465880873128862,0.0,0.15338324910311527,0.1,0.00716400146484375,0.09034562110900879,0.050010532,1.2210279,12.53232840830885,0.0,0.1404977691772379,0.0,300,0.03262925148010254,0.00150249377097268,0.0016836521675412722,375751,13.31074319189994,0.0
1275,2.6628811359405518,12.5583861932892,0.2309976061429766,12.780731904495276,12.193254967371233,0.0,0.16103412461764632,0.1,0.0030450820922851562,0.05997204780578613,0.049308203,0.6099138,12.534934186806884,0.0,0.13873229472986295,0.0,300,0.031072378158569336,0.0018991245683674177,0.0016442941815357956,376051,13.253945687530255,0.0
1276,2.6683194637298584,12.849975505710253,0.13963045100707028,13.001106263467285,12.644077581595418,0.0,0.15699342353854812,0.1,0.0030596256256103516,0.05761361122131348,0.050081577,1.0981579,12.566438318697221,0.0,0.1426563852593741,0.0,300,0.03152894973754883,0.0014651801343190066,0.0012972756344062958,376351,13.16576443258746,0.0
1277,2.5929057598114014,12.79520909637384,0.3606492081258832,13.311086214540884,12.296139894281172,0.0,0.15437409787551987,0.1,0.0029931068420410156,0.060367584228515625,0.049447503,0.9087444,12.589315396464883,0.0,0.14188750338617684,0.0,300,0.03136396408081055,0.0013960705505051635,0.0013560331416465647,376651,12.774296458611518,0.0
1278,2.6082828044891357,12.4900173765586,0.23024349202585306,12.718595782678955,12.105745742338522,0.0,0.1629422807335372,0.1,0.0030069351196289062,0.10183906555175781,0.049957726,0.6453296,12.579385594474255,0.0,0.1379222660986353,0.0,300,0.034638404846191406,0.0031088218276878344,0.0028861791856058653,376951,13.198074766661804,0.0
1279,2.6634299755096436,12.119338899480388,0.8388865420406283,13.109526545135315,11.093680256865598,0.0,0.14688963040764688,0.1,0.002956867218017578,0.05817008018493652,0.050310604,0.63570803,12.53338092497487,0.0,0.1330761940627955,0.0,300,0.031221628189086914,0.00509043230309134,0.003706308962225864,377251,13.189915101713673,0.0
1280,2.6852519512176514,12.181259329366167,1.5538738343524852,13.246952218114643,9.499720003265566,0.0,0.13394078636833268,0.1,0.007123470306396484,0.07021284103393555,0.04893797,0.7703648,12.498168765414,0.0,0.1336641523206054,0.0,300,0.0309903621673584,0.008718242838588979,0.008316125534789944,377551,13.139478198961285,0.0
1281,2.5918760299682617,11.866124706664657,1.0258899449675156,12.866341461803497,10.531246496818905,0.0,0.14725091443559196,0.1,0.0032663345336914062,0.05830073356628418,0.049795616,0.6244818,12.434964359539066,0.0,0.1295902932160787,0.0,300,0.03021097183227539,0.005180557999508395,0.0029374434610081714,377851,13.250509790141058,0.0
1282,3.0446746349334717,11.947541785578917,1.014242322135496,12.674921347061412,10.212908064213806,0.0,0.14380417705428242,0.1,0.0036852359771728516,0.07897305488586426,0.04953126,2.0066807,12.386222102143051,0.0,0.13053131823892922,0.0,300,0.031609296798706055,0.005327817895263296,0.005280462380799603,378151,13.29117055745854,0.0
1283,2.5594210624694824,12.551257492423582,0.5328724271361331,13.142559267838465,11.946481239481534,0.0,0.14291043662643477,0.1,0.0035161972045898438,0.05913376808166504,0.050256737,1.5450466,12.402725641171106,0.0,0.13861061540924077,0.0,300,0.03197503089904785,0.0022209542535328573,0.0020775707993116025,378451,13.23270426334293,0.0
1284,2.564948558807373,12.184104410804538,0.8566629032291249,12.919148510556363,10.792002322264947,0.0,0.14452817217759345,0.1,0.0033524036407470703,0.062001943588256836,0.049569447,0.70632446,12.38086351813445,0.0,0.13395344527160313,0.0,300,0.03133344650268555,0.0037043310959933248,0.00345895448887812,378751,13.185173532595792,0.0
1285,2.6245810985565186,12.430651978162533,0.6988864467079094,12.977273034011374,11.230317651862958,0.0,0.14755930964382158,0.1,0.003396749496459961,0.11161661148071289,0.05055489,0.8492662,12.38584236413726,0.0,0.1371246902682444,0.0,300,0.034371376037597656,0.002835459184650363,0.002384964672525369,379051,13.30811900377745,0.0
1286,2.5776917934417725,13.054387524682546,0.2061168016454684,13.313715468785299,12.83965186190657,0.0,0.15108136142719877,0.1,0.0031130313873291016,0.057646751403808594,0.049907938,1.3770638,12.45269688019179,0.0,0.14527657817082404,0.0,300,0.031092405319213867,0.0026784018049214355,0.0013375154219286583,379351,13.125261208174123,0.0
1287,2.60784649848938,12.885346734086244,0.1787446629877098,13.012304985313998,12.576842482897174,0.0,0.15647566602422236,0.1,0.0030918121337890625,0.06001996994018555,0.05006616,0.9343915,12.495961865581236,0.0,0.14296259323339075,0.0,300,0.04043269157409668,0.0015653134396350617,0.001456757690377357,379651,12.988272996928734,0.0
1288,2.600320816040039,13.028175644837791,0.17520143528144388,13.263911522220893,12.781385472997226,0.0,0.15518250308982728,0.1,0.002928495407104492,0.05695652961730957,0.050222855,1.1661047,12.549183243506892,0.0,0.14495289202909992,0.0,300,0.031137704849243164,0.0026671520154426752,0.002195217684026931,379951,13.147282406739174,0.0
1289,2.547441244125366,12.946802404428551,0.3331640417391678,13.402404003911709,12.55840559978563,0.0,0.14736800122082427,0.1,0.0029976367950439453,0.05799508094787598,0.050334763,4.068822,12.588945159599058,0.0,0.14391300130815332,0.0,300,0.030937671661376953,0.0024881456896178457,0.0015100258553466678,380251,13.192816820698082,0.0
1290,2.5814783573150635,12.545533957918092,0.5661414346391656,13.119461564382599,11.629511664767694,0.0,0.1571164593693504,0.1,0.0030431747436523438,0.05879068374633789,0.049310047,0.58159,12.584604039430962,0.0,0.13867209532667024,0.0,300,0.03130531311035156,0.002675012826178279,0.0023024364766915687,380551,13.177680524270444,0.0
1291,2.5911717414855957,12.584105016531723,0.4241894669642152,13.055067304040778,11.933170484156765,0.0,0.14584313430535756,0.1,0.003991603851318359,0.13018298149108887,0.049334537,1.9244543,12.584554137141039,0.0,0.13899464937568948,0.0,300,0.03502225875854492,0.002743871559431643,0.0016991361966473587,380851,13.26127770701365,0.0
1292,2.5710461139678955,11.280148230400801,2.9872346016037117,13.084229495783816,6.107140711315449,0.0,0.14255001177722004,0.1,0.0033097267150878906,0.058269500732421875,0.049896788,0.522515,12.454113546467015,0.0,0.12174869289764298,0.0,300,0.031185150146484375,0.045529474165491614,0.03359632261840711,381151,13.023844418181026,0.0
1293,2.6334011554718018,12.330306811112866,1.066075654505644,13.116487163028502,10.518364355594555,0.0,0.15065168265682302,0.1,0.003011465072631836,0.05784153938293457,0.05018296,0.5242631,12.441732872931599,0.0,0.13578685104817612,0.0,300,0.07577872276306152,0.01402775443755997,0.003937323742195354,381451,13.1474475135039,0.0
1294,2.6543800830841064,12.837349007696321,0.20240466629141998,13.107080607009355,12.549471906064413,0.0,0.14750566391218045,0.1,0.0029735565185546875,0.0594019889831543,0.04916203,1.6260798,12.481294486408071,0.0,0.1423429873705545,0.0,300,0.031350135803222656,0.005945342740053767,0.006462869428865718,381751,13.169230339160633,0.0
1295,2.613619089126587,12.87400815158152,0.2047346193185489,13.175993479892753,12.634562512933105,0.0,0.15441354870594792,0.1,0.011350870132446289,0.08106040954589844,0.04955637,2.3709805,12.520565852925417,0.0,0.14277898495025923,0.0,300,0.03106403350830078,0.009121923985604533,0.0021664880257652535,382051,13.012317069926999,0.0
1296,2.605414628982544,12.699232714910448,0.5865737767715102,13.257343949479083,11.713685702816065,0.0,0.15456037704506595,0.1,0.002966165542602539,0.05974698066711426,0.050097633,0.97665113,12.53843253912392,0.0,0.14056713855371375,0.0,300,0.030937910079956055,0.0026952692058683984,0.004405546375083127,382351,13.151691877070673,0.0
1297,2.5985262393951416,12.653248204168118,0.06923718189139653,12.754463296459408,12.558983921808125,0.0,0.15368822892079004,0.1,0.0030667781829833984,0.057703495025634766,0.050096277,0.89395976,12.549914105628341,0.0,0.13987734737593102,0.0,300,0.03791308403015137,0.003915558993251879,0.003249075601949465,382651,13.297899766982491,0.0
1298,2.6129720211029053,12.669203784896766,0.27804775218123007,12.969267826230627,12.214038894247652,0.0,0.152906602140117,0.1,0.003013134002685547,0.057714223861694336,0.04958699,0.69049776,12.561843073555185,0.0,0.14016691732155073,0.0,300,0.0332646369934082,0.0017810049857790733,0.001620632758879662,382951,12.957199803398593,0.0
1299,2.5725131034851074,12.481149284578406,0.42565446606895335,12.943132228421335,11.957718853546902,0.0,0.15355294131500782,0.1,0.013779401779174805,0.07027173042297363,0.050334163,0.69827014,12.553773694657508,0.0,0.1376706597703075,0.0,300,0.031601905822753906,0.0017859118086047908,0.001557729210456149,383251,13.080957286379814,0.0
1300,2.5600650310516357,12.707293448005165,0.3456972272471638,13.177655104164721,12.204007352974212,0.0,0.15645437805852158,0.1,0.008768796920776367,0.0704038143157959,0.05011655,1.0560658,12.569125669992275,0.0,0.14068072423843156,0.0,300,0.030782699584960938,0.002068909584845169,0.0018821635176849505,383551,13.199696337692751,0.0
1301,2.620703935623169,12.798632796523071,0.13991116205871246,12.998133243287304,12.6182882854639,0.0,0.15241234367871273,0.1,0.09993481636047363,0.3972601890563965,0.049375217,1.3008835,12.592076382645354,0.0,0.14180295052166858,0.0,300,0.029644012451171875,0.002455733041517952,0.0022052497208128793,383851,12.989149309460643,0.0
1302,2.602128744125366,12.567193717712176,0.695527634096248,13.10371005957429,11.37174602060768,0.0,0.1475369699233313,0.1,0.003190279006958008,0.07679986953735352,0.050044212,0.68038243,12.589588116152036,0.0,0.1388413482954443,0.0,300,0.053473472595214844,0.0030977234767507163,0.0023562701622357385,384151,13.10076720054323,0.0
1303,2.526616096496582,12.705991104882854,0.2602796642198882,13.05119426686507,12.31814031098572,0.0,0.13991655752730375,0.1,0.0031480789184570312,0.07640314102172852,0.050177645,2.8843591,12.601228415025119,0.0,0.14072368396486679,0.0,300,0.06852006912231445,0.0015629099995063285,0.0016929576446545655,384451,13.08989457494247,0.0
1304,2.579416275024414,12.447170262195074,0.5981727797355123,12.911896657181499,11.435434865412867,0.0,0.1452727882460662,0.1,0.003214597702026367,0.13103818893432617,0.04954079,1.2358547,12.585822599742116,0.0,0.1372043667039216,0.0,300,0.03131437301635742,0.004899573297652538,0.003411311166078892,384751,13.345760150583182,0.0
1305,2.652679443359375,13.143818123139585,0.09303859154233712,13.266470346344551,13.013404501880741,0.0,0.15421842401711564,0.1,0.003271341323852539,0.11493802070617676,0.050229885,0.8050291,12.641622152081863,0.0,0.14643660240895823,0.0,300,0.031195640563964844,0.003304899607578987,0.0021326741973942526,385051,13.07126007124723,0.0
1306,2.624091863632202,11.876288401049477,1.3282999514954037,13.061061865907758,9.721251613727475,0.0,0.14634941254285327,0.1,0.007119178771972656,0.057117462158203125,0.049269456,0.4942366,12.565088776978625,0.0,0.12975092173081854,0.0,300,0.030874252319335938,0.007342719480605285,0.006536186834572199,385351,13.158284516281318,0.0
1307,2.5363149642944336,12.747237427015339,0.23403389737025743,13.106812249471789,12.519434464020772,0.0,0.1681101049914081,0.1,0.0030012130737304688,0.06378531455993652,0.050116103,0.68861103,12.583303641982296,0.0,0.1414434574639721,0.0,300,0.030270099639892578,0.002994840193255202,0.002939619231612906,385651,13.201109753302468,0.0
1308,2.619600534439087,12.924430077610406,0.392005165030261,13.20814224251257,12.249398206499354,0.0,0.1593981106694391,0.1,0.0029921531677246094,0.11610007286071777,0.049732067,0.9817839,12.617416285545106,0.0,0.1434703157136486,0.0,300,0.03594660758972168,0.003003649548879184,0.0025564012562820674,385951,13.009502269699167,0.0
1309,2.6806087493896484,10.884794377699203,1.3541260247107934,12.939669858470982,9.564669513818012,0.0,0.14718761359109042,0.1,0.07274580001831055,0.05823397636413574,0.04998553,0.68276405,12.444154094760517,0.0,0.11635107899363575,0.0,300,0.05574464797973633,0.03014630649448722,0.017847882482930785,386251,13.328478009329933,0.0
1310,2.6515004634857178,11.205217006986322,1.7563941967190144,13.070062665596593,9.400802227200659,0.0,0.13205728733736424,0.1,0.003054380416870117,0.059051513671875,0.05025218,0.5438173,12.320260385983097,0.0,0.12072465701321991,0.0,300,0.03429150581359863,0.012735896800436757,0.012347784492822459,386551,13.31061469678635,0.0
1311,2.5811352729797363,12.516212321797779,0.6547422761667615,13.086354944288935,11.43264071005715,0.0,0.14665965683508758,0.1,0.003042936325073242,0.057939767837524414,0.049921133,1.0844649,12.339855579564565,0.0,0.13819632698991846,0.0,300,0.04332780838012695,0.015848353051527493,0.004752615848599709,386851,13.02588557868117,0.0
1312,2.6935458183288574,12.183698878490603,0.9216601199727484,13.06225332080193,10.719653649811974,0.0,0.14292895748977455,0.1,0.00299835205078125,0.05780792236328125,0.047855683,1.0169241,12.32423990945717,0.0,0.13390667734017728,0.0,300,0.03073716163635254,0.006551713695703117,0.005646023535666429,387151,13.1212931167207,0.0
1313,2.532512664794922,12.730856058164413,0.3290636073425306,13.101690942644115,12.199218672180404,0.0,0.16573021835525723,0.1,0.003032684326171875,0.06086921691894531,0.050044008,1.2150625,12.364901524327895,0.0,0.14096241637221993,0.0,300,0.02936863899230957,0.00338627639108186,0.003684148724414066,387451,13.25091412691423,0.0
1314,2.5918896198272705,12.78402361767456,0.1590453119494265,12.965370219367019,12.568754914948679,0.0,0.1554887374025258,0.1,0.0030012130737304688,0.05640769004821777,0.05150594,2.5505254,12.406813733662561,0.0,0.1415676802741765,0.0,300,0.0305941104888916,0.0020918669042095175,0.001656198259992962,387751,13.235508922025886,0.0
1315,2.7075865268707275,12.878481683676174,0.09924779439328474,12.954323735421816,12.70793216640691,0.0,0.1554201199149666,0.1,0.0030095577239990234,0.05681109428405762,0.049508855,1.5458603,12.453980528663923,0.0,0.14282678420003164,0.0,300,0.033133506774902344,0.0017273209746269732,0.0017220577075631731,388051,13.192971881723333,0.0
1316,2.515052080154419,12.900120153607029,0.4712852138987738,13.181801698799838,12.083945390017682,0.0,0.15742925841284708,0.1,0.004984378814697266,0.07491779327392578,0.049595,0.74476665,12.498594491158233,0.0,0.14322413119126334,0.0,300,0.03200387954711914,0.0025324710947652366,0.0021987857921572725,388351,13.263835604159445,0.0
1317,2.6328346729278564,11.89820537177826,1.0630094921529325,12.986534542606474,10.291428248312517,0.0,0.13754059729443127,0.1,0.0032148361206054688,0.05841970443725586,0.04974878,0.46773347,12.438555579220237,0.0,0.12982885213278744,0.0,300,0.03314328193664551,0.0064620783340675675,0.004538555943616936,388651,12.995056935405463,0.0
1318,2.625580072402954,12.299451896900159,1.0271290787426086,13.149858331731368,10.550052867693342,0.0,0.14548341069615375,0.1,0.0030164718627929688,0.08401870727539062,0.05007123,0.673862,12.42464521098823,0.0,0.13540672764054723,0.0,300,0.05597996711730957,0.005231103704429229,0.005221932120221864,388951,13.268690021696917,0.0
1319,2.5988540649414062,12.819538295800816,0.21945758098341792,13.103456550083225,12.493907666981936,0.0,0.1538703916688612,0.1,0.0032699108123779297,0.05856156349182129,0.04970608,0.94852155,12.46413451946949,0.0,0.14208433449705604,0.0,300,0.032935142517089844,0.003326930850890033,0.0017809203878112133,389251,13.253003121683237,0.0
1320,2.4760520458221436,12.855883161836475,0.18940978571157113,13.160219501660544,12.651659415682579,0.0,0.14930028000501577,0.1,0.006267547607421875,0.09439349174499512,0.04993323,1.5425994,12.503309383706188,0.0,0.14271207123175067,0.0,300,0.03223776817321777,0.0026339757514317968,0.0019088288469812742,389551,13.052803913539096,0.0
1321,2.603390693664551,12.851337711094443,0.1370267157281651,12.962375219900983,12.624633385246447,0.0,0.15388437756691406,0.1,0.0032422542572021484,0.05919075012207031,0.050410043,0.59415334,12.538112216445015,0.0,0.14268384514597815,0.0,300,0.030024290084838867,0.0018419902291908548,0.0015337763303711885,389851,13.18030642545403,0.0
1322,2.5705928802490234,12.947904765171732,0.09787315492227436,13.068585760949906,12.835673152834298,0.0,0.1651148636634916,0.1,0.003118753433227539,0.10053229331970215,0.049671285,0.82894015,12.579091471317687,0.0,0.1436870090457737,0.0,300,0.04320359230041504,0.0012352285261871601,0.00122927182912709,390151,13.174557233471418,0.0
1323,2.6532278060913086,11.409918868361952,1.3353311272482502,12.836728991646329,9.387935732700587,0.0,0.15220569538893008,0.1,0.0032896995544433594,0.05889892578125,0.049960393,0.48372814,12.462174211022115,0.0,0.12345047336103857,0.0,300,0.031182527542114258,0.021556200092001862,0.009548735870473286,390451,13.04377237447649,0.0
1324,2.6411893367767334,13.026195994086985,0.13079873748413637,13.161478549923965,12.831851070021939,0.0,0.15351368049878225,0.1,0.003206014633178711,0.12145280838012695,0.050759368,1.8863932,12.518576389328603,0.0,0.14475288980391268,0.0,300,0.030910730361938477,0.013381955543651125,0.0021540380592724065,390751,13.10311661396723,0.0
1325,2.5756688117980957,12.638062345022279,0.38628215069145466,12.867493374417583,11.969117495100182,0.0,0.14572990012547635,0.1,0.0030863285064697266,0.060941457748413086,0.048939228,2.603491,12.530524984897971,0.0,0.13963630907357844,0.0,300,0.03128242492675781,0.00263249553855112,0.00540070767475147,391051,13.012346110086861,0.0
1326,2.572420358657837,12.199469274442963,0.6866962493167201,12.995169749256538,11.1711561365143,0.0,0.1509641466442635,0.1,0.0031244754791259766,0.05900740623474121,0.05010805,1.0698305,12.49741941385247,0.0,0.13396073349058232,0.0,300,0.031123638153076172,0.011513727892653172,0.004829090263634014,391351,12.997748470546235,0.0
1327,2.6166577339172363,12.870528570247894,0.11529738334404344,13.036713762774609,12.733878321639446,0.0,0.1559001101133863,0.1,0.002882719039916992,0.056507110595703125,0.05019106,0.772411,12.534730329492012,0.0,0.14270877428510442,0.0,300,0.030718564987182617,0.004510983837934106,0.0027064074051392365,391651,13.182028156454384,0.0
1328,2.6543142795562744,12.155321266850255,1.266288873013,13.188493446058928,9.990198131099945,0.0,0.13869948631231332,0.1,0.012068510055541992,0.06931257247924805,0.050152645,0.54241717,12.496789423227838,0.0,0.1333482857620741,0.0,300,0.030826330184936523,0.006803388901875249,0.00782894781135408,391951,13.240980173837846,0.0
1329,2.6471564769744873,12.487495606103813,0.19730156485098682,12.690606766341368,12.202919504797283,0.0,0.1466757768655501,0.1,0.0029878616333007812,0.05777740478515625,0.05050797,1.9323983,12.495860041515437,0.0,0.13783978932712546,0.0,300,0.03144025802612305,0.005210673432210996,0.002396587771910418,392251,13.346057083008697,0.0
1330,2.593174457550049,12.43030886116773,0.27791972862045883,12.887012752749026,12.204502337312704,0.0,0.15799893750495728,0.1,0.0034787654876708984,0.05762767791748047,0.05035057,2.0463638,12.489304923480667,0.0,0.13691906844826474,0.0,300,0.03147125244140625,0.0027215263785776832,0.002813604027983465,392551,13.272878824541166,0.0
1331,2.554758310317993,13.001749851860449,0.19790318284391384,13.314575460110087,12.765656864068776,0.0,0.15296097707213313,0.1,0.012322664260864258,0.10256099700927734,0.049720358,1.3108886,12.540549416318646,0.0,0.14448203719097974,0.0,300,0.03182363510131836,0.0035016309239748445,0.0022169935984565044,392851,13.25734027001342,0.0
1332,2.532069683074951,10.294049050774209,4.434264195880677,13.138839560960973,2.6341103052261268,0.0,0.12911089644780263,0.1,0.003164052963256836,0.05935931205749512,0.050088163,0.4269623,12.315899379764202,0.0,0.10904748831789116,0.0,300,0.03165745735168457,0.11868323681094049,0.07804574368150242,393151,13.254971501077277,0.0
1333,2.548952579498291,12.197188354586807,1.052314331833975,13.065233069678762,10.399648426827248,0.0,0.13405052252964228,0.1,0.0031816959381103516,0.13187146186828613,0.04943777,0.5920578,12.304028277246463,0.0,0.13400039392757268,0.0,300,0.030699968338012695,0.012401077074352937,0.009082069080585993,393451,13.174133741484503,0.0
1334,2.5675137042999268,12.845931018272871,0.2657876480040687,13.0297644210198,12.387887938151517,0.0,0.14091785076815017,0.1,0.003034353256225586,0.057230472564697266,0.04999396,2.1963656,12.358218551349104,0.0,0.1424744656842557,0.0,300,0.031951904296875,0.009433012095472875,0.008094351289372944,393751,13.28948676510368,0.0
1335,2.5964510440826416,11.605944479069118,0.8309760334550975,12.594916164376631,10.509398084990082,0.0,0.14605714231613456,0.1,0.0030846595764160156,0.06176567077636719,0.049444214,0.8387214,12.282991144121105,0.0,0.1262187504260035,0.0,300,0.0345158576965332,0.017016415346512586,0.006172568313217896,394051,13.099259590957706,0.0
1336,2.547055244445801,12.676147250260398,0.2665038598795182,12.908822421300197,12.2372509961311,0.0,0.14973797830021685,0.1,0.0032045841217041016,0.0587458610534668,0.049368095,0.9652306,12.322306754735035,0.0,0.14016897683140947,0.0,300,0.031122446060180664,0.005632355380087606,0.005955057858143071,394351,13.255094904640742,0.0
1337,2.594599723815918,12.658982994625278,0.3483739065430043,13.076478684632187,12.140696847748542,0.0,0.14077615052600034,0.1,0.003088712692260742,0.05881333351135254,0.049512215,0.93792766,12.35597437872406,0.0,0.14003663119043777,0.0,300,0.030484676361083984,0.005792334640853317,0.00432774151864368,394651,12.963429977386179,0.0
1338,2.6146745681762695,12.78871304619519,0.33907371452969426,13.000353616744142,12.20178327012961,0.0,0.14077307757873864,0.1,0.003081798553466797,0.06068062782287598,0.049606018,2.2991972,12.399248245471174,0.0,0.1417649859670656,0.0,300,0.031106233596801758,0.006319739164054745,0.0014762010957613118,394951,13.134388961599093,0.0
1339,2.5425901412963867,12.714167773056259,0.24254859633102208,13.017010147383335,12.341744618633658,0.0,0.1578274007441292,0.1,0.003208637237548828,0.05833721160888672,0.0501109,0.8460706,12.430740198229683,0.0,0.14076790280029491,0.0,300,0.03130602836608887,0.00259242796998143,0.0034523417380892952,395251,13.240109298399764,0.0
1340,2.576889991760254,13.082995738239156,0.09642362575256566,13.185819998706725,12.958226508343248,0.0,0.1592329344377307,0.1,0.003061056137084961,0.05829930305480957,0.049771752,1.0804886,12.495965752230632,0.0,0.1454922108750632,0.0,300,0.03267216682434082,0.004921088458436058,0.0021402079026264253,395551,13.201236740200054,0.0
1341,2.5533339977264404,12.064250022150304,1.2281426368864006,13.094662772093296,10.025258187413684,0.0,0.1400005829275299,0.1,0.0030257701873779297,0.058187007904052734,0.05028677,0.85154814,12.4527941792226,0.0,0.1324972445107585,0.0,300,0.0723419189453125,0.014330130425475086,0.00931404340448904,395851,13.16166544765037,0.0
1342,2.5948526859283447,12.544904277131543,0.6550211770459252,13.13094970485685,11.465344454427932,0.0,0.15098968840736096,0.1,0.007853269577026367,0.06883406639099121,0.050006963,0.8882947,12.462005189013494,0.0,0.13844418735779784,0.0,300,0.03126072883605957,0.003424438287358354,0.0035413837505344214,396151,13.266434598947072,0.0
1343,2.5727157592773438,12.356756198736186,0.9227927394682636,13.239040358877146,10.815225714593586,0.0,0.14478002373702206,0.1,0.0035562515258789062,0.14238405227661133,0.05026592,0.75145215,12.451480289985764,0.0,0.13595163632721632,0.0,300,0.03103160858154297,0.0032958510222812123,0.002992632959370834,396451,13.298335474722654,0.0
1344,2.5340259075164795,12.576975207597782,0.4720040663634948,13.097496721098954,11.845169652816537,0.0,0.15350000237644262,0.1,0.003208637237548828,0.07929086685180664,0.049728554,1.4048353,12.464029781746966,0.0,0.1389069233603129,0.0,300,0.03124070167541504,0.0018026914458884582,0.0016721178775947804,396751,13.172209326577212,0.0
1345,2.5525963306427,11.99316342999217,1.0746893741008734,13.023820044534808,10.197913857793571,0.0,0.14600779668637126,0.1,0.011885404586791992,0.08559513092041016,0.050884064,0.73179555,12.416943146571487,0.0,0.1311556785893346,0.0,300,0.03446054458618164,0.005663083150352705,0.00515864690336302,397051,13.036150322747327,0.0
1346,2.5857179164886475,12.799709211605204,0.2852981134308664,13.278845427042837,12.526685634237719,0.0,0.15429310618144346,0.1,0.0030999183654785156,0.05924487113952637,0.050264303,1.1181138,12.455219753074859,0.0,0.1419757224104306,0.0,300,0.031244754791259766,0.002355555809646578,0.0019392243202996516,397351,13.105875054683311,0.0
1347,2.53861927986145,12.337550257172609,0.799515268498464,13.043500673613124,11.021652080659381,0.0,0.13993261882875666,0.1,0.0031714439392089844,0.06362771987915039,0.049329586,2.2191222,12.443452803484634,0.0,0.13584956018980987,0.0,300,0.030755281448364258,0.004911163184324218,0.0044932498152669646,397651,13.189123820525507,0.0
1348,2.5448341369628906,12.877988864322008,0.12651525992417992,13.049424150990788,12.750409041293866,0.0,0.15425295125468577,0.1,0.01281595230102539,0.10181856155395508,0.050203983,0.7240979,12.486906409568372,0.0,0.14287075148467812,0.0,300,0.0318758487701416,0.0016037604617150883,0.0014847939894516073,397951,13.123133484033772,0.0
1349,2.518082618713379,11.985399760463821,1.0803946014586001,12.877166772354729,10.198841065512074,0.0,0.1419487946535235,0.1,0.003113269805908203,0.13220453262329102,0.04971567,0.80050874,12.436755744657916,0.0,0.13112748098813526,0.0,300,0.03208661079406738,0.004796338823404484,0.0043071233391078975,398251,13.253487966686414,0.0
1350,2.5543432235717773,12.884476640789032,0.07284203511723045,12.972160967825507,12.78957761978623,0.0,0.1701064622361143,0.1,0.0031654834747314453,0.05999302864074707,0.050052013,0.5621128,12.481527834271027,0.0,0.14306682653791972,0.0,300,0.03115367889404297,0.0024337050750941735,0.0016767140742981687,398551,13.14828748058852,0.0
1351,2.59741473197937,12.375975812502602,0.5581008683580931,13.169037486856832,11.754345262772892,0.0,0.1460703001905691,0.1,0.0031740665435791016,0.057798147201538086,0.04976681,1.1910605,12.470972632094185,0.0,0.13619660717658646,0.0,300,0.031098604202270508,0.0028703013212661786,0.002736103852213895,398851,13.200930832358765,0.0
1352,2.5478317737579346,12.893941973480164,0.21122414423631802,13.084420014201399,12.561802282671811,0.0,0.15079936850262002,0.1,0.003078460693359375,0.08041214942932129,0.050075702,1.4758471,12.513269566232783,0.0,0.14312500541568718,0.0,300,0.030626535415649414,0.004988353223282194,0.0027873441334453964,399151,12.310016102425974,0.0
1353,2.6657705307006836,11.920037579335798,1.6073812363863986,12.975940404173787,9.148448506499166,0.0,0.1353518630150623,0.1,0.0029587745666503906,0.12772011756896973,0.049792863,0.72025543,12.453946367543086,0.0,0.13012784433165042,0.0,300,0.03182721138000488,0.008274059189205147,0.00841727935062072,399451,13.092299566036028,0.0
1354,2.6679065227508545,12.3877604610996,0.7927579434234604,13.271191781772831,11.161180962621389,0.0,0.1423690955145862,0.1,0.00795888900756836,0.12240839004516602,0.04983875,0.56347877,12.447327776898737,0.0,0.13653436569863764,0.0,300,0.030714750289916992,0.004838662830845141,0.002844370456892199,399751,13.24663165544593,0.0
1355,2.6084632873535156,12.954387134497399,0.17513821896475398,13.12617202251236,12.663722102714212,0.0,0.15603029915429495,0.1,0.003081083297729492,0.05852222442626953,0.050470967,1.1798187,12.498033712658604,0.0,0.14375756812366963,0.0,300,0.029133319854736328,0.0025055584516324465,0.0018103621925414394,400051,13.233634358976124,0.0
1356,2.5722732543945312,13.001105206852055,0.13212896207292874,13.150791654441145,12.855874848185001,0.0,0.1533671287328959,0.1,0.002958536148071289,0.05755448341369629,0.049995422,0.98614043,12.548340862077948,0.0,0.14447698178782867,0.0,300,0.03256511688232422,0.0012753980968012156,0.0014810181224771443,400351,13.262025423764817,0.0
1357,2.520784378051758,11.778720338566615,0.9234373340203572,12.908805808532586,10.703584481546628,0.0,0.1441441384317118,0.1,0.003493070602416992,0.0585932731628418,0.04768236,0.5649549,12.471378809726815,0.0,0.12880807546783357,0.0,300,0.031287431716918945,0.005976397042605713,0.0036465293048914818,400651,12.95938086367463,0.0
1358,2.575937271118164,10.614868835024364,2.8377493784422034,12.572759797913708,5.749452532800851,0.0,0.13846503464158613,0.1,0.0032722949981689453,0.08278441429138184,0.04986626,0.43200225,12.28572781225657,0.0,0.11328299929355726,0.0,300,0.0314183235168457,0.03727934889261026,0.027746112048207698,400951,13.207482598341814,0.0
1359,2.53487229347229,12.437765436123108,0.6465447722641798,13.175971260184317,11.454565942046019,0.0,0.15241133919433322,0.1,0.0031347274780273438,0.05757737159729004,0.05043771,1.2408708,12.300931574643224,0.0,0.13705899477138028,0.0,300,0.03407430648803711,0.017192856410335515,0.004176918723568228,401251,12.884115565073898,0.0
1360,2.585420608520508,12.678464466192189,0.21549499391565424,12.991181544466933,12.420167036922848,0.0,0.16081918309278315,0.1,0.003156423568725586,0.05793952941894531,0.048561282,1.4654857,12.33868486379812,0.0,0.1402067901875338,0.0,300,0.030947208404541016,0.0031718227314731584,0.004914833807346547,401551,12.658378142725388,0.0
1361,2.5075786113739014,12.68732970659877,0.36854369967557205,13.075138101187834,12.161730458463405,0.0,0.1404030662940037,0.1,0.0031890869140625,0.056832313537597656,0.047519226,3.7084827,12.373549348078186,0.0,0.14031813266319346,0.0,300,0.030827760696411133,0.004523158234824004,0.0030795149437490127,401851,13.184596688893956,0.0
1362,2.50403094291687,12.456369370712556,0.8655372467695421,13.041267651802594,10.963072061409187,0.0,0.14142134949381424,0.1,0.0030100345611572266,0.06155133247375488,0.049749784,5.713789,12.381831350341622,0.0,0.137290150419068,0.0,300,0.03069758415222168,0.004293936494812968,0.003782371984417306,402151,12.8697544329674,0.0
1363,2.5663583278656006,12.475744375180527,0.9084600578429392,13.05332036372791,10.905896256706667,0.0,0.14000694900748756,0.1,0.003125429153442383,0.060312747955322266,0.050569326,8.665275,12.391222652825512,0.0,0.13765906547179474,0.0,300,0.03236269950866699,0.003531176915224519,0.003326014299872436,402451,13.21379597679032,0.0
1364,2.5821871757507324,12.497802486960481,0.4320982629896917,12.990487650249197,11.811788996405317,0.0,0.14776411697110028,0.1,0.003037691116333008,0.05739879608154297,0.049727034,1.1425992,12.401880636239008,0.0,0.13792480926596296,0.0,300,0.030994415283203125,0.002041877257378436,0.001687116601714237,402751,13.078802474713532,0.0
1365,2.5567965507507324,12.65543253529832,0.35320783639725317,12.90934620183744,12.051466421398771,0.0,0.15186632315110007,0.1,0.0031235218048095703,0.05952930450439453,0.049984444,0.5498391,12.42723582614494,0.0,0.1399689096430261,0.0,300,0.03151226043701172,0.0019742574836628135,0.0017127461534364298,403051,13.180101732858352,0.0
1366,2.609116792678833,12.494411644942627,0.2582014584432159,12.670020251346287,12.049793213909735,0.0,0.15446752667496347,0.1,0.003017425537109375,0.05924558639526367,0.050586093,1.0663685,12.43395340802471,0.0,0.13778803666574027,0.0,300,0.03131389617919922,0.0022942405488926365,0.00220455683490665,403351,13.129945009142036,0.0
1367,2.5759685039520264,12.721990285024436,0.29053117810811446,12.974294995364655,12.23560726165737,0.0,0.15164815531858783,0.1,0.0030341148376464844,0.05669212341308594,0.049869593,1.1383566,12.462757095724683,0.0,0.14085294615614952,0.0,300,0.030413389205932617,0.0011680691285511867,0.0010509703744795086,403651,10.804726932764337,0.0
1368,2.6285316944122314,12.577832103957363,0.3205085671453534,12.920017018383549,12.140898235984904,0.0,0.1490876924203323,0.1,0.011603593826293945,0.07793688774108887,0.05013065,0.5153646,12.474264596547952,0.0,0.13877623164039254,0.0,300,0.030381202697753906,0.0022629079622433585,0.0019045670329427054,403951,12.83412436096666,0.0
1369,2.67903733253479,12.858224227303928,0.11205225796389365,13.049926529871854,12.772396548030947,0.0,0.1570047627644838,0.1,0.012765645980834961,0.08197307586669922,0.04994501,4.2285204,12.51266055962355,0.0,0.14253493793962885,0.0,300,0.031138181686401367,0.0022707491944456257,0.001848599909001658,404251,12.827038844752872,0.0
1370,2.604691982269287,12.094704251242712,1.2527722229231395,12.912436043439744,9.93237895074081,0.0,0.14865390115140537,0.1,0.003073453903198242,0.05796384811401367,0.049548253,0.5308734,12.470864928785467,0.0,0.13244315094386777,0.0,300,0.03228449821472168,0.0076817187747513374,0.006740179234752813,404551,13.139384280782018,0.0
1371,2.6240012645721436,12.497756177844206,0.26285437813979196,12.80086384487031,12.104838705121328,0.0,0.1432330483653584,0.1,0.002989053726196289,0.09514784812927246,0.049623307,2.0862656,12.473554053691341,0.0,0.13775421291333828,0.0,300,0.030597925186157227,0.0020377602140882367,0.0013974209373417445,404851,13.192498776219105,0.0
1372,2.61942720413208,12.95916865619664,0.14594057869546764,13.172037222604644,12.77838975266801,0.0,0.14986679318471896,0.1,0.003072500228881836,0.059567928314208984,0.048708398,3.3285913,12.52211551394187,0.0,0.1438849479008334,0.0,300,0.028992652893066406,0.0030602833092400294,0.00278686764301072,405151,13.26369180278874,0.0
1373,2.698908805847168,12.378841433538396,0.622042984537544,12.950627202493399,11.407022364770622,0.0,0.16429028351295097,0.1,0.00655364990234375,0.08819365501403809,0.049895648,0.9862599,12.507788105901524,0.0,0.13617327437417537,0.0,300,0.031018972396850586,0.006563555773419967,0.003353680720882909,405451,13.246101603204943,0.0
1374,2.521109104156494,12.278888883781256,0.607565042097671,12.94991316478146,11.656827873032345,0.0,0.14783831733795824,0.1,0.0034313201904296875,0.0573115348815918,0.04986776,0.57522005,12.484898183689499,0.0,0.1349352441215799,0.0,300,0.05214977264404297,0.004253999214247412,0.0036171834136070244,405751,13.12282079867061,0.0
1375,2.543365955352783,12.734148414735811,0.44653895842270325,13.15001158945453,12.077541738128096,0.0,0.1555470992340041,0.1,0.0033376216888427734,0.05986618995666504,0.04965145,2.2168257,12.509823206794131,0.0,0.14092255103983997,0.0,300,0.03403663635253906,0.003134578094305606,0.0030602822829370532,406051,13.087734226733081,0.0
1376,2.610975742340088,12.536089744603347,0.5019846400284012,12.929640061797203,11.675065308157732,0.0,0.15856411377710855,0.1,0.0030603408813476562,0.10950851440429688,0.049629636,0.5513429,12.512449860575053,0.0,0.13831221680131822,0.0,300,0.029778242111206055,0.0030098258903942655,0.0025699467604067034,406351,13.235129841594151,0.0
1377,2.622560977935791,11.6892094979783,1.2708455248848458,13.03825526352538,10.009044550919192,0.0,0.14354662656895684,0.1,0.0038967132568359375,0.056996822357177734,0.050252147,0.9538094,12.430125824315377,0.0,0.12737352479530512,0.0,300,0.02947831153869629,0.016190053641721696,0.009999420747282783,406651,13.04788170769946,0.0
1378,2.5867128372192383,11.836999339013657,0.9891442923853379,12.846691990656929,10.266176065528288,0.0,0.15244191311415714,0.1,0.0029959678649902344,0.05817055702209473,0.050030697,0.7316623,12.370813175785205,0.0,0.12900298008113878,0.0,300,0.03155970573425293,0.008527864019912337,0.006150715840511477,406951,12.876725021436611,0.0
1379,2.5638201236724854,13.009155792370104,0.20346875978759887,13.216488275249056,12.682280118635523,0.0,0.16226184412240263,0.1,0.0030722618103027344,0.05868172645568848,0.05057067,1.1289666,12.434647437443695,0.0,0.14444732457657808,0.0,300,0.030939579010009766,0.006585191902500088,0.004561558974829489,407251,13.29989141484252,0.0
1380,2.598599672317505,12.683951171557998,0.2296240322283541,12.916175310524153,12.442563456374925,0.0,0.15683396617685466,0.1,0.003114461898803711,0.05886220932006836,0.0498319,1.3784088,12.459577810855127,0.0,0.14033604761719898,0.0,300,0.03296518325805664,0.0026479778346427266,0.0018432350306835088,407551,12.969590219021475,0.0
1381,2.578571319580078,12.661565562604187,0.4038314555255483,13.037164301521805,12.06431299713167,0.0,0.15508272046344093,0.1,0.0030586719512939453,0.06088566780090332,0.04957305,0.99776345,12.479776586030034,0.0,0.14002483953244227,0.0,300,0.03160500526428223,0.0023371012640417367,0.002360485532299335,407851,13.269463104516461,0.0
1382,2.6190528869628906,12.538169466152583,0.48189046518598017,13.03428146299947,11.928967699169423,0.0,0.15542153416054377,0.1,0.003067493438720703,0.06283736228942871,0.050018754,0.5681384,12.485615874042288,0.0,0.13831289259233068,0.0,300,0.0299685001373291,0.0019833288697890545,0.0017884862803955687,408151,13.311034381433446,0.0
1383,2.54504656791687,12.607766416510973,0.5365109822267772,13.12308577522904,11.712980160644998,0.0,0.14371873204181396,0.1,0.0031359195709228516,0.05843925476074219,0.049662672,0.9261754,12.497830928289158,0.0,0.13911270406162687,0.0,300,0.029931306838989258,0.004503012029951615,0.002648299457998733,408451,12.98513660379737,0.0
1384,2.5920193195343018,12.486324156428033,0.46937926037178607,12.92951287728333,11.698210184337299,0.0,0.16225491322259494,0.1,0.0031342506408691406,0.05821394920349121,0.050387405,0.6225006,12.496680251103047,0.0,0.13757444533401195,0.0,300,0.02932882308959961,0.003968400456257958,0.003064912019074409,408751,13.165446635675492,0.0
1385,2.5836069583892822,11.216505207984486,2.2980703747670397,12.887704716078215,7.309564435740724,0.0,0.15947612424709395,0.1,0.003122091293334961,0.058708906173706055,0.050030235,0.5484669,12.368662746791191,0.0,0.12081085628416142,0.0,300,0.03397488594055176,0.05332204223325607,0.038917809792972914,409051,13.07009186613862,0.0
1386,2.6017534732818604,12.388637251721857,0.7017235588968541,13.06819594814847,11.298980411040553,0.0,0.1519473064722442,0.1,0.0030684471130371094,0.059216976165771484,0.04923568,0.52758825,12.370660197284257,0.0,0.1364305891577877,0.0,300,0.030763626098632812,0.021982868806105373,0.005961662696158734,409351,13.115707330703756,0.0
1387,2.6772878170013428,12.373205211166198,0.5677604660872425,13.016418688892934,11.70066051410474,0.0,0.15228921037396154,0.1,0.003071308135986328,0.060172319412231445,0.049356945,1.1666659,12.370914698672452,0.0,0.13628062782282288,0.0,300,0.029862403869628906,0.004494647281089492,0.008891091639609156,409651,13.219753522137244,0.0
1388,2.6402761936187744,12.972562206077768,0.0740701186847005,13.050843565026074,12.859056950561847,0.0,0.14869915906303136,0.1,0.002999544143676758,0.05826926231384277,0.050235745,1.5063117,12.431079449412984,0.0,0.14411289407989103,0.0,300,0.061098575592041016,0.0037238651749739653,0.002616013033811434,409951,13.163826456450488,0.0
1389,2.6706185340881348,10.303243907629524,3.9502090431071113,12.895165365790268,3.4848295660621234,0.0,0.14666237949096184,0.1,0.0029888153076171875,0.0596315860748291,0.04988066,0.41075575,12.218295895234638,0.0,0.10925619755852692,0.0,300,0.030614376068115234,0.09460325483587478,0.06126795621061225,410251,13.129130346112303,0.0
1390,2.6729648113250732,11.540646044258265,1.9066315250012076,13.242620731416558,8.336865266317407,0.0,0.12816263945527606,0.1,0.003032207489013672,0.05673718452453613,0.04783479,0.39663565,12.150530910137,0.0,0.12512253648329213,0.0,300,0.030733346939086914,0.024487417017611673,0.01995040127943901,410551,13.27916134878547,0.0
1391,2.566502332687378,12.028951882459928,1.235669408968809,13.059169283708396,9.97908735286492,0.0,0.1421330126753155,0.1,0.002910137176513672,0.06028389930725098,0.04996294,1.3352875,12.138373007369294,0.0,0.13167314793298596,0.0,300,0.030701398849487305,0.010918165315797208,0.009342684183273949,410851,13.157940441390224,0.0
1392,2.637298107147217,11.760605827375674,1.1047748406491682,12.74845126051798,9.938075371750179,0.0,0.14080454156972624,0.1,0.002935647964477539,0.11212730407714844,0.04981746,1.3039799,12.100596289369934,0.0,0.12817362712653235,0.0,300,0.031109333038330078,0.007016364235981837,0.005390008643291174,411151,13.171611491851133,0.0
1393,2.564081907272339,10.238842312161886,4.248322994965323,12.821411605334564,2.885213197111143,0.0,0.15524499857733945,0.1,0.0035347938537597656,0.059198617935180664,0.049862526,0.5218639,11.91442089164913,0.0,0.108302758520196,0.0,300,0.03143644332885742,0.13289333929919817,0.10272926148779118,411451,13.323570677338331,0.0
1394,2.580925703048706,12.71677639137005,0.35572951307588274,13.133486814547982,12.154209000367342,0.0,0.15500003180892255,0.1,0.0032279491424560547,0.061696529388427734,0.051090565,1.3700176,11.994656441621222,0.0,0.14085738122084956,0.0,300,0.06929731369018555,0.016926363123455364,0.005748807732367068,411751,13.157489191623485,0.0
1395,2.573505401611328,12.270036788198931,0.5045342941759987,12.86813653030291,11.725259156802007,0.0,0.14662224695929205,0.1,0.003244161605834961,0.0593256950378418,0.050492756,0.63720757,12.022194476278992,0.0,0.13485785584378499,0.0,300,0.031597137451171875,0.00760323610182448,0.007615904812608922,412051,13.15078134214358,0.0
1396,2.5659592151641846,12.411762608400256,0.5416863258826334,13.172449021233753,11.648437765363214,0.0,0.1471058337628973,0.1,0.003427743911743164,0.06180381774902344,0.050394423,1.5028278,12.06115128949112,0.0,0.13678313792495797,0.0,300,0.03127145767211914,0.00839687504295414,0.002822151980910473,412351,13.204208001117385,0.0
1397,2.6579878330230713,12.412975105057798,0.49784720870000065,13.124876685252609,11.810755144552651,0.0,0.15376948490674555,0.1,0.003409862518310547,0.05921316146850586,0.049593218,1.4272437,12.096333671047788,0.0,0.13684770827267528,0.0,300,0.03187847137451172,0.0036576060908065865,0.005398121937783179,412651,13.206162440740028,0.0
1398,2.5375568866729736,12.56707764661915,0.5063759945952531,12.968719596003089,11.703409767502588,0.0,0.15443147653382985,0.1,0.0032591819763183594,0.059159278869628906,0.05117061,0.7517788,12.143408068604923,0.0,0.13880793637840366,0.0,300,0.02995610237121582,0.007320955765468411,0.0043614965384376515,412951,13.166533741568967,0.0
1399,2.545374870300293,12.65405636249545,0.371239990191898,13.17148469293503,12.158631761721027,0.0,0.1545972927737829,0.1,0.006735086441040039,0.06005668640136719,0.050320838,1.1431518,12.194472897993977,0.0,0.13988698343677805,0.0,300,0.03160381317138672,0.003193502358190448,0.003301607454053316,413251,13.115745081754802,0.0
1400,2.577345609664917,12.392521303287296,0.276490426603978,12.63838136141126,11.961042601329812,0.0,0.14457582334017177,0.1,0.002934694290161133,0.058843135833740234,0.049969006,0.6716816,12.21427773852331,0.0,0.1363755401293779,0.0,300,0.05546426773071289,0.003222960515552462,0.0028338781996610947,413551,13.122072331408985,0.0
1401,2.5996809005737305,12.879438213798093,0.19886062017004663,13.073796773557161,12.614128727410723,0.0,0.16434525083478557,0.1,0.0053863525390625,0.08845257759094238,0.049936827,1.0896978,12.280793786050788,0.0,0.14291523709734533,0.0,300,0.03152728080749512,0.0028798427055523753,0.0018383735714679512,413851,13.277993321904082,0.0
1402,2.5657598972320557,11.387985750201823,1.2812181779218859,12.804758210175049,9.679528786330167,0.0,0.14958145529022568,0.1,0.0031266212463378906,0.07000231742858887,0.04906379,1.8545696,12.191512982465891,0.0,0.12295144376754777,0.0,300,0.05434441566467285,0.007810634602210223,0.006721273516361386,414151,13.093788960926299,0.0
1403,2.5405209064483643,12.808832042774512,0.41353278972813373,13.099812071100049,12.094950644999912,0.0,0.15973420868893945,0.1,0.003178834915161133,0.058763980865478516,0.05019583,1.0481231,12.253244888496754,0.0,0.1421074691286924,0.0,300,0.055841684341430664,0.004391910336146315,0.003112291002826315,414451,13.099442554510574,0.0
1404,2.607306480407715,12.625473359455206,0.6157124050650763,13.080466192076969,11.572661411954204,0.0,0.1553630005658896,0.1,0.0034363269805908203,0.07458734512329102,0.049871188,2.1395507,12.2904677355926,0.0,0.13956849524680115,0.0,300,0.03128647804260254,0.002914816863270717,0.0030246384341944084,414751,13.097242546980313,0.0
1405,2.629220724105835,12.521061091515612,0.21637001407622525,12.852039006989651,12.292074476148525,0.0,0.16339296188288185,0.1,0.003029346466064453,0.059142112731933594,0.049700923,0.63660353,12.313527071184902,0.0,0.1382685630418451,0.0,300,0.03157997131347656,0.0027965946038843123,0.0025948867567208897,415051,13.246621701686337,0.0
1406,2.612920045852661,13.077921509936111,0.20067135909060785,13.259037905987558,12.751731069727139,0.0,0.1594374485939981,0.1,0.0031201839447021484,0.05868840217590332,0.049805686,0.8922639,12.389966515060024,0.0,0.14562213739665375,0.0,300,0.034834861755371094,0.002033893011423352,0.0018954329388990384,415351,13.204625767075783,0.0
1407,2.5929627418518066,12.857562617173155,0.21054772126792912,13.065881079831712,12.5476925411225,0.0,0.1452203265246904,0.1,0.0031630992889404297,0.1004190444946289,0.050045863,3.0091782,12.436726125271338,0.0,0.1425922139409399,0.0,300,0.03941965103149414,0.0028174229164162744,0.0016540475686686667,415651,13.126941211049314,0.0
1408,2.6922757625579834,12.702233928189916,0.6296974188996042,13.201915862786453,11.64401145332046,0.0,0.15506914319736048,0.1,0.0031049251556396484,0.07001256942749023,0.051210307,0.4437692,12.463276905563196,0.0,0.14053300889361298,0.0,300,0.07324004173278809,0.0032491925757826387,0.0022185280253061317,415951,13.09930046232862,0.0
1409,2.614154100418091,12.924421882246717,0.17053037355828177,13.109216176999327,12.737282915743059,0.0,0.15417261304673552,0.1,0.01031494140625,0.07863473892211914,0.05030373,1.0868167,12.50939140323155,0.0,0.1435501977328586,0.0,300,0.031054258346557617,0.0023108176729221296,0.0018271186461556073,416251,13.145076214996928,0.0
1410,2.63958740234375,12.893401306964645,0.1041400112957871,13.051944484433477,12.770872980213815,0.0,0.15694567628888584,0.1,0.0030753612518310547,0.05755734443664551,0.049515452,2.4778302,12.54779239360486,0.0,0.14307482766055277,0.0,300,0.03413844108581543,0.0015397873244540805,0.0015423831598913547,416551,13.150372449487241,0.0
1411,2.7156710624694824,11.123819550940848,2.457184874127034,13.159361746543556,7.052737985483141,0.0,0.1392490741235484,0.1,0.0029497146606445312,0.05734658241271973,0.050380725,0.68160444,12.405395109338459,0.0,0.11983839082414993,0.0,300,0.030623912811279297,0.02828682192113616,0.021129646940475852,416851,13.198016803236266,0.0
1412,2.5740370750427246,12.33641002984197,0.5275019208936254,12.944027828757209,11.508443637878383,0.0,0.13740275336753985,0.1,0.00299835205078125,0.05795431137084961,0.050141923,1.0673993,12.398496601388809,0.0,0.1358619756762527,0.0,300,0.03095221519470215,0.0032364957889567786,0.0033312481862815143,417151,13.07425683377605,0.0
1413,2.7439181804656982,12.771081478282273,0.27865304217237274,13.054895205308647,12.375417029281188,0.0,0.15393210599693885,0.1,0.0030269622802734375,0.05796694755554199,0.049872454,1.4224694,12.435755089078157,0.0,0.14150048667636944,0.0,300,0.03130173683166504,0.005264277520165817,0.0032935282642360276,417451,13.002171356999634,0.0
1414,2.684309720993042,13.034234405032336,0.11251749863610967,13.20347929408819,12.924950233069097,0.0,0.16222864904911258,0.1,0.004204750061035156,0.10859084129333496,0.05060246,0.9549893,12.495603020673576,0.0,0.14482967529906635,0.0,300,0.030949831008911133,0.004567943145616126,0.0040479693964276895,417751,12.938122616231405,0.0
1415,2.6400628089904785,12.860557817848061,0.23632338066536307,13.138493393367968,12.486068688571596,0.0,0.13786121705222215,0.1,0.0031316280364990234,0.05754709243774414,0.050195944,1.464502,12.532098500391026,0.0,0.14251428186492765,0.0,300,0.031174659729003906,0.003801247777360512,0.0012007791900431398,418051,13.244802557464821,0.0
1416,2.704331398010254,12.861452085689818,0.041691320152743364,12.920034291919237,12.819249305182963,0.0,0.16077140738532425,0.1,0.002999544143676758,0.058698177337646484,0.05003436,0.9128054,12.565033858920906,0.0,0.14263665558155889,0.0,300,0.031097412109375,0.002772134077120178,0.0029875983471282733,418351,13.142819350973246,0.0
1417,2.6013994216918945,12.134993115332568,0.2696037919074851,12.400096817171166,11.687087624160059,0.0,0.1516998082524698,0.1,0.0031850337982177734,0.05785536766052246,0.049378708,1.6923825,12.522029784562072,0.0,0.13317696032291096,0.0,300,0.0503239631652832,0.004308453442306987,0.003259712768521865,418651,13.221002062363281,0.0
1418,2.551565170288086,12.640657753577965,0.6087640415060163,13.05644514135021,11.589440101349629,0.0,0.14761617349840805,0.1,0.003822803497314453,0.05812716484069824,0.050434295,0.62107325,12.533892581463661,0.0,0.13977246134351648,0.0,300,0.03096747398376465,0.0036638235500149343,0.0017608224710361883,418951,13.039277330694715,0.0
1419,2.55669903755188,11.945319098188332,1.5616426529323708,12.92172296714504,9.24204203127918,0.0,0.14796327603700718,0.1,0.0034520626068115234,0.05850100517272949,0.050965313,0.54793334,12.47503523313613,0.0,0.13053589938840846,0.0,300,0.031768798828125,0.010896643806229286,0.0070424773831381845,419251,13.2581900762978,0.0
1420,2.584954261779785,12.963171472300944,0.13382295602401778,13.107822299200123,12.744305709622665,0.0,0.15907178769049762,0.1,0.0032901763916015625,0.061200618743896484,0.049889904,0.8799044,12.523848857052611,0.0,0.14394625702202704,0.0,300,0.03184843063354492,0.004607524383309802,0.0028000958038315255,419551,13.147094830933092,0.0
1421,2.5410802364349365,12.669420332954305,0.490281625645476,13.087861297978852,11.840236169708913,0.0,0.13759444997978795,0.1,0.003238677978515625,0.06254887580871582,0.04924514,0.65405333,12.53840600464278,0.0,0.14005449364977668,0.0,300,0.030915260314941406,0.0027073463736139607,0.0030080905312029355,419851,13.070324890876806,0.0
1422,2.578090190887451,12.475482133830273,0.49730561555115416,12.9616484915516,11.650791269725799,0.0,0.14819554344154234,0.1,0.003158092498779297,0.058991193771362305,0.05006657,1.0562202,12.53211361756153,0.0,0.13754625332248646,0.0,300,0.03127408027648926,0.006126833848947785,0.0027590000444198647,420151,13.21586385632702,0.0
1423,2.5578079223632812,12.901501920398726,0.14620705367897874,13.094642033087393,12.70827824555331,0.0,0.1649252640526131,0.1,0.0031795501708984375,0.058986663818359375,0.050094746,0.92392784,12.56905244784525,0.0,0.14307100110935844,0.0,300,0.03130507469177246,0.002647586673955941,0.0022491509146506266,420451,13.15382728396026,0.0
1424,2.5942070484161377,12.6745172570892,0.2663783053220329,12.96735044630612,12.245437734112352,0.0,0.17364529299688514,0.1,0.003201723098754883,0.05945563316345215,0.049210034,0.92014354,12.579598928769645,0.0,0.14016550989028992,0.0,300,0.03394722938537598,0.0017530241361405267,0.0020183081566307734,420751,13.286482778160128,0.0
1425,2.651845693588257,12.925766937282653,0.14009712140529407,13.077044723899702,12.698062876631464,0.0,0.1559330313454116,0.1,0.0030837059020996094,0.10594797134399414,0.050213303,1.0666411,12.614215729620945,0.0,0.14341898316109833,0.0,300,0.031598567962646484,0.0032923953842556855,0.0028131300780446043,421051,13.245797498667207,0.0
1426,2.6763858795166016,12.830301729034083,0.08841748429575183,12.972801865569702,12.729932863448516,0.0,0.16915316771872244,0.1,0.003274679183959961,0.059897661209106445,0.04930372,1.0539409,12.63582432956226,0.0,0.14229895933939338,0.0,300,0.03241539001464844,0.0020669549125422295,0.001657640947134077,421351,13.169167567661448,0.0
1427,2.73578143119812,12.419734235143139,0.7674502231302177,13.011904225098784,11.13479383032511,0.0,0.15557589182689643,0.1,0.003140687942504883,0.05866098403930664,0.049801037,0.515178,12.614215320120348,0.0,0.13671120958718125,0.0,300,0.031147480010986328,0.011932446825787481,0.008415716755295361,421651,13.15777819167902,0.0
1428,2.581190347671509,12.739096879854271,0.30282239737817046,13.031893820700072,12.265933943862462,0.0,0.16069979885721125,0.1,0.0030040740966796875,0.060225725173950195,0.04968369,0.67708355,12.62670347609374,0.0,0.14108484477049404,0.0,300,0.030790090560913086,0.0030542114402319727,0.0028277588197196113,421951,13.100881255716695,0.0
1429,2.6102004051208496,12.911590301009108,0.19605694485906286,13.229236301451584,12.69547642982938,0.0,0.1604798748824687,0.1,0.003048419952392578,0.05853891372680664,0.049719498,1.1723019,12.655192158585276,0.0,0.14335488549258732,0.0,300,0.06484651565551758,0.0019786951918141474,0.002029050221766685,422251,13.131036599235534,0.0
1430,2.5805370807647705,12.079912288520728,0.7888331016520839,12.94966365461618,10.850042308514542,0.0,0.152120764964331,0.1,0.003080606460571289,0.10631608963012695,0.05008211,0.9404664,12.597664171578822,0.0,0.13257342118999324,0.0,300,0.03139019012451172,0.0047439730773043325,0.004318224594039285,422551,13.211659597840855,0.0
1431,2.643235683441162,12.7753012060579,0.13866176316132053,12.9939675185874,12.6103046963989,0.0,0.15794657507201668,0.1,0.0029697418212890625,0.05769205093383789,0.049538832,1.0792531,12.61542787502673,0.0,0.1415713518616015,0.0,300,0.030887603759765625,0.0023039071515868806,0.0017905255642982668,422851,13.129277793035925,0.0
1432,2.6358628273010254,12.69728771256722,0.42974425655511034,13.250593385924265,12.095386877630853,0.0,0.16401602460483414,0.1,0.002995014190673828,0.05884599685668945,0.049599223,1.4186211,12.623613858780779,0.0,0.14061951986491372,0.0,300,0.030812740325927734,0.0032882640558228285,0.002046228315423425,423151,12.898766623282624,0.0
1433,2.574615240097046,11.968839595025713,1.4073358847902437,13.029964658636075,9.57922540858561,0.0,0.1470671638543582,0.1,0.002912282943725586,0.056406259536743164,0.050130848,0.5498936,12.558136432405272,0.0,0.13086622280007815,0.0,300,0.029918670654296875,0.01034408436599482,0.009237639174372732,423451,13.288848379478507,0.0
1434,2.6739890575408936,12.897610157579606,0.20447108878090803,13.137440617309963,12.572545812463803,0.0,0.15948017613746962,0.1,0.002953052520751953,0.059211015701293945,0.04981624,1.0120876,12.592083804922705,0.0,0.1430500480777346,0.0,300,0.03043389320373535,0.0047436898885051815,0.0025670966790820736,423751,13.136671693064473,0.0
1435,2.64762806892395,12.720846108599197,0.3331034945749621,13.008697184100585,12.153695431669608,0.0,0.15122507969266655,0.1,0.003376007080078125,0.05766582489013672,0.050385043,1.1708683,12.604960035290356,0.0,0.14082788771524793,0.0,300,0.02975773811340332,0.002460601854088512,0.0028370654689327604,424051,13.214571485239334,0.0
1436,2.6040127277374268,12.815451773138046,0.2631922670756151,13.071846460777909,12.425501914344753,0.0,0.15697934749511708,0.1,0.003155231475830078,0.05915355682373047,0.049936872,1.1547207,12.626009209075125,0.0,0.14209320930671065,0.0,300,0.03078937530517578,0.004127376221049968,0.0026370441265884765,424351,13.258253464913961,0.0
1437,2.656038761138916,12.896303125323222,0.23815531603886514,13.303642348506163,12.699804226852569,0.0,0.16848849999998086,0.1,0.015550613403320312,0.07538366317749023,0.050021864,0.5607468,12.653038600699935,0.0,0.14311764271838662,0.0,300,0.031287193298339844,0.0034737537797219237,0.0017075366306736279,424651,13.15485313115902,0.0
1438,2.5869884490966797,12.797613316124,0.24697802281524864,13.007887157103898,12.390357393819455,0.0,0.16181943275726415,0.1,0.016231298446655273,0.05761384963989258,0.049751878,0.81323624,12.667496072242342,0.0,0.14182822637967965,0.0,300,0.03388690948486328,0.0017250544097088955,0.002141625547968669,424951,13.128029357768009,0.0
1439,2.635542154312134,12.58307259950291,0.2919385150298951,12.975786113445183,12.23123624409337,0.0,0.16245037779729857,0.1,0.018002986907958984,0.06945061683654785,0.048898283,0.8646167,12.659053724968398,0.0,0.13902405432818615,0.0,300,0.03051018714904785,0.0020709774517491592,0.0015609721890282762,425251,12.76435063170303,0.0
1440,2.604966402053833,12.558554374884878,0.24696720034637204,12.851841450080746,12.170024423581957,0.0,0.16547292167144156,0.1,0.0030603408813476562,0.05740499496459961,0.050071403,0.71783507,12.649003789960048,0.0,0.13879280451253762,0.0,300,0.03363943099975586,0.003106043282662241,0.0026740700458126984,425551,13.289802557816694,0.0
1441,2.687598943710327,12.331765226978717,0.7494631825170963,12.973190168741882,11.053958963652498,0.0,0.15078646032214504,0.1,0.003234386444091797,0.05991840362548828,0.050364215,0.8473859,12.617279933661916,0.0,0.1356813985352794,0.0,300,0.031043291091918945,0.0031383267471054442,0.0030775343845707574,425851,13.20519692701229,0.0
1442,2.640866994857788,12.596817923393228,0.339935540502908,12.875876132198774,12.015348314795549,0.0,0.1605717315769389,0.1,0.0030851364135742188,0.0579686164855957,0.04968495,1.096082,12.615233732635048,0.0,0.13921605691902542,0.0,300,0.0312192440032959,0.004344553923268814,0.002580908444064822,426151,13.178456088385914,0.0
1443,2.6336300373077393,12.754282672673858,0.21954139031928785,13.088578307320516,12.477572856641181,0.0,0.16262375112487526,0.1,0.003118276596069336,0.11544609069824219,0.050303042,0.8416653,12.62913862663893,0.0,0.14132428543541126,0.0,300,0.03286862373352051,0.004962149337124334,0.0017216066238757131,426451,13.137348938904715,0.0
1444,2.7293529510498047,12.649264757733627,0.3092985086332534,12.960297453199834,12.144464993947599,0.0,0.16542866572998027,0.1,0.0031070709228515625,0.06169533729553223,0.049884804,0.78668857,12.6311512397484,0.0,0.1398002813313659,0.0,300,0.0309908390045166,0.002349051966414965,0.002915210413022722,426751,13.14536509951745,0.0
1445,2.608947277069092,12.825196682473274,0.25227090777553673,13.204671172203962,12.495077129008115,0.0,0.15246746036756753,0.1,0.0031404495239257812,0.0790703296661377,0.05036077,1.6283177,12.650555784020888,0.0,0.1421573668910866,0.0,300,0.05193591117858887,0.0029910463354356613,0.002284751677043899,427051,13.150773750625769,0.0
1446,2.6323182582855225,12.444405828603495,0.3463880769795042,12.754163592905698,11.910881976692838,0.0,0.15939378503375715,0.1,0.002984762191772461,0.057051658630371094,0.049344853,0.9408217,12.629940788479148,0.0,0.1372227816333967,0.0,300,0.03783130645751953,0.004144831800048493,0.0034330696171940124,427351,13.128648015666919,0.0
1447,2.6579511165618896,10.405958161337432,3.9035604467195713,12.967297785103995,3.6606709387927134,0.0,0.13957599781508812,0.1,0.002944469451904297,0.05671405792236328,0.050444648,0.40041742,12.407542525764978,0.0,0.11034121785970859,0.0,300,0.03037881851196289,0.0705322975948681,0.04571988222089735,427651,13.176289302511298,0.0
1448,2.7056081295013428,12.385705897776235,0.5697938858572211,13.091077655717726,11.510443256097513,0.0,0.15231678719030714,0.1,0.0029702186584472656,0.056014299392700195,0.04988663,1.6085132,12.405358862966104,0.0,0.13656157528877155,0.0,300,0.030117273330688477,0.005219435663416576,0.00469240058395281,427951,13.291701679099761,0.0
1449,2.7416892051696777,12.273470155882762,0.6204391487667031,12.896468015260421,11.58614773775823,0.0,0.14885546577059067,0.1,0.014543294906616211,0.06618309020996094,0.04967809,1.662017,12.39216999225777,0.0,0.13499492988833475,0.0,300,0.030895709991455078,0.0051179404102691395,0.003998044110378684,428251,13.1685137677595,0.0
1450,2.6106412410736084,12.344944694291359,0.6965721099900163,13.159773796516031,11.329713178173412,0.0,0.15157280464973538,0.1,0.002948760986328125,0.05924820899963379,0.050252326,1.2107834,12.387447462461129,0.0,0.13592188727336024,0.0,300,0.044541358947753906,0.005417945570812621,0.004302410762835499,428551,13.200030493051093,0.0
1451,2.7357962131500244,12.261224538933423,0.7182171277385959,13.207480665836512,11.221293321333508,0.0,0.14727644501003767,0.1,0.00289154052734375,0.05908989906311035,0.050214518,1.4741126,12.374825170108359,0.0,0.13465743710110467,0.0,300,0.05165410041809082,0.0037245495647543992,0.003145954730794426,428851,13.345286019457646,0.0
1452,2.618863582611084,12.47897913509521,0.6919477335890428,13.004838000284586,11.2973727047451,0.0,0.1452591870127698,0.1,0.003441333770751953,0.059531450271606445,0.05042705,2.2837794,12.385240566607044,0.0,0.13768070323111214,0.0,300,0.03100895881652832,0.006783944759773386,0.0034309879637120593,429151,12.85854822860054,0.0
1453,2.570524215698242,12.646651360650754,0.1329659129574928,12.870161399957656,12.535620821032666,0.0,0.15309504689544368,0.1,0.0033829212188720703,0.08071732521057129,0.050348695,0.929096,12.411381646011414,0.0,0.13996152982862686,0.0,300,0.03085803985595703,0.0033911897091483496,0.003248575556429178,429451,13.14781267674166,0.0
1454,2.601163148880005,12.609060017155995,0.10614668123838167,12.728589254674702,12.481633921560237,0.0,0.1444240108766484,0.1,0.003125429153442383,0.058498382568359375,0.049622916,3.368869,12.431149483125871,0.0,0.13939029238426728,0.0,300,0.030212879180908203,0.003826038873487133,0.0028852522944857444,429751,13.197842173445173,0.0
1455,2.610849618911743,12.570505880070396,0.5220253443515452,13.031148010840566,11.687299381309243,0.0,0.15861317789143456,0.1,0.003205537796020508,0.05898642539978027,0.049861692,0.7430755,12.445085122820325,0.0,0.13883995721069914,0.0,300,0.07013750076293945,0.0033629800293372043,0.002318223305453664,430051,13.190433527705487,0.0
1456,2.6603312492370605,12.744364374929715,0.06725264281230009,12.833784438106578,12.664667179191985,0.0,0.15941725680115218,0.1,0.0030057430267333984,0.057984352111816406,0.04977854,0.85611117,12.475013048031265,0.0,0.1410280293990953,0.0,300,0.035431861877441406,0.0031222022741807464,0.0025003415592022003,430351,13.07700337901728,0.0
1457,2.5925848484039307,12.47040196350934,0.21025945387525205,12.816308594326589,12.29620047345167,0.0,0.16114982580315493,0.1,0.007665872573852539,0.10870504379272461,0.050350457,0.75098634,12.474551939579072,0.0,0.13764847084167886,0.0,300,0.031546831130981445,0.0051673557978993475,0.002566344610180033,430651,13.252123460114488,0.0
1458,2.656212091445923,12.958257463381528,0.19943331876036632,13.274475318435476,12.785306338213932,0.0,0.1518181039489855,0.1,0.003002166748046875,0.059990644454956055,0.05052949,1.5495902,12.522922491959319,0.0,0.14394296788725858,0.0,300,0.04983973503112793,0.002411529627729133,0.0019122167618074927,430951,13.108714010376753,0.0
1459,2.6687984466552734,12.512001459817402,0.23653204821501328,12.723653290117598,12.13641034083988,0.0,0.16115474003584573,0.1,0.003065347671508789,0.05888080596923828,0.049691796,0.8578473,12.521830388745126,0.0,0.13817334467833386,0.0,300,0.029754161834716797,0.0030008559445726638,0.003110091884746736,431251,13.249942154759088,0.0
1460,2.6488523483276367,12.700446530034402,0.38794413279224144,13.028685704978033,12.048668268869264,0.0,0.1414731950039954,0.1,0.008116483688354492,0.05745363235473633,0.048948567,2.5309556,12.539692002874054,0.0,0.14059105158487545,0.0,300,0.03162264823913574,0.0031807651651175723,0.002868710549635272,431551,12.979374257502881,0.0
1461,2.5612730979919434,12.90469637952081,0.19146605130871405,13.139791734528487,12.633153912053071,0.0,0.16948264675644423,0.1,0.0030634403228759766,0.057941436767578125,0.050145816,0.65603685,12.57619244053873,0.0,0.14301885842977272,0.0,300,0.031218528747558594,0.002499377880611026,0.0022088086344024607,431851,12.899544769338284,0.0
1462,2.690248489379883,12.778188694878232,0.28927964115053284,13.134675290895272,12.426288236286844,0.0,0.16485979303556722,0.1,0.004952192306518555,0.05782437324523926,0.049978696,0.88478535,12.596392065972681,0.0,0.1415818368274605,0.0,300,0.03655266761779785,0.002375229039941665,0.002283499931317627,432151,13.185598703724246,0.0
1463,2.5838065147399902,12.126904290929003,1.424984153389537,13.047529318177947,9.660984416574482,0.0,0.1471860018969946,0.1,0.003088235855102539,0.05928230285644531,0.050257124,0.53680676,12.549443288468314,0.0,0.1328575880726795,0.0,300,0.06061887741088867,0.008215315159171023,0.007116451456347164,432451,13.238635078339419,0.0
1464,2.6706981658935547,10.619321250440366,3.6228537286617697,12.79050596653786,4.345004617238271,0.0,0.1622017006787566,0.1,0.0029435157775878906,0.1028745174407959,0.05061778,0.43873698,12.35643108466552,0.0,0.11314382057991773,0.0,300,0.03967881202697754,0.127649334796262,0.1017801891281173,432751,11.754136703844443,0.0
1465,2.6506192684173584,12.989702364062993,0.2040408076485722,13.241985143645515,12.673673541373088,0.0,0.1596726528442529,0.1,0.0031342506408691406,0.06030392646789551,0.05030246,1.1261204,12.419758212605268,0.0,0.14431070694144352,0.0,300,0.02979588508605957,0.028607321453018406,0.0043817992418900865,433051,13.227497004431138,0.0
1466,2.6078052520751953,12.737590883141637,0.297408992575231,13.059463738131893,12.25486423602529,0.0,0.15585861552495334,0.1,0.0029685497283935547,0.05862879753112793,0.049920432,1.0344402,12.451541479658905,0.0,0.14095551046959626,0.0,300,0.0317380428314209,0.006401186207245306,0.0070515011985490105,433351,13.021160471382993,0.0
1467,2.6142306327819824,12.929538523886604,0.07717912198829514,13.023075184366878,12.81957550085073,0.0,0.14979209425111445,0.1,0.003833770751953125,0.08811330795288086,0.049918815,1.5372211,12.499341184081675,0.0,0.14358090900007192,0.0,300,0.040529727935791016,0.00468972093073211,0.005349478838041818,433651,12.91587253526722,0.0
1468,2.651733875274658,12.525096062058275,0.5258260386191569,13.171584311528342,11.713757792424564,0.0,0.14600672805981732,0.1,0.003481149673461914,0.05744576454162598,0.049488794,3.2370303,12.501916671879336,0.0,0.13823253542009398,0.0,300,0.030984163284301758,0.0054284846275635245,0.003987403092033733,433951,13.220206123251726,0.0
1469,2.6259653568267822,12.69045993547227,0.2680298795989618,12.962573085222767,12.254397546720655,0.0,0.14824751427029936,0.1,0.0033674240112304688,0.06475639343261719,0.049997523,1.5688633,12.52077099823863,0.0,0.14039098101357805,0.0,300,0.05782794952392578,0.005950812916571872,0.0036639464597880184,434251,13.02762527802463,0.0
1470,2.5737884044647217,11.050825515142641,2.7607428085546593,12.778530295458452,6.2712348204135315,0.0,0.14424091157034757,0.1,0.003178834915161133,0.05724668502807617,0.05005258,0.47250742,12.373776449929032,0.0,0.11900457118272365,0.0,300,0.028833866119384766,0.07679353345668347,0.04430355239779342,434551,13.191950035959819,0.0
1471,2.530259132385254,12.33395543945263,0.4330446730465384,12.857844155188038,11.854336288683847,0.0,0.15125279184154497,0.1,0.0031058788299560547,0.05730390548706055,0.049739927,1.1483412,12.369794348881394,0.0,0.13568689887637186,0.0,300,0.03090810775756836,0.013010661146876509,0.00963306379881458,434851,13.06935040382708,0.0
1472,2.6137535572052,12.152998820471316,1.462623808090787,13.051702071839657,9.62209216703304,0.0,0.14927495145353076,0.1,0.0030052661895751953,0.11596512794494629,0.049829926,2.187453,12.348114796040386,0.0,0.13333126170506315,0.0,300,0.030506372451782227,0.014330166085724948,0.013023280393875,435151,13.298346935707793,0.0
1473,2.6682910919189453,12.60173941630372,0.2556893699318313,12.84453006448397,12.192139840342962,0.0,0.1477284383790856,0.1,0.006412506103515625,0.1145021915435791,0.049186524,1.9312915,12.37347725806672,0.0,0.13923173572086375,0.0,300,0.03000783920288086,0.008777741573994215,0.0029126615895067117,435451,13.194091558029449,0.0
1474,2.5585179328918457,12.779918788601492,0.22489095703169848,13.058634519612959,12.452443775175214,0.0,0.14991693576736906,0.1,0.008542060852050781,0.05835700035095215,0.04989483,9.458357,12.414121411120197,0.0,0.14158015320858292,0.0,300,0.030577421188354492,0.0034507364467363808,0.004714308762132251,435751,13.167651521240368,0.0
1475,2.601112127304077,12.759522850656369,0.2210721487224291,13.0030224846933,12.51474796661857,0.0,0.15572290393832733,0.1,0.005022764205932617,0.06038475036621094,0.049130786,0.7505918,12.448661555073814,0.0,0.14131383884715856,0.0,300,0.03956460952758789,0.004429479700858472,0.0027055560486401683,436051,13.323771412335901,0.0
1476,2.618987560272217,12.284005746147347,0.5066104123515701,12.865225083633842,11.721476833254027,0.0,0.1617594669084615,0.1,0.0031616687774658203,0.058844566345214844,0.04974335,0.6220327,12.432195974181168,0.0,0.13508039778678152,0.0,300,0.03376126289367676,0.007076976703688096,0.004490461068759848,436351,13.222317658002625,0.0
1477,2.678264856338501,12.794953681504262,0.12831072441664285,12.947407251963027,12.628825045727035,0.0,0.1564309539879547,0.1,0.0030519962310791016,0.11757254600524902,0.049634185,4.292792,12.468471744913478,0.0,0.14197072198616795,0.0,300,0.03404378890991211,0.0017361819394279164,0.002424939091614027,436651,13.215628012295523,0.0
1478,2.6788549423217773,12.045447599268067,0.8034983060652481,13.140136613341905,11.135211495857071,0.0,0.1506355606676735,0.1,0.0031387805938720703,0.11375784873962402,0.049442176,0.6334988,12.426169330348936,0.0,0.13185293132703194,0.0,300,0.031687021255493164,0.004405320266913004,0.0032984090314428353,436951,13.125098286450031,0.0
1479,2.65085506439209,12.16064273295213,0.521174804631389,12.78699320164608,11.604584169292405,0.0,0.15857641000086553,0.1,0.0030395984649658203,0.05859875679016113,0.050265454,0.6102703,12.399616670609255,0.0,0.13341741664959259,0.0,300,0.030642032623291016,0.0024775900509206843,0.0024185200677605814,437251,13.221705139845065,0.0
1480,2.6372954845428467,12.657671633981456,0.38470661509986737,12.963451763914325,11.997892389503058,0.0,0.16103718623810365,0.1,0.0030188560485839844,0.05864906311035156,0.049840212,1.5886607,12.425422166946475,0.0,0.1399682228271643,0.0,300,0.030758380889892578,0.0028679106197531347,0.0022225412419912753,437551,13.18748216313242,0.0
1481,2.749943971633911,12.920588507267999,0.1469262811927319,13.092299821610489,12.706051778045456,0.0,0.16720387564787545,0.1,0.003055095672607422,0.06021237373352051,0.049558595,0.75254035,12.474938800978629,0.0,0.14344599080201714,0.0,300,0.03141927719116211,0.002452131922940645,0.0016748166314358316,437851,13.180733012770476,0.0
1482,2.636000871658325,12.682451729876604,0.366681618495964,12.968440713800167,12.052827592076792,0.0,0.1555733601661932,0.1,0.0030002593994140625,0.05884528160095215,0.050093833,1.1764394,12.495690093868426,0.0,0.14025709166573325,0.0,300,0.0302121639251709,0.0017976510741841377,0.0016210140669862614,438151,13.036218094116863,0.0
1483,2.6322169303894043,12.84726859694635,0.05075938617660401,12.915669840702389,12.790274786585087,0.0,0.16382047376322179,0.1,0.002977609634399414,0.05863618850708008,0.049914327,0.91928464,12.530847944176218,0.0,0.14250088425924776,0.0,300,0.03082442283630371,0.001470307895379872,0.001553237947626818,438451,13.221518116183342,0.0
1484,2.5358357429504395,12.738995892918552,0.17572782794374134,12.882447970678042,12.438665823534675,0.0,0.14862055616670772,0.1,0.003660440444946289,0.06009840965270996,0.049772665,1.8657078,12.551662739050453,0.0,0.14109953705716372,0.0,300,0.03141283988952637,0.0030017732224064905,0.0025211822025380604,438751,13.222423758922488,0.0
1485,2.6099486351013184,12.42161706630518,0.4502809383630857,12.962480169900457,11.835715081023718,0.0,0.14606405142851192,0.1,0.003293275833129883,0.10243964195251465,0.05015807,2.4858928,12.538658171775925,0.0,0.13679888086193892,0.0,300,0.031105995178222656,0.0022399815577483296,0.002071824955711675,439051,13.18209695976717,0.0
1486,2.597686290740967,12.688958072091376,0.5438236509874724,13.186306619588626,11.817927479975157,0.0,0.16098399862548013,0.1,0.0032815933227539062,0.06060624122619629,0.04971736,0.6425783,12.55368816180747,0.0,0.14043925940195953,0.0,300,0.032907724380493164,0.003949264955361966,0.0031390682288546233,439351,13.076966534483148,0.0
1487,2.583644151687622,12.760779244857481,0.040921561036775675,12.812689966053554,12.698302574328611,0.0,0.16693261650200641,0.1,0.0030808448791503906,0.12808537483215332,0.050595418,1.9194192,12.57439727011247,0.0,0.14142309723827223,0.0,300,0.03158926963806152,0.0017986493756924887,0.001515122327093467,439651,13.092548485137462,0.0
1488,2.618539810180664,12.60250365944848,0.29712711129938496,13.084855094593005,12.274781646072714,0.0,0.14815051884859956,0.1,0.0030362606048583984,0.10976862907409668,0.04984267,1.380949,12.577207909046072,0.0,0.13919472203680155,0.0,300,0.03064441680908203,0.005971335108372403,0.0037965891734741404,439951,13.313833520635436,0.0
1489,2.667114019393921,12.579732761835619,0.5812273121580865,13.144084855616555,11.60568685553917,0.0,0.1607559587787116,0.1,0.00299835205078125,0.060064077377319336,0.0499924,0.66445863,12.577460394325026,0.0,0.13884899587820537,0.0,300,0.0305478572845459,0.005509496151539912,0.0029664831101497793,440251,13.02891416561072,0.0
1490,2.629002571105957,12.629443674727526,0.539790760519471,13.081070981822347,11.7125450307403,0.0,0.15734345786910908,0.1,0.010130882263183594,0.06954574584960938,0.049975447,1.133155,12.582658722365277,0.0,0.13955488584645584,0.0,300,0.030335664749145508,0.002209829911028528,0.002383632113388186,440551,12.834857988277854,0.0
1491,2.633106231689453,12.118169109763675,1.155052053462611,12.964219522806639,10.127675635315391,0.0,0.14949856182859567,0.1,0.003039836883544922,0.057006120681762695,0.0501227,1.7929293,12.536209761105116,0.0,0.13285126151346752,0.0,300,0.030553579330444336,0.004752023103074675,0.004237926774995359,440851,13.237120461393827,0.0
1492,2.6091463565826416,12.893219308633286,0.17186815849612425,13.153156516850418,12.675719218720523,0.0,0.16145194939494284,0.1,0.011529207229614258,0.08486533164978027,0.050746754,1.526738,12.571910715857934,0.0,0.14314903395785278,0.0,300,0.030515670776367188,0.0031303321828707277,0.002761709659531758,441151,13.392957183358611,0.0
1493,2.6843647956848145,12.799405419727444,0.3594016466906797,13.073131046891625,12.185863106822252,0.0,0.16057012267918758,0.1,0.0031087398529052734,0.05755949020385742,0.049726922,0.95248574,12.594660186244884,0.0,0.14189576920809327,0.0,300,0.03378796577453613,0.0024094030892110644,0.002415572919443917,441451,13.295383996494103,0.0
1494,2.6890785694122314,12.906060559758235,0.19586397641059275,13.16209290184719,12.61602270999793,0.0,0.1494615009251532,0.1,0.003159046173095703,0.06156492233276367,0.04944811,0.6183026,12.625800223596219,0.0,0.14325481030805076,0.0,300,0.030615568161010742,0.0027823102952414776,0.0016993598684221787,441751,13.362960883198767,0.0
1495,2.728609323501587,12.62080353700187,0.27258089853992745,12.837913323269783,12.165559981029382,0.0,0.15963005169440422,0.1,0.0030922889709472656,0.058440208435058594,0.049618937,0.93558675,12.625300554936784,0.0,0.13946057832832456,0.0,300,0.030130624771118164,0.004236459722201071,0.0024289017447129504,442051,13.283378229641036,0.0
1496,2.6406326293945312,12.253688638330708,1.2607769916933422,13.079161028806007,10.074288362447383,0.0,0.13996866094336027,0.1,0.006820201873779297,0.08688497543334961,0.0496019,0.61433136,12.588139363276175,0.0,0.1347007593922564,0.0,300,0.031154632568359375,0.0056300745085199055,0.0059774494997149935,442351,13.387034336369942,0.0
1497,2.6385409832000732,12.821093032085628,0.12852283030030198,13.03204029162125,12.68578699108577,0.0,0.14837446444587885,0.1,0.0030031204223632812,0.11508512496948242,0.05021684,1.1722533,12.61143473015712,0.0,0.14209816068770698,0.0,300,0.03047966957092285,0.005894925457471599,0.0014141003784781596,442651,13.37250863747665,0.0
1498,2.581836223602295,12.905049431833334,0.22612014398331753,13.237566895145001,12.621154796667408,0.0,0.17279437359293257,0.1,0.004532337188720703,0.05786561965942383,0.049889185,0.87589246,12.64079620032474,0.0,0.14325483379355283,0.0,300,0.03091716766357422,0.0035626591441530516,0.00395255808544759,442951,13.390091696335602,0.0
1499,2.6762564182281494,12.834367128004583,0.2759835536996007,13.139498420056453,12.395110350533184,0.0,0.16468249424223552,0.1,0.003289937973022461,0.05938267707824707,0.049777366,0.93959206,12.660153293092725,0.0,0.14244353200682935,0.0,300,0.030860185623168945,0.004701414986915784,0.0034729326378008627,443251,13.335308356978127,0.0
1500,2.5725739002227783,12.83166558956011,0.027616787195321173,12.865633589119922,12.79341102334643,0.0,0.15991108978956162,0.1,0.005448341369628906,0.059455156326293945,0.050537363,0.7886656,12.677304522739464,0.0,0.14230416305744117,0.0,300,0.03079390525817871,0.00487816792233995,0.0031347376412877268,443551,13.230702601627534,0.0
1501,2.56439208984375,12.637139839735529,0.23805671048372412,12.913573712600247,12.337076679572245,0.0,0.16266170409379385,0.1,0.003077983856201172,0.05904221534729004,0.050160352,0.899052,12.67328805443907,0.0,0.13967424338700973,0.0,300,0.0320887565612793,0.0022232559831634776,0.002307796514030366,443851,13.23607948237833,0.0
1502,2.5731358528137207,12.92125232655954,0.14736023217083397,13.031062048303582,12.669243330236261,0.0,0.15768485918087552,0.1,0.007144451141357422,0.08207583427429199,0.049860444,0.7040212,12.698084481651117,0.0,0.1434237454830233,0.0,300,0.03116583824157715,0.002843710058977098,0.002123785703701484,444151,13.3394805492345,0.0
1503,2.6409308910369873,12.511951779944983,0.7456648978499413,13.002904225120393,11.222069339995636,0.0,0.14148905556795222,0.1,0.003453493118286133,0.05883336067199707,0.051668428,1.5578923,12.679471211480504,0.0,0.13799039544299221,0.0,300,0.05622553825378418,0.0034042395593265554,0.0028492937360767544,444451,13.31304167372786,0.0
1504,2.636932134628296,12.95715438831701,0.14510833264961362,13.144279100958093,12.73977665294464,0.0,0.15695482954054005,0.1,0.0032193660736083984,0.0566411018371582,0.050587688,1.6339593,12.707239529164156,0.0,0.14407287302312516,0.0,300,0.037718772888183594,0.0019296896607300879,0.0013921171910239768,444751,13.409506796807284,0.0
1505,2.6789753437042236,12.511800249755849,0.45779874243491975,12.979514487417697,11.757351406380863,0.0,0.14991628507700208,0.1,0.002933979034423828,0.06591916084289551,0.0513907,0.72086006,12.687695601223325,0.0,0.13788319682209102,0.0,300,0.03181171417236328,0.0026862698987148935,0.002201302398981381,445051,13.432403874459938,0.0
1506,2.640838623046875,12.419864817377876,0.7196579234288017,13.20158274012653,11.552400049711338,0.0,0.1541830460706762,0.1,0.003015756607055664,0.05958104133605957,0.049174514,2.4540436,12.660912522838782,0.0,0.13676038764982185,0.0,300,0.05600285530090332,0.004191746966527614,0.003959855271799427,445351,13.409790596354634,0.0
1507,2.663144826889038,12.985089720919873,0.18155817656998954,13.224578926839285,12.738478366467598,0.0,0.16134740242081458,0.1,0.002948760986328125,0.06902551651000977,0.049915835,0.6746708,12.69333024264689,0.0,0.14430803534902154,0.0,300,0.06740450859069824,0.0027101209621011556,0.001691249812998612,445651,13.379094813743448,0.0
1508,2.7502923011779785,10.497007827119365,4.071715994358412,13.043349798570798,3.447807760086149,0.0,0.1519013164572969,0.1,0.003032207489013672,0.11089849472045898,0.04981492,0.53968567,12.473698001094137,0.0,0.11171068434642495,0.0,300,0.030376672744750977,0.14710850075268106,0.09400843482121259,445951,13.350195815197624,0.0
1509,2.649587631225586,12.879664095648343,0.15331443053332885,13.08849286986214,12.729536215915765,0.0,0.1568990591999103,0.1,0.003009796142578125,0.06112837791442871,0.04923377,1.346808,12.514294610549557,0.0,0.1428837993506464,0.0,300,0.030634641647338867,0.037925744186084354,0.01187546749701281,446251,13.349229732596806,0.0
1510,2.6072020530700684,12.794544435944404,0.13904321060391933,12.995807663121608,12.61798068302346,0.0,0.14411381498920753,0.1,0.003072500228881836,0.06010317802429199,0.049754437,1.3477297,12.542319593089042,0.0,0.14184877684548003,0.0,300,0.03024601936340332,0.010805702698597966,0.01494013881236851,446551,13.190113959074212,0.0
1511,2.615215539932251,12.78847120818142,0.11805359998086369,12.906852269915818,12.60983450263961,0.0,0.14903360998052248,0.1,0.0029871463775634766,0.06020855903625488,0.049849115,1.9511592,12.56693475459828,0.0,0.1416347086740965,0.0,300,0.03244757652282715,0.018580287067966297,0.004111764883834618,446851,13.22858191802581,0.0
1512,2.581998109817505,11.968510008579676,1.0239695795466308,12.954853020656582,10.447915637515335,0.0,0.1543957324199113,0.1,0.0035097599029541016,0.06100583076477051,0.050329436,0.7565114,12.50709227999642,0.0,0.13089271002150193,0.0,300,0.030677080154418945,0.009581619545021286,0.011683413966318092,447151,13.000984258876963,0.0
1513,2.6460492610931396,10.645856294957987,3.316637433184526,12.970904156950244,4.9579197161333415,0.0,0.13686237497114437,0.1,0.003361225128173828,0.059700965881347656,0.05034611,0.5364427,12.320968681492579,0.0,0.11333700346422117,0.0,300,0.07283663749694824,0.03814553399188775,0.02619971133855183,447451,13.042228879814283,0.0
1514,2.55214786529541,12.473429029917522,0.7457299242125427,13.144168855860283,11.260861899119714,0.0,0.14111227282134073,0.1,0.0033457279205322266,0.06856894493103027,0.05009423,0.9714364,12.336214716335073,0.0,0.13768784960523558,0.0,300,0.03280186653137207,0.008754645961829736,0.004883818550293326,447751,13.051642421533787,0.0
1515,2.586592435836792,12.766256479754926,0.32157275559932175,13.085815542210796,12.237700686839514,0.0,0.14666261265362407,0.1,0.003059864044189453,0.05846905708312988,0.04995503,1.5269142,12.37921889267706,0.0,0.14133182716541423,0.0,300,0.03058767318725586,0.004543655907496989,0.004084218204814704,448051,13.272332053464643,0.0
1516,2.692979335784912,13.129379215056355,0.05759640606615163,13.21797712237671,13.068540206051564,0.0,0.14565383995001596,0.1,0.011632442474365234,0.08317327499389648,0.050367475,2.7774704,12.45423492491499,0.0,0.1461813228244895,0.0,300,0.030675411224365234,0.005686989634671482,0.003890991416594057,448351,13.350861280471426,0.0
1517,2.611140251159668,12.57591777205082,0.677472718418701,13.005549716500624,11.403411792161739,0.0,0.1373372227306636,0.1,0.0032224655151367188,0.060506582260131836,0.05007623,1.1767062,12.466403209628574,0.0,0.13890028014792755,0.0,300,0.07597684860229492,0.003399285705854481,0.0034559221103490443,448651,13.270743558822518,0.0
1518,2.5978007316589355,11.938749483172941,1.524393556124396,13.044750828044345,9.311630170110497,0.0,0.13267261530586574,0.1,0.002899169921875,0.056960344314575195,0.053928386,0.4828649,12.41363783698301,0.0,0.1303306077492284,0.0,300,0.02985835075378418,0.006262334252243937,0.005200554123426757,448951,13.358442801754684,0.0
1519,2.6507511138916016,12.89113128009304,0.22413330197555667,13.142488922860311,12.52997823334914,0.0,0.15405935805664267,0.1,0.003090381622314453,0.056664228439331055,0.048343036,0.8558194,12.461387181294015,0.0,0.14308793478185602,0.0,300,0.03009939193725586,0.002563637417089074,0.0025284593358973545,449251,13.434935862834559,0.0
1520,2.709413766860962,11.30966742132172,2.554554744235627,13.222189029809458,6.965360953154836,0.0,0.1334303890279931,0.1,0.013072729110717773,0.05719470977783203,0.049918853,0.5328887,12.346215205296785,0.0,0.12217929792847246,0.0,300,0.03002309799194336,0.0206387924371277,0.016447854907881497,449551,13.343262264725446,0.0
1521,2.7103724479675293,12.457765172527017,0.6469013754747497,13.089769411484433,11.503981397187696,0.0,0.15376765585799695,0.1,0.00298309326171875,0.059522390365600586,0.049354076,1.2639233,12.357370202019808,0.0,0.13739562051056378,0.0,300,0.028171300888061523,0.005595006654001524,0.005766013719988991,449851,13.423938494352138,0.0
1522,2.6617438793182373,12.865923135641063,0.3021032639552456,13.052120653315118,12.342817595731603,0.0,0.17188875938015954,0.1,0.002930164337158203,0.05654191970825195,0.049319744,0.893087,12.408225495381934,0.0,0.1427036715451743,0.0,300,0.030333280563354492,0.005077365562685086,0.0024714530254356186,450151,13.313566027738617,0.0
1523,2.6758460998535156,12.709728637184607,0.47465168943565034,13.268138780156846,11.96636783491225,0.0,0.15657213232175674,0.1,0.011298418045043945,0.08902788162231445,0.048509553,1.7320821,12.438375809562203,0.0,0.14068423360388366,0.0,300,0.029902935028076172,0.004050002620747597,0.0032427761803122267,450451,13.419496071439047,0.0
1524,2.6485822200775146,12.279724997655723,0.5120742648880408,12.771773626139266,11.42000635732842,0.0,0.16009416020336278,0.1,0.0072689056396484375,0.09615540504455566,0.049585354,0.64299655,12.422510728371556,0.0,0.13498985443447362,0.0,300,0.030036449432373047,0.005948014572725388,0.00513684154317453,450751,13.440166744466872,0.0
1525,2.6515355110168457,12.878277199205503,0.35219319526129556,13.368492476264516,12.399683467200775,0.0,0.15075645487109235,0.1,0.0030379295349121094,0.08361482620239258,0.050483253,1.1426659,12.468087375454951,0.0,0.14280033433316947,0.0,300,0.06488299369812012,0.004440881624546812,0.0022792058011207894,451051,13.316238000255332,0.0
1526,2.655646324157715,12.926052334103261,0.1654633555885403,13.07582042792049,12.65808559455552,0.0,0.15805071196005596,0.1,0.00392603874206543,0.07033920288085938,0.050358303,2.4011683,12.513883871319782,0.0,0.1436856858924987,0.0,300,0.03140664100646973,0.003939800931764571,0.0017981200725300228,451351,13.245137639199605,0.0
1527,2.5575923919677734,12.995602082720813,0.10678143150794198,13.10683334424122,12.877604705188265,0.0,0.15893132547631197,0.1,0.0034363269805908203,0.057650089263916016,0.049853425,0.77768445,12.562055692459886,0.0,0.14437641301601015,0.0,300,0.02978801727294922,0.003061832252182322,0.0031321833978440856,451651,13.374839588204852,0.0
1528,2.544276237487793,12.458503851515548,0.7136720565073593,12.988048265280216,11.228982483379966,0.0,0.1520764033810816,0.1,0.0031311511993408203,0.05782890319824219,0.0499736,0.5821678,12.551700508365453,0.0,0.13740710232086112,0.0,300,0.049297332763671875,0.004113632569409049,0.003712546208853135,451951,13.393541274740128,0.0
1529,2.56234073638916,11.457845925039013,2.7409488840142484,13.188716824970003,6.713027868330599,0.0,0.14678505616612336,0.1,0.0031707286834716797,0.05707383155822754,0.049988355,0.44281632,12.442315050032809,0.0,0.1242396947435655,0.0,300,0.030382394790649414,0.02819532784977506,0.023158324306724105,452251,13.280858127299929,0.0
1530,2.612185001373291,12.6848670150467,0.33190909940293006,13.022782229447222,12.269464228553069,0.0,0.15235128350246657,0.1,0.0031900405883789062,0.05899548530578613,0.049766976,1.1077514,12.466570246534198,0.0,0.14059289018825763,0.0,300,0.03502988815307617,0.005167973657361923,0.003522158817481092,452551,13.171061556523108,0.0
1531,2.638711452484131,12.671045193529078,0.42737135212502586,13.275743517663468,12.082378904826562,0.0,0.15643629331198183,0.1,0.0030536651611328125,0.05995297431945801,0.049239393,2.4652028,12.487017741233686,0.0,0.1400489755861702,0.0,300,0.028577804565429688,0.004198931111857068,0.0037473732860683526,452851,13.12701061909703,0.0
1532,2.5749776363372803,12.765630889477556,0.6293047175464525,13.32582067564383,11.699853728096675,0.0,0.16443332508283495,0.1,0.003010988235473633,0.0582883358001709,0.050294325,1.438523,12.514879056058072,0.0,0.14140395889618435,0.0,300,0.030112266540527344,0.004821072495275232,0.003304254141242706,453151,13.201935845262538,0.0
1533,2.5567164421081543,12.823446270484656,0.20886502149441177,13.008617626498815,12.485701736298001,0.0,0.1570973306313301,0.1,0.0030717849731445312,0.05722856521606445,0.04962102,0.8648415,12.545735777500731,0.0,0.14238204028215568,0.0,300,0.030362367630004883,0.003040684030153578,0.003032352164516767,453451,13.363232140311203,0.0
1534,2.6468474864959717,13.130085555890991,0.06010880037867384,13.215402289732934,13.056316033474348,0.0,0.15255441212124252,0.1,0.002923727035522461,0.08240962028503418,0.04954261,1.3482015,12.604170755339759,0.0,0.14621460472612582,0.0,300,0.0634450912475586,0.002583094356169588,0.0018504754960513789,453751,13.172752091158097,0.0
1535,2.6610400676727295,12.916458227761687,0.09104385813906182,13.05885440065403,12.822287309231339,0.0,0.15726178460049214,0.1,0.00574040412902832,0.05846810340881348,0.050413094,0.59652555,12.63539950258195,0.0,0.14341264090651523,0.0,300,0.03085780143737793,0.0023480755183184353,0.0014244463730196779,454051,13.525226711176222,0.0
1536,2.664529323577881,11.94559435807454,1.4031519206398935,13.244429024190422,9.68097525865463,0.0,0.14303318709328872,0.1,0.003184080123901367,0.0650491714477539,0.050767243,0.5523578,12.56641898813121,0.0,0.13055142158241495,0.0,300,0.03046703338623047,0.008558894786628574,0.006433889458152577,454351,13.4004245937244,0.0
1537,2.597858190536499,12.654188011694096,0.3502589024465974,13.096109684216792,12.169112952650922,0.0,0.15446077852953255,0.1,0.0030896663665771484,0.057787179946899414,0.05421959,0.6911304,12.5751958904875,0.0,0.1399005251571499,0.0,300,0.03052353858947754,0.007736861787876961,0.003807765796489976,454651,13.234750409437305,0.0
1538,2.6656508445739746,12.595619883140788,0.2611841911218994,12.962618736621197,12.279927355172953,0.0,0.14024568419834318,0.1,0.003359556198120117,0.05995988845825195,0.050277818,4.5689745,12.57723828975283,0.0,0.13913588594391357,0.0,300,0.030907869338989258,0.005260913295331647,0.0035127329468012873,454951,13.31965848159023,0.0
1539,2.7426750659942627,12.95978644940778,0.20079702897698232,13.244687977836161,12.677384417245282,0.0,0.15351153280885266,0.1,0.0030019283294677734,0.06281352043151855,0.050504316,2.5530534,12.615493105718324,0.0,0.14399150047974196,0.0,300,0.03031134605407715,0.002325379556141342,0.002327780688919581,455251,13.295725198385659,0.0
1540,2.6897218227386475,11.951648495186634,1.7603435501547975,13.036583356386164,8.903651939311095,0.0,0.14995750415883347,0.1,0.0032007694244384766,0.059485435485839844,0.049427707,0.46281615,12.549108644665155,0.0,0.13059554787471606,0.0,300,0.030223846435546875,0.011714967522031923,0.010655565132242951,455551,13.35668854426359,0.0
1541,2.6545255184173584,12.4707312903658,0.4944074145981926,13.022618475858463,11.67369082963881,0.0,0.14888430297135596,0.1,0.0032033920288085938,0.11031341552734375,0.04978602,0.7171943,12.54127090923522,0.0,0.13762638582776468,0.0,300,0.03029918670654297,0.0023756097365803014,0.002383942097111363,455851,13.20880823393973,0.0
1542,2.643803596496582,12.996714677384237,0.03984928102806687,13.041470757354084,12.935609008351847,0.0,0.15592044959312487,0.1,0.0035986900329589844,0.06020784378051758,0.0503718,1.1730462,12.586815286050122,0.0,0.14444959364182838,0.0,300,0.03105902671813965,0.00241829060262674,0.0020864602595071463,456151,13.346515124526197,0.0
1543,2.5890581607818604,12.80009351241904,0.3278096737006811,13.046480350106565,12.244777714287707,0.0,0.1582220059664097,0.1,0.0053522586822509766,0.06010127067565918,0.0494609,0.880608,12.608143108687015,0.0,0.14200967162143963,0.0,300,0.030864477157592773,0.002524714800167534,0.0020885045027057886,456451,12.621817950122706,0.0
1544,2.6293327808380127,12.628304254932754,0.591817576730776,13.024994850996743,11.605304874899932,0.0,0.16273380066533957,0.1,0.0034132003784179688,0.0595552921295166,0.05013383,0.63255847,12.61015922331159,0.0,0.13947548798179948,0.0,300,0.0320131778717041,0.004286021608441549,0.0036105882922700407,456751,13.364624936644509,0.0
1545,2.6289772987365723,12.54508776453821,0.546174964846768,13.011428011580103,11.621187153827954,0.0,0.14541902509521032,0.1,0.006520986557006836,0.06027030944824219,0.05029381,1.0900149,12.603652077434251,0.0,0.13861030359638196,0.0,300,0.030641794204711914,0.0025009265702892833,0.002307262049855948,457051,13.207430776642292,0.0
1546,2.610203266143799,12.858201232000631,0.11021112573518148,13.014666175754169,12.722289069021746,0.0,0.1481339697352236,0.1,0.003124237060546875,0.05897808074951172,0.051288202,3.336376,12.62910699289089,0.0,0.14290388684107794,0.0,300,0.03937220573425293,0.0017322722144196114,0.0015929923248642612,457351,13.219102860955964,0.0
1547,2.663813352584839,13.053374315488302,0.014510582171536016,13.07468054687955,13.03894690432311,0.0,0.15769802255161156,0.1,0.0030493736267089844,0.05933570861816406,0.04984761,0.99900067,12.671533725150631,0.0,0.14530005946421362,0.0,300,0.032674312591552734,0.0016865588248601625,0.0012354655464375868,457651,13.040596955321766,0.0
1548,2.5942137241363525,11.737237811921784,0.6847859668584753,12.84440940148214,11.068722212803925,0.0,0.14890018395784207,0.1,0.0031991004943847656,0.05882692337036133,0.050553694,1.0328264,12.578104133827747,0.0,0.12803097335850566,0.0,300,0.030534029006958008,0.008360008458937265,0.005521941161092245,457951,13.334487917728731,0.0
1549,2.6209309101104736,12.741118327504239,0.1323356245869005,12.903142683623061,12.590430445833865,0.0,0.15522393246301258,0.1,0.003025054931640625,0.11024141311645508,0.05013155,0.9018241,12.594405553195397,0.0,0.14114333465152146,0.0,300,0.030501127243041992,0.0019691667336995114,0.001879448384907863,458251,13.369201561484603,0.0
1550,2.657893657684326,12.767819967269716,0.4311141405962397,13.26126660398197,12.321755796457351,0.0,0.1505831714339426,0.1,0.002974271774291992,0.05829024314880371,0.050140385,0.91955435,12.611746994602829,0.0,0.14157120081347432,0.0,300,0.06536602973937988,0.0023917043904291275,0.002175240172831746,458551,13.097532805727662,0.0
1551,2.642251491546631,12.939221969966631,0.04435973018011632,13.006094760912987,12.893943453930838,0.0,0.15177511518462664,0.1,0.0029234886169433594,0.05846452713012695,0.049978375,1.2140409,12.64449449213921,0.0,0.14373834825114162,0.0,300,0.06991863250732422,0.002647201638450822,0.0020126592634585145,458851,13.09244156541772,0.0
1552,2.678154468536377,12.40237124604495,0.7626147734391076,13.007225191889338,11.117430777798717,0.0,0.14734072233768344,0.1,0.003000020980834961,0.0568242073059082,0.049274053,0.56995034,12.620282167529783,0.0,0.13663093728599046,0.0,300,0.031517982482910156,0.004133181044272904,0.0037895308090678185,459151,13.257647248288867,0.0
1553,2.616487979888916,12.808991807637732,0.2177567792859081,13.184329131909191,12.65312307737784,0.0,0.15621063914167982,0.1,0.002933502197265625,0.05708193778991699,0.049448587,0.85266894,12.63915313154058,0.0,0.14194806682800284,0.0,300,0.0743722915649414,0.0026094696876747146,0.001967387104732968,459451,13.211138835758371,0.0
1554,2.6021482944488525,12.33064089485786,0.45892100845260236,12.90435775449573,11.62167842650192,0.0,0.16062988175316562,0.1,0.0030748844146728516,0.0609130859375,0.049781334,0.63372403,12.608301907872308,0.0,0.13579196738399255,0.0,300,0.03205084800720215,0.003376961431127571,0.0024501029988224436,459751,13.26103005005234,0.0
1555,2.6966099739074707,11.020931101753215,3.3700012468775054,13.157298099397792,5.198083356027465,0.0,0.1650541568960983,0.1,0.0032334327697753906,0.05863761901855469,0.04993743,0.44939414,12.4495648272604,0.0,0.11839175347803255,0.0,300,0.02956557273864746,0.11093444031576186,0.0818992156331146,460051,13.310212779591872,0.0
1556,2.7536325454711914,12.679135008513194,0.2921126846298578,12.899493641028704,12.184752250184085,0.0,0.1640348579197254,0.1,0.003046274185180664,0.05866503715515137,0.050055377,0.89421064,12.47252184538568,0.0,0.14034564718321388,0.0,300,0.030210256576538086,0.02578603789644795,0.005230265220621887,460351,13.412888711634563,0.0
1557,2.6214210987091064,12.373399113381629,0.6064900398961565,13.097256534928967,11.516398120529065,0.0,0.15206300522684182,0.1,0.003008604049682617,0.058672189712524414,0.049674332,1.8616368,12.462609572185276,0.0,0.1364975738536907,0.0,300,0.02866387367248535,0.005967587340688119,0.01318577155854651,460651,13.201343264331085,0.0
1558,2.670684576034546,12.713296092955586,0.5831165474512231,13.181144094047124,11.71393474483897,0.0,0.1597034631429033,0.1,0.003184080123901367,0.0631413459777832,0.05004672,0.6247217,12.487678224262307,0.0,0.14074851834609503,0.0,300,0.03269791603088379,0.008231135825192354,0.0053146208619966415,460951,13.331287263109024,0.0
1559,2.81734299659729,13.000595869643334,0.12148686548018542,13.200407967037949,12.871915916246444,0.0,0.1607420395305887,0.1,0.0029942989349365234,0.058257341384887695,0.05083784,1.8263731,12.53896998880041,0.0,0.14462463439204623,0.0,300,0.030472278594970703,0.003472936433259391,0.0035303254889818684,461251,13.323858102870018,0.0
1560,2.6331005096435547,12.75947839198472,0.2511390078168556,13.00734446033958,12.343322843496882,0.0,0.15895255876084396,0.1,0.0034749507904052734,0.06219840049743652,0.049725577,0.54899406,12.561020829118842,0.0,0.14141465603675815,0.0,300,0.034302711486816406,0.0028315471164214144,0.0024288430909475156,461551,13.565624417708458,0.0
1561,2.607487916946411,12.972603370573829,0.06708559254999238,13.049919247893754,12.86954684820848,0.0,0.16253239352044888,0.1,0.00677037239074707,0.09661459922790527,0.049861994,0.97511524,12.60217908326434,0.0,0.14417072621993512,0.0,300,0.030358076095581055,0.0018593148483926141,0.0015103115002929367,461851,13.271109198157431,0.0
1562,2.585158586502075,12.047065162348652,1.7545212226663092,13.094512709307118,9.00843299678505,0.0,0.14713758454287615,0.1,0.005456209182739258,0.05913281440734863,0.04872501,0.56579286,12.546667691172772,0.0,0.1318598855156367,0.0,300,0.030969619750976562,0.015125561375755315,0.012556539684194812,462151,13.26692378641399,0.0
1563,2.654447078704834,12.883550468058116,0.38939930982912724,13.236167706395939,12.22441385808548,0.0,0.14585253555542124,0.1,0.003116130828857422,0.05906176567077637,0.05076104,1.7379262,12.580355968861307,0.0,0.14307687532581914,0.0,300,0.0436406135559082,0.005056063362624195,0.0019613474020274023,462451,13.126553494252526,0.0
1564,2.614691734313965,12.797598253019508,0.4718328242995994,13.225346693058722,12.018391211639798,0.0,0.15183825577401408,0.1,0.003087282180786133,0.05826163291931152,0.049945157,2.006007,12.602080197277127,0.0,0.14189839223454065,0.0,300,0.02993297576904297,0.0034840149810928932,0.003545377169229225,462751,13.317281159193982,0.0
1565,2.6267361640930176,12.539022201945802,1.0473566499061628,13.229775790434543,10.730356485523501,0.0,0.14504278391394163,0.1,0.003175020217895508,0.07952284812927246,0.049034823,0.8868746,12.595774397743995,0.0,0.13840411706397937,0.0,300,0.03014683723449707,0.006251290146748419,0.004770514095931835,463051,10.186577698005278,0.0
1566,2.677048683166504,12.962614192789909,0.16107828774829935,13.136601287213493,12.707595159127617,0.0,0.1591493517147457,0.1,0.0031075477600097656,0.0572504997253418,0.050125524,1.0810099,12.632458377248588,0.0,0.14393420289917305,0.0,300,0.030520200729370117,0.0014534437349368037,0.0016285461405027022,463351,13.399477373824304,0.0
1567,2.631204128265381,12.112650097165215,1.3402590156963132,13.013761721695293,9.80033648935058,0.0,0.14233969958035006,0.1,0.0029387474060058594,0.12159228324890137,0.050308574,0.5117183,12.580477549240252,0.0,0.1326272944155082,0.0,300,0.03101348876953125,0.007370335281816407,0.00518935631410582,463651,13.240598350262118,0.0
1568,2.682011842727661,12.845241367534673,0.1282853944446284,12.994141892772062,12.681692560532934,0.0,0.1566843748107051,0.1,0.002956867218017578,0.060120344161987305,0.052645802,0.6600472,12.606953931069693,0.0,0.142488517438302,0.0,300,0.06141805648803711,0.004259583141245602,0.0015534516522486461,463951,13.320273334919781,0.0
1569,2.6247189044952393,12.817637625120177,0.09365177567424048,12.903126266622612,12.6735095178626,0.0,0.14605754346359023,0.1,0.0031011104583740234,0.0587153434753418,0.049729053,1.4607368,12.628022300474742,0.0,0.14225112836168508,0.0,300,0.030132532119750977,0.002798498471096241,0.0031944983698055,464251,13.188438045890644,0.0
1570,2.7091822624206543,12.722557003714664,0.5866792614375655,13.198404936341957,11.71835815370172,0.0,0.16051748017752726,0.1,0.011289596557617188,0.06777548789978027,0.049942665,0.8253238,12.637475770798735,0.0,0.1408087181843019,0.0,300,0.030326366424560547,0.0021145980433639557,0.0017770911933475868,464551,13.036023321515621,0.0
1571,2.836190700531006,12.624539738871789,0.5236573921270387,13.054431229531975,11.755116119411252,0.0,0.14848541767282206,0.1,0.002983570098876953,0.05768752098083496,0.050044063,0.96853465,12.63618216760604,0.0,0.1394376705593018,0.0,300,0.03061819076538086,0.002938604639108151,0.0026434275614408156,464851,12.946071138497407,0.0
1572,2.7700388431549072,12.905282167283636,0.3241568447586933,13.230428570557324,12.375837081189212,0.0,0.15025795927745172,0.1,0.003147125244140625,0.061034440994262695,0.049139574,3.2918298,12.6630921675738,0.0,0.14321193685093098,0.0,300,0.03184628486633301,0.0024377437629313496,0.0018011254870254228,465151,13.280511875089955,0.0
1573,2.656532049179077,12.341556362256995,0.7628475674398665,12.924851056136228,11.034787445412618,0.0,0.1647689523609186,0.1,0.00443577766418457,0.07578516006469727,0.04987911,0.63639367,12.63093858704212,0.0,0.13597841806387756,0.0,300,0.030305147171020508,0.006341682377184788,0.0034727015427139817,465451,13.062431365662107,0.0
1574,2.736032247543335,12.918257166398316,0.19979392695287837,13.098540951426095,12.58812171421386,0.0,0.15796705892764795,0.1,0.003025531768798828,0.10456395149230957,0.050208252,1.2958398,12.65967044497774,0.0,0.143597834995311,0.0,300,0.029877185821533203,0.0025255342971175045,0.0021077236713556297,465751,12.120805486489951,0.0
1575,2.6517083644866943,12.740320333083115,0.2848422842616581,13.038632593154937,12.270933320976459,0.0,0.16049689995570945,0.1,0.0029630661010742188,0.05925607681274414,0.049994323,0.62795645,12.667735433788277,0.0,0.14109989546950788,0.0,300,0.030169010162353516,0.003869141437721501,0.003048586296028915,466051,13.26517263657667,0.0
1576,2.6869888305664062,12.92920822466843,0.309272200881806,13.258081779900506,12.421724813485154,0.0,0.1667553242093674,0.1,0.007130622863769531,0.05742144584655762,0.049485024,1.4724879,12.693882712876293,0.0,0.14353570125474857,0.0,300,0.030024051666259766,0.002821298434074554,0.0024313328989102006,466351,13.019124884273007,0.0
1577,2.5792343616485596,12.965374492203841,0.14964557247585508,13.11524936139559,12.766041861454323,0.0,0.17040256393629244,0.1,0.007426261901855469,0.06473541259765625,0.049658872,0.8088766,12.721031890809048,0.0,0.14401831875390292,0.0,300,0.03067803382873535,0.002248480673263941,0.0013283681236026864,466651,13.380415919393997,0.0
1578,2.66434907913208,12.826715767103893,0.148109209025533,12.940642656304037,12.574076354064971,0.0,0.1513920281977662,0.1,0.0031538009643554688,0.1120612621307373,0.0491474,1.3102089,12.731600278438531,0.0,0.1421820492154362,0.0,300,0.031100988388061523,0.0023959330289249825,0.0015034399255500978,466951,13.071158959727164,0.0
1579,2.5809168815612793,12.577272617897961,0.4409182035502157,12.983160048910532,11.836289193697151,0.0,0.16572037023994612,0.1,0.0032951831817626953,0.05904269218444824,0.050233625,0.6852365,12.716167512384475,0.0,0.13891876179193846,0.0,300,0.032385826110839844,0.003694763086209694,0.003160541130949551,467251,13.289773084955241,0.0
1580,2.56955623626709,12.82597586361556,0.3238588822073485,13.37065294778499,12.54125543269814,0.0,0.16166242003501166,0.1,0.008343696594238281,0.07431840896606445,0.050579738,1.1305512,12.727148347507583,0.0,0.1422134260284969,0.0,300,0.030096054077148438,0.0020920961198681726,0.0020578560396918503,467551,13.247447214467295,0.0
1581,2.679912805557251,12.825000041108105,0.2878685554951821,13.159970361543847,12.400559546850682,0.0,0.17245936363938452,0.1,0.01306462287902832,0.05725669860839844,0.04983643,0.73307836,12.736933516867635,0.0,0.14221690161414588,0.0,300,0.03034520149230957,0.002576629204410383,0.0023913857507653832,467851,12.988599331417761,0.0
1582,2.604222297668457,12.833020145189082,0.28514287461194343,13.060793521228774,12.351104550916364,0.0,0.16116259376330028,0.1,0.0029954910278320312,0.05753827095031738,0.049632013,2.7087803,12.74654217969978,0.0,0.142302257143089,0.0,300,0.03011941909790039,0.0036232829287476636,0.0026063966699875945,468151,13.087986231252307,0.0
1583,2.672058343887329,12.357288976027922,0.8430793652674979,13.143739028749122,11.10750182450813,0.0,0.1445201185524609,0.1,0.0031473636627197266,0.1138007640838623,0.050040822,0.50090146,12.707616859332594,0.0,0.13604679112482226,0.0,300,0.03038787841796875,0.004483091455863615,0.004409581139922913,468451,12.984626651878083,0.0
1584,2.6578211784362793,12.681824804265919,0.7637831100259989,13.236121039898569,11.371319542185118,0.0,0.1541527140387088,0.1,0.003298044204711914,0.0587158203125,0.04945916,0.63737905,12.705037653825928,0.0,0.14041992314036572,0.0,300,0.029968976974487305,0.003778319400294044,0.0033500629305991264,468751,12.318065240098656,0.0
1585,2.656245470046997,12.89303728714145,0.11631242255922296,13.043328531189768,12.72724526217865,0.0,0.16203809586129828,0.1,0.0030357837677001953,0.0602419376373291,0.050277222,1.1723741,12.72383761715748,0.0,0.14311617203364754,0.0,300,0.040758371353149414,0.0015863044524344401,0.0015140964410437843,469051,13.101129395387831,0.0
1586,2.691237449645996,13.150687929100313,0.13583437553480812,13.351689726051722,12.974432782043957,0.0,0.1607994332802818,0.1,0.0029718875885009766,0.05712080001831055,0.049691103,1.9148669,12.766522648351764,0.0,0.14648525634418508,0.0,300,0.03080463409423828,0.0027916520707721043,0.0019017803949830134,469351,13.260825015583999,0.0
1587,2.59734845161438,13.046920280125274,0.17151351439097476,13.167106097349544,12.75087599350202,0.0,0.16340619769796377,0.1,0.0030329227447509766,0.060897111892700195,0.050078586,0.86749184,12.794562411529114,0.0,0.1450518845169574,0.0,300,0.030487775802612305,0.0014458971533993531,0.0012352543092325687,469651,13.266794994050324,0.0
1588,2.6468074321746826,12.304461369231959,1.3472800164974272,13.203044668766912,9.97869590008855,0.0,0.14177765561482358,0.1,0.0030426979064941406,0.057895660400390625,0.04970788,0.4679092,12.745552307299398,0.0,0.13520799404245198,0.0,300,0.03165936470031738,0.009036368854455766,0.006735876288106355,469951,13.042710094106644,0.0
1589,2.7334156036376953,12.91235272249367,0.19608726767618778,13.112753123557974,12.667139375479112,0.0,0.16585206227146754,0.1,0.0030760765075683594,0.10539889335632324,0.05074609,0.64053524,12.762232348818825,0.0,0.14341226248999664,0.0,300,0.033081769943237305,0.0026631698791943765,0.0012631936054025338,470251,13.132451933649198,0.0
1590,2.651702404022217,13.020324970951567,0.06753283699634298,13.097678472780206,12.915384024474225,0.0,0.15954094801024093,0.1,0.0029921531677246094,0.06021881103515625,0.04940806,1.3583097,12.7880416110321,0.0,0.14473054155173568,0.0,300,0.03039836883544922,0.0011361953979525778,0.0014974066711830089,470551,13.126893294484296,0.0
1591,2.679847002029419,12.73647505884049,0.4028308488339886,13.091150985175469,12.05461111753491,0.0,0.15484600810584734,0.1,0.0029854774475097656,0.060460567474365234,0.049668994,1.3803825,12.78288495581294,0.0,0.14098888480730226,0.0,300,0.03031015396118164,0.004559998974282804,0.0026978955318419534,470851,13.061552202675566,0.0
1592,2.6516947746276855,12.529107940380726,0.4788431898106056,12.95295644213504,11.783603037281711,0.0,0.16420747399749325,0.1,0.005470991134643555,0.07137656211853027,0.0507784,0.60839635,12.757507254269719,0.0,0.1384416812435147,0.0,300,0.030205488204956055,0.004015100819259988,0.004215989070674436,471151,13.208922009770083,0.0
1593,2.6240017414093018,12.454657447990046,0.6261686679140878,13.183393152354547,11.458190035066936,0.0,0.15190347248164318,0.1,0.003677845001220703,0.05977296829223633,0.050118342,0.4971703,12.72722227364175,0.0,0.13743177916552451,0.0,300,0.03240704536437988,0.004936718649475269,0.002640839423586696,471451,13.131002470445187,0.0
1594,2.62703013420105,12.555180659155502,0.2236572029866558,12.76776535025519,12.190726918120797,0.0,0.165404131595955,0.1,0.003538370132446289,0.059055328369140625,0.049792815,0.78668725,12.710018112193126,0.0,0.13856638095776094,0.0,300,0.030855417251586914,0.0020425107056064465,0.0024153373967479024,471751,12.857083129430402,0.0
1595,2.6477389335632324,12.818538714660873,0.2570345452440271,13.188844869026262,12.514296252957202,0.0,0.15327920998938688,0.1,0.003109455108642578,0.07876706123352051,0.049985085,1.1422886,12.7208701724399,0.0,0.14222435492445923,0.0,300,0.04424929618835449,0.0028196614307852146,0.0023459947344786447,472051,13.099211861121395,0.0
1596,2.6342337131500244,12.812239705979083,0.2192925206714638,13.059321056637135,12.49473702343435,0.0,0.15860065910110321,0.1,0.0032193660736083984,0.0637052059173584,0.050170306,1.4845738,12.730007125793819,0.0,0.14194186559273295,0.0,300,0.030774593353271484,0.0013869239166224227,0.0012442286834262503,472351,12.778725885244318,0.0
1597,2.674726724624634,12.435715116382864,1.2243954075177828,13.241095872465964,10.321370684650784,0.0,0.14559252416066396,0.1,0.003247976303100586,0.05944108963012695,0.050750025,0.80094504,12.700577924852723,0.0,0.13694246379020683,0.0,300,0.030487775802612305,0.004482660189899297,0.0040711611126844635,472651,12.655070549111882,0.0
1598,2.6523661613464355,12.615278041009116,0.34072631656436575,13.080031431342597,12.207037492867315,0.0,0.1486514419851008,0.1,0.0029876232147216797,0.05945777893066406,0.04974258,32.911606,12.692047936468363,0.0,0.13942120801966004,0.0,300,0.030397891998291016,0.0030086752081102544,0.002022285419066863,472951,13.087980580042485,0.0
1599,2.6562719345092773,12.72427723817759,0.34481384735763004,12.956602169240183,12.129719243875908,0.0,0.15425967219663783,0.1,0.010526657104492188,0.06371831893920898,0.048937354,1.6093343,12.695270866639287,0.0,0.14096639560200594,0.0,300,0.039418935775756836,0.0013100324179113505,0.0015049606285383412,473251,12.80516410194958,0.0
1600,2.622695207595825,12.905062645824636,0.27517676005390007,13.246399681987143,12.517812213173675,0.0,0.15932226036601166,0.1,0.005666971206665039,0.0600895881652832,0.050719127,1.3700173,12.716250044557823,0.0,0.14324638697736125,0.0,300,0.03107285499572754,0.0025294969762180287,0.0021225471632816467,473551,13.125281511916064,0.0
1601,2.7083041667938232,12.306847506935165,1.2433524583122915,13.095314220438341,10.154657857220553,0.0,0.14492704759489355,0.1,0.002978086471557617,0.05887627601623535,0.049410462,0.41104394,12.675309790795557,0.0,0.1353546330120302,0.0,300,0.030524492263793945,0.004852433894482191,0.004655679207491451,473851,13.015662690763369,0.0
1602,2.6266002655029297,12.864464546355183,0.3938539604734347,13.270656371176743,12.295524789717184,0.0,0.16233509806131147,0.1,0.0030486583709716797,0.11908483505249023,0.050172664,1.1729522,12.69422526635152,0.0,0.1427208873214309,0.0,300,0.030418872833251953,0.0030860067229741294,0.002823358918741991,474151,13.032619039147301,0.0
1603,2.6945786476135254,11.857880989149308,1.5457703826140654,13.144109002084901,9.290194686448359,0.0,0.1350573640442613,0.1,0.0030629634857177734,0.08033275604248047,0.049554866,0.5338812,12.610590838631298,0.0,0.12944103343066246,0.0,300,0.05683398246765137,0.03148365151003593,0.025449368182614174,474451,12.929657288194406,0.0
1604,2.7088632583618164,12.805689766424438,0.25262480636127804,13.176646858221256,12.463761413944326,0.0,0.151457549406965,0.1,0.0029630661010742188,0.0566716194152832,0.0497066,2.9506116,12.630100731410613,0.0,0.1419265416226399,0.0,300,0.03601813316345215,0.006724834544584941,0.0020115690505013916,474751,13.2840157916041,0.0
1605,2.7091097831726074,12.478070524286606,0.8494845657740744,13.095643627687277,11.025252675372354,0.0,0.14805101326753725,0.1,0.01090097427368164,0.07955408096313477,0.049650278,0.6105847,12.614897710698212,0.0,0.13775311063518356,0.0,300,0.029971599578857422,0.003626255822840995,0.0050835178494192945,475051,13.146456455444556,0.0
1606,2.805763006210327,12.22453957162217,0.876461577692905,13.028824495083349,10.7610328405045,0.0,0.15399045563404656,0.1,0.0031273365020751953,0.056852102279663086,0.049753215,0.8959895,12.57586189679061,0.0,0.13410083523350974,0.0,300,0.0305025577545166,0.0057925427601951416,0.0025774107199242917,475351,13.124415843765524,0.0
1607,2.638239622116089,12.657333411003236,0.45796673801318655,13.155138402127577,11.961850582803452,0.0,0.16216656483632547,0.1,0.0030519962310791016,0.0633096694946289,0.05009906,1.024448,12.584009048211874,0.0,0.14014756036749176,0.0,300,0.029427528381347656,0.0019843626265871757,0.002310758837099033,475651,13.168232669369806,0.0
1608,2.7002272605895996,12.849825304506012,0.18401739655187271,13.153670850342534,12.667471469181852,0.0,0.1679628641703913,0.1,0.0029859542846679688,0.059642791748046875,0.05009772,0.5963473,12.610590673841289,0.0,0.14251628356930165,0.0,300,0.03094482421875,0.004373161506018924,0.002381011184926808,475951,13.119500969885733,0.0
1609,2.6280012130737305,12.472128829235626,0.621259597339621,12.983495290712051,11.454765022573888,0.0,0.17420664947882436,0.1,0.00365447998046875,0.06053304672241211,0.05023816,0.5883575,12.596744489380724,0.0,0.13743569901845726,0.0,300,0.03635907173156738,0.004799771654395517,0.004097393855927377,476251,13.336703765448851,0.0
1610,2.671689510345459,12.36863664753237,0.8400176570108443,13.167234948394507,11.054673124389275,0.0,0.1561007168583732,0.1,0.0032994747161865234,0.05783534049987793,0.049516696,0.64110047,12.573933705195888,0.0,0.13610463554288374,0.0,300,0.030858755111694336,0.005293822959207526,0.004774806773261134,476551,13.286617255755438,0.0
1611,2.7038562297821045,13.082600687617344,0.00496358914417278,13.090553280426999,13.077475889257206,0.0,0.16564532724066708,0.1,0.003480195999145508,0.05940699577331543,0.050078858,0.9393216,12.624800403438034,0.0,0.14556557474071583,0.0,300,0.03116917610168457,0.003679650458233873,0.0018876043461624292,476851,13.364801387592754,0.0
1612,2.6357781887054443,12.706574945109935,0.2577120664333454,13.110470648784187,12.393473049083559,0.0,0.16695852514496054,0.1,0.004796504974365234,0.059961795806884766,0.049399167,0.683461,12.632977857605225,0.0,0.14054715490819086,0.0,300,0.030860424041748047,0.002627780010217553,0.0019688117599959993,477151,13.131921825494203,0.0
1613,2.6638083457946777,11.166808483315172,3.143081532787616,13.25241435080139,5.7326903879233555,0.0,0.16767192205513465,0.1,0.0073261260986328125,0.09012627601623535,0.05007553,0.42740992,12.48636092017622,0.0,0.12030960509479391,0.0,300,0.030231952667236328,0.09681421063729653,0.07175832745132522,477451,13.154675538574478,0.0
1614,2.6839449405670166,12.669055701493063,0.4856479699551319,13.068869706161545,11.838771373896275,0.0,0.16253739949700616,0.1,0.011232852935791016,0.10382604598999023,0.04983712,0.70622903,12.504630398307905,0.0,0.14017811945739794,0.0,300,0.03057408332824707,0.0320460043585241,0.007536159312075481,477751,13.207069292127585,0.0
1615,2.6728646755218506,13.077209820762366,0.00976285587051838,13.089668672888088,13.067048905487967,0.0,0.17632577460637808,0.1,0.010702848434448242,0.0872185230255127,0.049704567,0.93758696,12.56188834055335,0.0,0.1454787975203941,0.0,300,0.03119802474975586,0.010746640729638797,0.012536907405247384,478051,12.245806144342007,0.0
1616,2.7851829528808594,11.982190564723165,1.7496588590654891,13.065726409914275,8.953006206227652,0.0,0.13979294867302255,0.1,0.003072500228881836,0.05923581123352051,0.049928594,0.6585304,12.503918562970332,0.0,0.1309394399532697,0.0,300,0.03082275390625,0.03293700204689711,0.011463303568247884,478351,13.2622553146413,0.0
1617,2.781315803527832,12.802058586915221,0.1429449742653324,12.994474669379912,12.653840612929109,0.0,0.1604069919840274,0.1,0.002988576889038086,0.07987833023071289,0.048884474,1.7604679,12.53373256536482,0.0,0.14180832234793758,0.0,300,0.043385982513427734,0.004996409612782981,0.009405159684727105,478651,13.064571346049215,0.0
1618,2.736889600753784,12.785557808346487,0.08746824111640694,12.868487662242211,12.64437710054785,0.0,0.14124125839041318,0.1,0.0030546188354492188,0.1093745231628418,0.05193312,76.216446,12.558915089662987,0.0,0.14160369567147751,0.0,300,0.03248023986816406,0.006208744998119731,0.004128781354474643,478951,13.064088375190103,0.0
1619,2.782468795776367,12.266612463182806,0.9673336792423141,13.107899780252664,10.622908287451693,0.0,0.1463915129157122,0.1,0.009371280670166016,0.09846138954162598,0.0499698,0.5003197,12.52968482701497,0.0,0.13480199553075545,0.0,300,0.030145645141601562,0.00701771739304685,0.0038129186484978936,479251,13.430680380796987,0.0
1620,2.671081066131592,12.914802632287218,0.20350132254134418,13.238310357610699,12.678683058564598,0.0,0.1658340042290088,0.1,0.0062215328216552734,0.0692892074584961,0.0494792,1.5712198,12.568196607542195,0.0,0.14327690370345997,0.0,300,0.03259921073913574,0.00268502360169253,0.0023577808846283257,479551,12.909643107290359,0.0
1621,2.6641921997070312,12.712369762359337,0.4700782459541238,13.220295828142621,11.951280668935482,0.0,0.15531216948941598,0.1,0.0029778480529785156,0.05832099914550781,0.049344406,1.6563634,12.58261392302391,0.0,0.1406919746704008,0.0,300,0.03227996826171875,0.0031418037230700174,0.002617774365138524,479851,13.063089548911394,0.0
1622,2.69144344329834,12.103545485133825,1.6400326356450796,13.12545378902827,9.264148390413704,0.0,0.14993862225895105,0.1,0.0034706592559814453,0.08219003677368164,0.04961272,0.5050447,12.534707079234902,0.0,0.13242478119090795,0.0,300,0.056542158126831055,0.00967941318438797,0.006413305606780013,480151,13.09579914606251,0.0
1623,2.67738676071167,12.91922277334724,0.45223209443299656,13.331069571736895,12.172747082599406,0.0,0.15766472784459112,0.1,0.0032830238342285156,0.0946962833404541,0.050204534,0.7429012,12.573158648646135,0.0,0.14332768475392016,0.0,300,0.04019427299499512,0.0024096974244805012,0.002987123476498385,480451,13.170692782223384,0.0
1624,2.6056430339813232,12.929212412998213,0.27988121809279615,13.163758306504446,12.459407056119138,0.0,0.1550622092310099,0.1,0.003261089324951172,0.05924248695373535,0.04987589,1.7890631,12.608764025081342,0.0,0.14356452544492096,0.0,300,0.030999183654785156,0.0019130271160202172,0.0012861411492446546,480751,13.505145571590411,0.0
1625,2.700913429260254,12.961099304082694,0.21544895305297415,13.20781241062868,12.622237174025216,0.0,0.1570155691462793,0.1,0.0057909488677978516,0.07044720649719238,0.049650133,0.90796876,12.643997552981478,0.0,0.1438773712155507,0.0,300,0.030736207962036133,0.0017938825661404387,0.001504701451145568,481051,13.459542265625577,0.0
1626,2.7009410858154297,12.675469687934955,0.3865563363671465,13.250149004800013,12.216353276966467,0.0,0.15455684713130355,0.1,0.0031654834747314453,0.05835366249084473,0.050223935,0.45715073,12.647144766476828,0.0,0.140189819861074,0.0,300,0.03220415115356445,0.0028143327201576845,0.0022438292761345403,481351,13.07640074844011,0.0
1627,2.7347724437713623,13.18154581228662,0.08492025020280165,13.30324392997467,13.06356549607618,0.0,0.17310262722103564,0.1,0.0031087398529052734,0.05805373191833496,0.04985627,0.8681186,12.700584871057806,0.0,0.1468295378384712,0.0,300,0.03233599662780762,0.0016483118585524747,0.001468345314932852,481651,13.348719830944944,0.0
1628,2.743086814880371,12.67564058077008,0.8022650807147038,13.255220313476856,11.295611601453073,0.0,0.16121060429242376,0.1,0.002964019775390625,0.05815410614013672,0.050247204,0.7014624,12.698090442029034,0.0,0.1401651110954705,0.0,300,0.03081345558166504,0.003636899777213066,0.003298796053901713,481951,12.818636116254483,0.0
1629,2.6854090690612793,12.884295352430495,0.3057673447527008,13.245389622552368,12.483712920136398,0.0,0.15369653829592572,0.1,0.0030584335327148438,0.06007671356201172,0.04909376,2.396647,12.71671093306918,0.0,0.1429752773065713,0.0,300,0.033280372619628906,0.00140516028491735,0.0013070434779476382,482251,13.045518477902734,0.0
1630,2.66469407081604,12.694915706200002,0.13616018790758802,12.790914976525242,12.459906313077946,0.0,0.15709611047526267,0.1,0.00875544548034668,0.06962037086486816,0.049695145,1.056497,12.714531410382262,0.0,0.14045460999798923,0.0,300,0.030308246612548828,0.0011795694636774037,0.0011057626010759682,482551,12.835539258633558,0.0
1631,2.6851840019226074,13.102607576277698,0.09941692452532574,13.241342949158751,12.966803675496923,0.0,0.17137028901246132,0.1,0.009608030319213867,0.10740852355957031,0.04989774,1.2620275,12.753339026971807,0.0,0.14579156932264997,0.0,300,0.03119659423828125,0.0032219867715212068,0.002120563878743813,482851,13.096836662149911,0.0
1632,2.732452154159546,12.984564303990723,0.1585287490513261,13.184136262292029,12.745073802635618,0.0,0.16301296446196917,0.1,0.003009796142578125,0.05981636047363281,0.04972506,1.0012008,12.776461554673698,0.0,0.1443365165243733,0.0,300,0.02981114387512207,0.0015750244034926947,0.001658721156280427,483151,12.864569018184092,0.0
1633,2.6908349990844727,13.001955317676268,0.18439433658932985,13.215084440722622,12.756382984394545,0.0,0.1647293669956769,0.1,0.0030083656311035156,0.05754542350769043,0.050434615,0.6551498,12.799010930973957,0.0,0.14441746372173808,0.0,300,0.03029155731201172,0.0019361376882039872,0.0013029484638613646,483451,13.150315472270826,0.0
1634,2.8745861053466797,12.800726441070415,0.5743399609471237,13.234442725063152,11.813304729372778,0.0,0.15776275611515875,0.1,0.002977132797241211,0.09757876396179199,0.04887894,0.53254634,12.799182481983603,0.0,0.14181409816730667,0.0,300,0.03852057456970215,0.00318551822297237,0.0019383427085298904,483751,13.058116686516394,0.0
1635,2.6071290969848633,13.128882396185872,0.04860424475207668,13.212628012835504,13.093973533795452,0.0,0.16754902582555856,0.1,0.003693819046020508,0.09194064140319824,0.050320357,0.93106335,12.83215247340383,0.0,0.1461445836736422,0.0,300,0.048781394958496094,0.001675244292582516,0.0017462806799912385,484051,13.335185948810908,0.0
1636,2.6282496452331543,12.616276660621823,0.3022294734182437,12.938460982278578,12.14989382312605,0.0,0.1523333286735127,0.1,0.0032782554626464844,0.10134768486022949,0.04978002,2.7040412,12.81056489212563,0.0,0.13943425441342344,0.0,300,0.03142261505126953,0.003940257789822978,0.002503158220239395,484351,12.802724892216737,0.0
1637,2.6457715034484863,12.704052339757299,0.6783816642980236,13.170416711359742,11.534065586927078,0.0,0.15604552558816123,0.1,0.0033180713653564453,0.059190988540649414,0.049655367,0.78756064,12.799913636888796,0.0,0.140612383061082,0.0,300,0.058347225189208984,0.0023315507955253144,0.00206187118763397,484651,13.336810262725052,0.0
1638,2.68418550491333,12.547062932397719,0.587217152963266,12.954164863959626,11.532772988863861,0.0,0.1665375157027223,0.1,0.003407001495361328,0.09568142890930176,0.049333096,0.5398247,12.77462856643969,0.0,0.13850328964275896,0.0,300,0.03657412528991699,0.003194756130723341,0.0030190655234285544,484951,13.260197946515406,0.0
1639,2.61318039894104,12.663581298321988,0.7632894591965994,13.208023615200803,11.346256013039481,0.0,0.1617742830438084,0.1,0.003110647201538086,0.0589146614074707,0.049787898,0.8739723,12.76352383962792,0.0,0.1400011782480022,0.0,300,0.03290224075317383,0.004724991070013359,0.0038525452136637965,485251,13.243532540356435,0.0
1640,2.7202420234680176,12.425622765517529,0.6838620068384832,13.308450096725723,11.391719984605167,0.0,0.16524240539238977,0.1,0.0030364990234375,0.11385083198547363,0.049682107,1.1331409,12.729733732216882,0.0,0.1369973889212053,0.0,300,0.030861616134643555,0.003744620658624496,0.003755930774801961,485551,13.090728292624666,0.0
1641,2.724703788757324,13.138592152354581,0.09877371522182257,13.294927630869731,13.0212784620846,0.0,0.15947613875211727,0.1,0.01461338996887207,0.05936408042907715,0.050660793,5.2928715,12.770619574230652,0.0,0.14622194504066502,0.0,300,0.03414154052734375,0.0036788182149411625,0.0017949674854842235,485851,13.226231108321613,0.0
1642,2.708876609802246,13.019733401433761,0.11680826909435736,13.191713866112828,12.864874879952337,0.0,0.1692073247019186,0.1,0.0029935836791992188,0.10996437072753906,0.05008237,0.70854837,12.795530956950964,0.0,0.14468453544653645,0.0,300,0.03271341323852539,0.0010639494121134462,0.0014996733916102887,486151,13.34720460133588,0.0
1643,2.6798031330108643,13.206171246140217,0.058280933118447946,13.301037579258756,13.144296765395268,0.0,0.17047898264446884,0.1,0.008416891098022461,0.08801603317260742,0.050022252,0.68764055,12.83659498586989,0.0,0.14716294035962285,0.0,300,0.03341865539550781,0.0010650003915035784,0.0010312418640242385,486451,13.158732393659855,0.0
1644,2.6921117305755615,12.986659038635203,0.21864418476950429,13.17121202578975,12.614178488761626,0.0,0.1579719085664448,0.1,0.0030045509338378906,0.10452008247375488,0.050169207,0.9987548,12.851601391146422,0.0,0.14429869329436953,0.0,300,0.030521392822265625,0.00204184790347576,0.0017781388550221523,486751,13.092398148185339,0.0
1645,2.7321717739105225,12.522655602045027,0.43306315280792446,13.038582642956584,11.881401520503236,0.0,0.1603163213304115,0.1,0.003023862838745117,0.0911099910736084,0.04969161,1.007088,12.818706812236282,0.0,0.1381295302462486,0.0,300,0.03153085708618164,0.0028210988330965503,0.0019479920605354971,487051,13.269138512846608,0.0
1646,2.698620557785034,12.37514125296786,0.45795631277057713,12.669154406835837,11.583585242420115,0.0,0.1693778352024172,0.1,0.003107309341430664,0.05903983116149902,0.050062317,0.6258728,12.77435025630944,0.0,0.13624140240270816,0.0,300,0.05821394920349121,0.00525676413185814,0.004126930943457515,487351,13.326793956795562,0.0
1647,2.693469762802124,12.78224800523359,0.4054555554241311,13.233588253062107,12.353059651598098,0.0,0.16900101374866913,0.1,0.006477832794189453,0.07402396202087402,0.04911803,0.97609174,12.775140031201856,0.0,0.14160065113037082,0.0,300,0.03293657302856445,0.0026402363287478677,0.0022021461349300882,487651,13.138685513582141,0.0
1648,2.6185176372528076,12.321625814249089,0.5916669018951269,12.988288744462118,11.47854176379602,0.0,0.14551621594565672,0.1,0.003500223159790039,0.061743974685668945,0.048669707,1.876475,12.72978860950658,0.0,0.13559382317254992,0.0,300,0.030658721923828125,0.005933966900693383,0.0023739130917063158,487951,13.389050040277736,0.0
1649,2.578766107559204,12.597434285400146,0.5138761174258758,13.167068712047966,11.998102427163136,0.0,0.16999174626859134,0.1,0.0032057762145996094,0.05927443504333496,0.049849413,0.9018984,12.716553177095935,0.0,0.1392133839933188,0.0,300,0.05815434455871582,0.0026177584456326154,0.003282627507163646,488251,13.092819689042564,0.0
1650,2.624268054962158,12.889354012304036,0.1702981350061455,13.154677503291971,12.738931634019254,0.0,0.16828972994938984,0.1,0.0032906532287597656,0.05760693550109863,0.04981873,0.5285234,12.733833260616747,0.0,0.1429648779373546,0.0,300,0.030238866806030273,0.0049140804143910964,0.0018682887970626662,488551,13.00699646072355,0.0
1651,2.5965845584869385,12.980341859353262,0.13868689832307307,13.1454879495115,12.776231579727456,0.0,0.15749993934120762,0.1,0.0031845569610595703,0.05778074264526367,0.04985791,1.8530794,12.758484120490397,0.0,0.14418877114227838,0.0,300,0.030541419982910156,0.0035790819656429528,0.002040147161796861,488851,13.029192844598747,0.0
1652,2.6533443927764893,12.956637963775073,0.2107509535230001,13.16547404391187,12.64548627280888,0.0,0.1592801894784782,0.1,0.005834341049194336,0.057468414306640625,0.049922664,0.672447,12.778299504818865,0.0,0.14386122794140177,0.0,300,0.030804872512817383,0.0013464137636264933,0.0018570278887239632,489151,13.179364976570602,0.0
1653,2.698002338409424,12.832544863473506,0.6407089717977968,13.344454003205572,11.733626559445419,0.0,0.150700373454991,0.1,0.0032587051391601562,0.09022831916809082,0.04999288,0.6423927,12.78372404068433,0.0,0.14219302961990743,0.0,300,0.030350208282470703,0.0021161744322077537,0.0017879643248917855,489451,13.396963664449535,0.0
1654,2.6969285011291504,12.774360241683503,0.8331367989882696,13.33320682504936,11.333827571325733,0.0,0.16410530359697775,0.1,0.0032095909118652344,0.06002974510192871,0.050007552,0.7780312,12.782787660784248,0.0,0.1415173945357578,0.0,300,0.03006768226623535,0.0033763942567556766,0.00305616042169753,489751,13.262478035980761,0.0
1655,2.641486644744873,12.654963375652141,0.45422636848288467,13.117874156975748,11.903464815681033,0.0,0.15932397667901646,0.1,0.0031540393829345703,0.06028389930725098,0.048936244,1.0728478,12.770005232271037,0.0,0.14001163660878269,0.0,300,0.030553340911865234,0.001923549680933626,0.00195885993217482,490051,13.537200448869292,0.0
1656,2.5671908855438232,13.068953195477112,0.11859119312616062,13.243818477351487,12.912600971334232,0.0,0.17742525054533456,0.1,0.0030999183654785156,0.10813307762145996,0.049226426,1.205508,12.799900028591646,0.0,0.14534767157668402,0.0,300,0.03165888786315918,0.002445816314736576,0.0015947512934859644,490351,13.266815045167993,0.0
1657,2.6324169635772705,12.703569293392208,0.3292984386689186,13.129703412682941,12.215940341386311,0.0,0.15933489295653552,0.1,0.014567852020263672,0.0747673511505127,0.050408114,0.71071464,12.7902669550717,0.0,0.14051793385312422,0.0,300,0.03291440010070801,0.0024871746613050793,0.001856735604200855,490651,13.33185178524669,0.0
1658,2.675441265106201,13.004117219207762,0.2891092254300024,13.314140597618815,12.638700413936656,0.0,0.14434107752673928,0.1,0.003083467483520508,0.05891156196594238,0.049644094,0.8378804,12.811651981485307,0.0,0.1444790370774487,0.0,300,0.05776190757751465,0.0010580909559647974,0.0012663164833426235,490951,13.231912360740955,0.0
1659,2.6838486194610596,13.120708614156195,0.10187780968261792,13.279311462078576,13.019796162682315,0.0,0.1726509910968891,0.1,0.003104686737060547,0.06024026870727539,0.049758583,1.0223947,12.842557644752397,0.0,0.14600517840929855,0.0,300,0.030881404876708984,0.0023370315778049244,0.001406924632389921,491251,13.509155729120442,0.0
1660,2.6287951469421387,12.925161385261127,0.3717203318613946,13.360285549411191,12.371262234304224,0.0,0.15871176698607012,0.1,0.003074169158935547,0.061849117279052734,0.050185636,0.77324665,12.85081801880327,0.0,0.14344602533025597,0.0,300,0.05176854133605957,0.0009679308169344576,0.000966009644736979,491551,13.38615871426436,0.0
1661,2.643265962600708,13.07793120156208,0.2173341198205245,13.244680019130788,12.704928785976769,0.0,0.15764967643829736,0.1,0.003055095672607422,0.0582733154296875,0.050089456,1.5389528,12.873529337079152,0.0,0.14542730302224266,0.0,300,0.031152009963989258,0.0012950978111715033,0.001230313480560837,491851,13.145158236598968,0.0
1662,2.6744019985198975,13.032178813026654,0.23420859273551203,13.284761147456829,12.65912431303479,0.0,0.17319408279886014,0.1,0.003070831298828125,0.05898594856262207,0.05016061,0.60758543,12.889394284673902,0.0,0.14490869502696482,0.0,300,0.029836177825927734,0.0018789558712603144,0.0016123869752112101,492151,13.383286406872655,0.0
1663,2.667344808578491,12.563000825660575,0.566059433639011,13.160736444597433,11.807346260701872,0.0,0.1660461133826797,0.1,0.003057241439819336,0.058690547943115234,0.049558323,0.5297964,12.856754938772568,0.0,0.1387540661260934,0.0,300,0.03233218193054199,0.0030740741464108886,0.0024313038216168844,492451,13.484238174518,0.0
1664,2.645209550857544,13.303346705548442,0.12270531140348653,13.441603175892821,13.11590989974839,0.0,0.17204198242693042,0.1,0.003038644790649414,0.060869693756103516,0.050260007,1.534035,12.901414115450155,0.0,0.14844194682626904,0.0,300,0.030209779739379883,0.0023811085862203134,0.0017193674000910073,492751,13.542342301810365,0.0
1665,2.611844539642334,13.168052161911731,0.09429616731577899,13.270157989958536,13.068738671916613,0.0,0.1670034875919306,0.1,0.0031175613403320312,0.10041046142578125,0.049724065,0.62139666,12.928077920096314,0.0,0.14666034692826427,0.0,300,0.03052043914794922,0.0012436294287091173,0.0014806068791092261,493051,13.422331601136511,0.0
1666,2.6516170501708984,12.954200975040207,0.23487185685511816,13.230830424085205,12.58833709922328,0.0,0.16195173652996467,0.1,0.002998828887939453,0.05774736404418945,0.050034657,0.66092294,12.930690225590704,0.0,0.14390583402356097,0.0,300,0.06940484046936035,0.002351753280097864,0.0019452755042102473,493351,13.500943269130394,0.0
1667,2.6663269996643066,12.745758209753268,0.7314440261180752,13.215121258678737,11.481219202971587,0.0,0.14961256891996544,0.1,0.002972841262817383,0.10725855827331543,0.04971173,0.56217235,12.91219702400696,0.0,0.1411484449468542,0.0,300,0.032382965087890625,0.002479512864681503,0.002276935237464069,493651,13.426929705420628,0.0
1668,2.753251552581787,13.041919917871198,0.1108399449684081,13.138241225959652,12.853355881982854,0.0,0.16610040423244035,0.1,0.003065824508666992,0.05862855911254883,0.04989976,0.74075526,12.925169313393384,0.0,0.1449790968016036,0.0,300,0.03283858299255371,0.002062995335686089,0.001689846021402953,493951,13.356614324044124,0.0
1669,2.646031141281128,12.910436229702388,0.2808345282668986,13.262636744401695,12.571804904346433,0.0,0.17010375726206164,0.1,0.002978086471557617,0.05890178680419922,0.049644038,0.8317925,12.923696005024285,0.0,0.14331779791242655,0.0,300,0.03260517120361328,0.0010970668532610374,0.0010896223158931794,494251,13.370144965722863,0.0
1670,2.6481118202209473,12.838318713195125,0.4488277236494848,13.139999841231239,12.063349285793146,0.0,0.15885974741901426,0.1,0.003033161163330078,0.058724403381347656,0.049576286,0.74705833,12.915158275841367,0.0,0.1423142495988712,0.0,300,0.032868146896362305,0.0017605331587472483,0.001554108452696431,494551,13.394804583863518,0.0
1671,2.6249377727508545,13.195155715162013,0.08054406039460839,13.316464501517215,13.089795609424137,0.0,0.1714827166140059,0.1,0.003047943115234375,0.0585169792175293,0.04972836,0.73853284,12.943158019773431,0.0,0.147032279929224,0.0,300,0.03262829780578613,0.0009908108394301343,0.0008077927513303697,494851,13.412987549203612,0.0
1672,2.78902530670166,12.792605802901432,0.508883907537337,13.31989864661614,11.990211823761632,0.0,0.15238425093044636,0.1,0.002996683120727539,0.08877372741699219,0.049813844,1.2703868,12.928102798086233,0.0,0.14160615784689579,0.0,300,0.03043818473815918,0.002933052427937025,0.0023053512228662872,495151,13.408463068733537,0.0
1673,2.5916974544525146,12.426703001302524,0.5729318341280574,13.066560371913019,11.81756348366007,0.0,0.1511251539138685,0.1,0.003592967987060547,0.059935808181762695,0.050236758,0.51997656,12.877962818407862,0.0,0.1370066434455883,0.0,300,0.030656814575195312,0.002200646321067535,0.0017580419786976313,495451,13.349576558365648,0.0
1674,2.6253581047058105,13.083796143960095,0.13562987451450528,13.21263986887382,12.85655262366727,0.0,0.15613994558029237,0.1,0.003427267074584961,0.05928754806518555,0.050322678,1.3186913,12.898546150963087,0.0,0.14552321746817298,0.0,300,0.032938241958618164,0.0017228721844955103,0.0012648508402068686,495751,13.194842612032373,0.0
1675,2.550645351409912,12.614718879408692,0.6017366839055478,13.12911653213885,11.592129943264846,0.0,0.16012044348048848,0.1,0.0033881664276123047,0.0606083869934082,0.050120804,0.71110344,12.870163423807648,0.0,0.13957421154113386,0.0,300,0.030579805374145508,0.003920655585231947,0.0024944902929500768,496051,13.231090773519732,0.0
1676,2.581166982650757,13.12047704828351,0.11696857248365411,13.257912263206991,12.936027513228547,0.0,0.16661531672292196,0.1,0.019988536834716797,0.0577092170715332,0.049692065,0.67416126,12.895194786255235,0.0,0.14605078956154255,0.0,300,0.0334477424621582,0.002317426498928036,0.0015597197302744993,496351,13.263404784976018,0.0
1677,2.65376877784729,12.861905964477172,0.36563252428740856,13.25510464210167,12.262862684161556,0.0,0.16176503762073988,0.1,0.003304004669189453,0.06352496147155762,0.05019563,0.96953154,12.891865904077429,0.0,0.14278079511916403,0.0,300,0.02912306785583496,0.0017472895097861388,0.0017850464822350785,496651,13.47297982364182,0.0
1678,2.661271572113037,12.530938507744803,0.7016036638105431,13.113932986031969,11.347056602887935,0.0,0.1541660694585011,0.1,0.003240346908569336,0.061981201171875,0.04946712,0.56626564,12.855773164444166,0.0,0.13818634628860021,0.0,300,0.031246662139892578,0.003550079284911019,0.0030031915184550837,496951,13.371110332465271,0.0
1679,2.5638229846954346,12.38277558003908,1.131806751135717,13.271342511667648,10.470019104617508,0.0,0.15065936239061153,0.1,0.003360271453857422,0.09543824195861816,0.050142482,0.6361705,12.808473406003658,0.0,0.13631328348591484,0.0,300,0.030756235122680664,0.00524518248643928,0.004738729025719806,497251,13.051031528835175,0.0
1680,2.588974952697754,13.043159434793626,0.10667146303835638,13.194002744047806,12.92093132354232,0.0,0.1576546650674154,0.1,0.003278493881225586,0.059462547302246094,0.05034144,1.472658,12.831942008882656,0.0,0.1449869544648844,0.0,300,0.06486082077026367,0.003705072141383665,0.0014305965568888735,497551,13.360921950546405,0.0
1681,2.571800947189331,13.182714094720735,0.04093908264342233,13.241522519731461,13.128012676946277,0.0,0.16618846492398207,0.1,0.0031692981719970703,0.06031680107116699,0.050402243,0.8791344,12.867019217466463,0.0,0.14683307375472093,0.0,300,0.030562877655029297,0.0016267882330883853,0.0017710967989472812,497851,13.283508006927237,0.0
1682,2.6696112155914307,13.17288866963107,0.18146804544052705,13.325857862772027,12.863033369471955,0.0,0.16180086741835142,0.1,0.0032286643981933594,0.05859088897705078,0.04976183,2.839964,12.897606162682925,0.0,0.1467415452186842,0.0,300,0.03128337860107422,0.0020102943511325464,0.0015125041763116311,498151,13.404415209440598,0.0
1683,2.691816806793213,12.838489830729443,0.6536413888994037,13.317670058118342,11.718431068002358,0.0,0.14037036709956593,0.1,0.017725706100463867,0.08683061599731445,0.049407188,1.4044722,12.891694529487577,0.0,0.14229840323505233,0.0,300,0.03032231330871582,0.0034229587884939475,0.0026991012888629607,498451,13.390753742976111,0.0
1684,2.6287176609039307,12.998417817956806,0.2288485142822789,13.258761845083791,12.648726329965374,0.0,0.16148061385885906,0.1,0.003078937530517578,0.05789613723754883,0.04875295,0.8410347,12.902366858334501,0.0,0.14434511033433176,0.0,300,0.030463457107543945,0.0012772008438721126,0.001352235442926136,498751,13.427137915458983,0.0
1685,2.629621982574463,13.234181298595049,0.0595991367245346,13.294984322419866,13.13809503612593,0.0,0.1652514315344399,0.1,0.0031900405883789062,0.05797433853149414,0.049727473,0.9939685,12.935548302360555,0.0,0.14752947106200945,0.0,300,0.030215024948120117,0.0018309132806303527,0.0014653495547221349,499051,13.278578339841088,0.0
1686,2.666454315185547,13.201506422071784,0.12354250133638237,13.398417050616548,13.057824750940677,0.0,0.16162224296187033,0.1,0.00318145751953125,0.0941171646118164,0.0500978,0.75946796,12.962144114331679,0.0,0.14711593252953936,0.0,300,0.03585696220397949,0.0009630079393621089,0.0007712061223287659,499351,13.392432053354867,0.0
1687,2.7110438346862793,13.161944185545732,0.09562081677452214,13.260366808965063,13.012362073342757,0.0,0.17083963444685418,0.1,0.003186941146850586,0.05908989906311035,0.050031353,0.8991515,12.982124121453085,0.0,0.1465690047830222,0.0,300,0.030872583389282227,0.0018299349923512414,0.0017819087080508935,499651,13.402876345045106,0.0
1688,2.679321050643921,13.161833901728933,0.1164836586822923,13.312081544164668,13.016073024073489,0.0,0.16172573703673243,0.1,0.013705968856811523,0.05998635292053223,0.050191626,0.7582693,13.00009509948067,0.0,0.14656339740086852,0.0,300,0.03237485885620117,0.0010347166518408335,0.0008040809988401264,499951,13.394653930236702,0.0
1689,2.55983304977417,12.91532808291267,0.16536415199287843,13.127629120299291,12.697625823456274,0.0,0.1647501049743737,0.1,0.0032761096954345703,0.07485198974609375,0.050108455,0.80408883,12.99161839782387,0.0,0.14335889026487791,0.0,300,0.047722578048706055,0.0013478190854385324,0.0011740856557081656,500251,13.328064235858244,0.0
1690,2.601569652557373,12.890482734480742,0.41764753451176256,13.22790233326241,12.17508142760268,0.0,0.16615374222137938,0.1,0.003200531005859375,0.061925649642944336,0.049926303,0.9560004,12.981504831489557,0.0,0.14301515568954432,0.0,300,0.03475046157836914,0.002436986299590621,0.002100716041077773,500551,13.32152953558799,0.0
1691,2.565150499343872,13.046016105544926,0.2183964548487069,13.408637977384414,12.841185023473509,0.0,0.1704909502648606,0.1,0.00663304328918457,0.0805201530456543,0.04995626,0.59900236,12.987955958895094,0.0,0.1450872676182369,0.0,300,0.03045821189880371,0.0012870484228213659,0.0012106579108083217,500851,13.221345150433566,0.0
1692,2.6835029125213623,13.162534019503509,0.08297939119039428,13.270073587808817,13.038742060154833,0.0,0.16201835498047068,0.1,0.0032820701599121094,0.05761241912841797,0.048854508,1.715926,13.005413764955936,0.0,0.1465463498212241,0.0,300,0.03682684898376465,0.0014307081343376612,0.0012748123519345708,501151,13.375844611421646,0.0
1693,2.6072440147399902,12.98383490667078,0.35835463023157055,13.449200054428387,12.44666128537918,0.0,0.1637069145364301,0.1,0.0032727718353271484,0.08522176742553711,0.049913917,0.75819975,13.00325587912742,0.0,0.14429762795962797,0.0,300,0.03341197967529297,0.0023741332857684233,0.0015590875160885007,501451,13.292998554683244,0.0
1694,2.6889290809631348,13.120423828880863,0.15903526525977493,13.38305009849053,12.974152602316734,0.0,0.16261664046346513,0.1,0.003303050994873047,0.1061086654663086,0.05050995,0.8666803,13.014972674102765,0.0,0.1460385379289541,0.0,300,0.030986309051513672,0.0013657075518923583,0.0009471018971773047,501751,13.456864945791315,0.0
1695,2.629350185394287,12.826652393956305,0.29342523884338,13.219036002468222,12.40088186213759,0.0,0.16415715331627243,0.1,0.0034399032592773438,0.07739377021789551,0.050322957,0.75047165,12.996140646088119,0.0,0.14232317735627975,0.0,300,0.030925989151000977,0.002425904949713248,0.0020483863551317336,502051,13.322940720424958,0.0
1696,2.6107795238494873,13.06887968856272,0.07121778886559656,13.143500627680721,12.956244292767972,0.0,0.16859803220490843,0.1,0.0032258033752441406,0.06189322471618652,0.050397255,0.8943915,13.003414550335581,0.0,0.1453973870757061,0.0,300,0.0706491470336914,0.001434167903310232,0.0011611623360744713,502351,13.520629995625447,0.0
1697,2.6740081310272217,13.158502324717432,0.1070747930751082,13.259634861768294,13.006506835518522,0.0,0.16822436530340634,0.1,0.0032172203063964844,0.05965566635131836,0.0502028,0.69352835,13.018923327773766,0.0,0.1464675810353501,0.0,300,0.033673763275146484,0.001328829719884481,0.0010015665841213454,502651,13.36411670021433,0.0
1698,2.6011805534362793,12.896503730205733,0.3795782665311378,13.1573217835863,12.240675576449362,0.0,0.15698280619814975,0.1,0.017470121383666992,0.09515690803527832,0.050145555,0.8307767,13.006681368016963,0.0,0.14311558922076395,0.0,300,0.030458450317382812,0.0018896997088190897,0.0017537985700769088,502951,13.522167388779218,0.0
1699,2.711106061935425,12.958078471599409,0.1503242274115234,13.071973760225456,12.699456521768466,0.0,0.15639309242129676,0.1,0.003153562545776367,0.059888601303100586,0.04960339,0.8972332,13.001821078375208,0.0,0.1438206969578414,0.0,300,0.03225541114807129,0.0009421213969022884,0.0009393228206956305,503251,13.543313434550733,0.0
1700,2.6883928775787354,12.710519161211504,0.7149403276304197,13.321099699076234,11.491903966981289,0.0,0.14715885433062456,0.1,0.0032558441162109375,0.060732126235961914,0.050215863,0.57904375,12.972690886658839,0.0,0.14056892552595995,0.0,300,0.04845547676086426,0.002128738797153486,0.0019432395031422707,503551,13.40877305417633,0.0
1701,2.6777050495147705,13.150992896075199,0.2532472764947253,13.446993021106413,12.775562121546109,0.0,0.1690563551628636,0.1,0.003258943557739258,0.06151890754699707,0.05008238,1.0747434,12.990521087600476,0.0,0.14646825978509276,0.0,300,0.03090953826904297,0.001325665070899045,0.001033001878001498,503851,13.442283685781613,0.0
1702,2.6706252098083496,13.027271813464763,0.3853487721033356,13.295117237061387,12.361855260189463,0.0,0.15797107206586167,0.1,0.009219646453857422,0.09876155853271484,0.049714833,1.1428051,12.994196160186904,0.0,0.1447961685602625,0.0,300,0.030915021896362305,0.0012982470233534964,0.0012831298000214513,504151,13.389124465283716,0.0
1703,2.677767038345337,12.533494714471447,0.9719963804102754,13.204892891893897,10.860440470462464,0.0,0.14746575278720797,0.1,0.0032541751861572266,0.0595090389251709,0.050721407,0.37215155,12.948126015615358,0.0,0.1383894710153216,0.0,300,0.031774282455444336,0.004542592870623728,0.0032950838474823723,504451,13.479874740486217,0.0
1704,2.651451826095581,12.617401510513293,0.5699829595660413,13.37479858747095,11.907730862627162,0.0,0.14795965395060345,0.1,0.003267526626586914,0.05976462364196777,0.050016817,0.82199204,12.915053565105152,0.0,0.13935952255738127,0.0,300,0.03242182731628418,0.0022171366101158933,0.0019020484662906675,504751,13.416258633303064,0.0
1705,2.6553232669830322,13.253190015471905,0.05665466542255022,13.308836414959574,13.180904204661873,0.0,0.15105390772981522,0.1,0.003203153610229492,0.059741973876953125,0.049313143,2.004406,12.94886721014183,0.0,0.14774236232307647,0.0,300,0.03126955032348633,0.0029155159393399977,0.0016877293830373495,505051,13.452198341505017,0.0
1706,2.6535263061523438,12.58401197122585,1.1517965202801788,13.304058295244404,10.589922454917696,0.0,0.14968034693456045,0.1,0.007792949676513672,0.06202054023742676,0.04998507,0.665108,12.912381686250232,0.0,0.13900416114028138,0.0,300,0.03400683403015137,0.007714614704910899,0.006161050157841667,505351,13.502159472841521,0.0
1707,2.6296255588531494,13.0884872585501,0.1267763736333193,13.26137190859934,12.936353954027501,0.0,0.16285102396821927,0.1,0.0076253414154052734,0.06849169731140137,0.050540674,0.7552982,12.929992243480218,0.0,0.1455611417431746,0.0,300,0.03065943717956543,0.0031643439690812766,0.0012588368288222543,505651,13.403092344420074,0.0
1708,2.6643033027648926,13.15508444668847,0.15361906137839895,13.375836196254642,12.954682558277586,0.0,0.16560604368130669,0.1,0.003267049789428711,0.057514190673828125,0.050199497,0.9795888,12.952501463801044,0.0,0.14644449618537075,0.0,300,0.034774065017700195,0.0013925681211905158,0.0017087233996849248,505951,13.309273884260302,0.0
1709,2.7143895626068115,13.074841873866431,0.11135924763469383,13.220785275846438,12.909207107644285,0.0,0.1680190066740893,0.1,0.0031676292419433594,0.057740211486816406,0.049937997,0.7352057,12.964735504807583,0.0,0.1454140600460229,0.0,300,0.06186103820800781,0.0019759970129378172,0.0013851792175083686,506251,13.16893808801174,0.0
1710,2.700119733810425,12.8084076037075,0.38823665578408373,13.221689676508397,12.208016737496065,0.0,0.15287780931245154,0.1,0.003234386444091797,0.06179094314575195,0.049793538,0.5093582,12.949102714697576,0.0,0.14194597295885555,0.0,300,0.031209945678710938,0.001890410901993897,0.0014017432046302429,506551,13.36988727038147,0.0
1711,2.70544695854187,13.150256193217292,0.18143799993237178,13.379128866422034,12.880686434970594,0.0,0.1625595736515648,0.1,0.003158092498779297,0.07080411911010742,0.05024135,1.9174833,12.969218062549547,0.0,0.14640925105028618,0.0,300,0.030667543411254883,0.0010947378679720201,0.0010882311478155207,506851,13.538464734015436,0.0
1712,2.7083535194396973,13.224993345703613,0.06531326049546807,13.312636692764674,13.134879462208461,0.0,0.16284182436002478,0.1,0.008394956588745117,0.07751655578613281,0.049886487,2.162388,12.994795590864955,0.0,0.14739690352198068,0.0,300,0.030997753143310547,0.001310337420678649,0.001110163307315137,507151,13.466860227989836,0.0
1713,2.6423556804656982,13.082228064631732,0.0817742930941774,13.216407308073506,12.994828073911044,0.0,0.1589890284467398,0.1,0.0032355785369873047,0.11119556427001953,0.050055813,0.98016584,13.003538838241631,0.0,0.14547203118660296,0.0,300,0.031076669692993164,0.0011062090510483183,0.0011482098974978717,507451,13.35119303041838,0.0
1714,2.650402545928955,12.944769452997061,0.15330891516694797,13.094586713122656,12.68963852382054,0.0,0.16713061218035266,0.1,0.0031502246856689453,0.057852745056152344,0.05044114,0.61896527,12.997661899717174,0.0,0.14374159418922583,0.0,300,0.028728485107421875,0.0012429569497722373,0.0009559061466500625,507751,13.383402294136323,0.0
1715,2.7512452602386475,11.420386675646082,2.1406681737417528,13.246081868608298,7.992051096964566,0.0,0.14577982125192143,0.1,0.003181934356689453,0.0600283145904541,0.051721606,0.3770568,12.839934377310065,0.0,0.12363322456371817,0.0,300,0.031031131744384766,0.026128388688764752,0.01913641326884851,508051,13.44624159500838,0.0
1716,2.742072105407715,12.700706779683474,0.6580824942610103,13.214470114693626,11.576336437572966,0.0,0.15537060091759303,0.1,0.0030956268310546875,0.0607302188873291,0.049932275,0.95721537,12.826011617547406,0.0,0.14052484239540647,0.0,300,0.030352354049682617,0.00600924369546628,0.004181247355257798,508351,12.913308480929672,0.0
1717,2.716655969619751,12.990143534584206,0.2488231914623713,13.291199392804112,12.622588650827902,0.0,0.16067078666564408,0.1,0.011513710021972656,0.11274147033691406,0.05046566,1.2167568,12.842424809251087,0.0,0.14429846834915164,0.0,300,0.03130078315734863,0.004159614634376066,0.0028411151736089935,508651,13.35514133608172,0.0
1718,2.636363983154297,12.641365395721124,0.5298683748615768,13.145570832246271,11.837538224630043,0.0,0.15787259891639982,0.1,0.003215789794921875,0.059508562088012695,0.050266583,0.798601,12.82231886789809,0.0,0.13971290622320343,0.0,300,0.030931711196899414,0.005556066355117537,0.0031054203065420728,508951,13.437019352644404,0.0
1719,2.675480604171753,12.360295386978288,1.0575195656423642,13.242219584505895,10.57423829331087,0.0,0.13198428874085064,0.1,0.0032122135162353516,0.059648990631103516,0.049183063,0.74631476,12.77611651980611,0.0,0.13608726775380076,0.0,300,0.031102418899536133,0.004259146954875071,0.0038687247130645324,509251,13.213840412478335,0.0
1720,2.6498043537139893,12.977586308824453,0.09163426705539084,13.111153116224266,12.85437058914247,0.0,0.16589557042889425,0.1,0.0032663345336914062,0.05955648422241211,0.049606375,0.68022525,12.796263498707944,0.0,0.14410155162510935,0.0,300,0.03129100799560547,0.003262054315372582,0.0020716379858936396,509551,12.931879983955296,0.0
1721,2.665217399597168,13.034689573695209,0.15601333496247394,13.263402264488409,12.823285473222748,0.0,0.1584688070034511,0.1,0.003265857696533203,0.06180310249328613,0.04988499,1.0504249,12.820106106206671,0.0,0.1448703916911806,0.0,300,0.03286004066467285,0.001951667633442782,0.0013898791501891954,509851,13.160339258629419,0.0
1722,2.711270570755005,13.22858199767574,0.1758855771271221,13.466239937722197,12.985284409482274,0.0,0.16021463522047052,0.1,0.0034270286560058594,0.10382699966430664,0.050216164,2.1296055,12.86095369535358,0.0,0.14744867090192204,0.0,300,0.037618398666381836,0.0018834801803207539,0.0016031886392214923,510151,12.30937583576997,0.0
1723,2.704622268676758,13.001402140041833,0.2059670800254533,13.223497253245668,12.688026235997071,0.0,0.16170996634538032,0.1,0.0032036304473876953,0.05917000770568848,0.050492942,0.72945994,12.874998539822405,0.0,0.14445852162540213,0.0,300,0.03392171859741211,0.0015779805407083447,0.0015631550198925812,510451,12.724510069119928,0.0
1724,2.7562427520751953,13.14268813183756,0.27172267465510075,13.419829184004602,12.695676387093894,0.0,0.1510313066545564,0.1,0.003103017807006836,0.1206977367401123,0.049899105,17.977135,12.901767499023922,0.0,0.14629296635715935,0.0,300,0.03327369689941406,0.0012432822410733302,0.0010877347797036577,510751,13.392391322598543,0.0
1725,2.696890354156494,12.905386981726773,0.3003228202612385,13.249664494177692,12.556253944969393,0.0,0.15147429309787525,0.1,0.0031588077545166016,0.0641021728515625,0.049678043,0.994079,12.902129447294207,0.0,0.14309822895423652,0.0,300,0.04598283767700195,0.0015639942165064967,0.0012548713103676162,511051,13.558926908365612,0.0
1726,2.6854021549224854,12.916392070719406,0.4990980072682293,13.240749840804167,12.053068804714774,0.0,0.16242633263195133,0.1,0.0031499862670898438,0.10540390014648438,0.04955298,0.51417226,12.903555709636727,0.0,0.14336298421874955,0.0,300,0.030655384063720703,0.0016000959985656875,0.001384914294532986,511351,13.408346345116124,0.0
1727,2.669503927230835,13.134688518300242,0.1085314990666689,13.307655147364096,13.038562199428107,0.0,0.16482741238449578,0.1,0.0030434131622314453,0.0614931583404541,0.04956758,0.9865978,12.926668990503078,0.0,0.14619454109913294,0.0,300,0.030827760696411133,0.0014019349709011634,0.0013393589149958275,511651,13.435498196911581,0.0
1728,2.642195224761963,13.126065668617041,0.07665887483457397,13.238821440387941,13.026198961551218,0.0,0.1740073076875594,0.1,0.013227701187133789,0.09931111335754395,0.049991027,0.89167386,12.946608658314476,0.0,0.14611806269460095,0.0,300,0.031164884567260742,0.0017104247003371926,0.0014492376831531126,511951,13.527765913976182,0.0
1729,2.7086660861968994,13.031639429241721,0.23717840821575695,13.2200716194165,12.6307476173983,0.0,0.15466099757696736,0.1,0.003392457962036133,0.05971789360046387,0.050371755,1.452941,12.9551117354072,0.0,0.14487113563675702,0.0,300,0.030786752700805664,0.0022334901182953166,0.0018905964369336128,512251,13.43267395378185,0.0
1730,2.755291700363159,13.037924492337186,0.2613981120243791,13.308463206864502,12.613186818225104,0.0,0.15620220609061097,0.1,0.0033712387084960938,0.05949807167053223,0.049972218,0.7532601,12.9633930111002,0.0,0.1449144268268743,0.0,300,0.03322172164916992,0.0016691661562017036,0.0014822138758001189,512551,13.31120511032381,0.0
1731,2.7368855476379395,12.873392343617818,0.8149168346361907,13.448334187002512,11.46858830269413,0.0,0.14946300543998953,0.1,0.00321197509765625,0.11399006843566895,0.049878392,0.3755596,12.954392944351962,0.0,0.14270981626375087,0.0,300,0.03219461441040039,0.002995162141671569,0.002586770180475698,512851,13.456663138079344,0.0
1732,2.6452462673187256,10.654089500786055,2.761537055473534,13.4720541854007,6.349598701146052,0.0,0.1518864440618114,0.1,0.003047943115234375,0.06064486503601074,0.04988964,0.5560094,12.724362599995372,0.0,0.11355739465412634,0.0,300,0.030034780502319336,0.07676279662686226,0.046468455349611096,513151,13.17877694006029,0.0
1733,2.662726402282715,12.72022242202403,0.5850799439663764,13.25421389773457,11.834147024508471,0.0,0.1603102015408234,0.1,0.0030889511108398438,0.058211326599121094,0.04970168,0.77525526,12.723948582198238,0.0,0.140719911212637,0.0,300,0.0328216552734375,0.031672411390110955,0.004178937276778009,513451,13.30218409470883,0.0
1734,2.7036375999450684,13.065570610746484,0.16774632035179565,13.210717715789974,12.78434966950931,0.0,0.15945074168595919,0.1,0.003077268600463867,0.10865616798400879,0.049720522,1.8495743,12.758110785053063,0.0,0.14525537581880735,0.0,300,0.03535342216491699,0.005307899659065188,0.009035642351568392,513751,13.487129788302061,0.0
1735,2.7309162616729736,13.070713106102989,0.16783327260705685,13.257781529845015,12.798698398845506,0.0,0.15526069225174582,0.1,0.003020048141479492,0.05927133560180664,0.04945519,1.1718975,12.789371017158055,0.0,0.1453184808717378,0.0,300,0.030632734298706055,0.010368958614728127,0.00368572123709407,514051,13.384538154023096,0.0
1736,2.711033821105957,12.152589277598468,0.7040017054434797,13.117324395809568,11.164073008123907,0.0,0.1587825533555799,0.1,0.003015279769897461,0.10717034339904785,0.049982477,0.41992778,12.725692843202097,0.0,0.13313679997993294,0.0,300,0.03100275993347168,0.008552530176458172,0.007549217381898392,514351,13.56798882895138,0.0
1737,2.7002346515655518,12.980397476110449,0.3816221622181201,13.265110104034138,12.326319422629796,0.0,0.14685352425150747,0.1,0.01445913314819336,0.08788895606994629,0.04965953,0.482891,12.751163306492932,0.0,0.14411996536331306,0.0,300,0.030242443084716797,0.0047453876983681005,0.002637944203354377,514651,13.339516549036572,0.0
1738,2.674208879470825,13.185561865621292,0.10196429963349887,13.338159030104379,13.082204991383875,0.0,0.1565180577748998,0.1,0.0030853748321533203,0.05886054039001465,0.05005105,1.6681886,12.794603162405767,0.0,0.14687683874069157,0.0,300,0.03307914733886719,0.0031663185279082683,0.001856946271560435,514951,13.533871404687341,0.0
1739,2.710052967071533,12.971226025180858,0.149274847853511,13.206150614877108,12.832277222182613,0.0,0.16637574489930532,0.1,0.0030782222747802734,0.06128525733947754,0.04972792,1.0391785,12.812265448683277,0.0,0.14405362382988238,0.0,300,0.06177234649658203,0.0015866497033327977,0.0016780839623863949,515251,13.514419931079166,0.0
1740,2.627958297729492,12.961626124942075,0.3185133249258373,13.281933487881714,12.446173901211651,0.0,0.14830285252633693,0.1,0.0029096603393554688,0.1128692626953125,0.0497073,0.71239245,12.827201516309158,0.0,0.14394965382769476,0.0,300,0.030614137649536133,0.0023670102483700156,0.0017005623171941668,515551,13.49258226774169,0.0
1741,2.707407236099243,13.32699774255932,0.07647383914899733,13.438362650848653,13.22861169965969,0.0,0.17657449290267266,0.1,0.003103971481323242,0.06752753257751465,0.0500616,0.9760307,12.877181138934175,0.0,0.1487453924677544,0.0,300,0.03181791305541992,0.0021573343840302663,0.0018899560700285296,515851,13.5295823154077,0.0
1742,2.6608943939208984,13.297562981922255,0.13708274594953979,13.46953794017382,13.11180531453143,0.0,0.16404575579709768,0.1,0.0030126571655273438,0.057642221450805664,0.050322466,1.7201103,12.919219323232983,0.0,0.14836878521249505,0.0,300,0.03296351432800293,0.0021256278481870676,0.0016758298597837474,516151,13.368844331864151,0.0
1743,2.6412572860717773,12.817972425264008,0.5370917730338906,13.22927011860568,11.896456319642105,0.0,0.14019119505466,0.1,0.003542184829711914,0.06071758270263672,0.04976086,0.9912915,12.909094633436087,0.0,0.14197502639049164,0.0,300,0.03044581413269043,0.0026860739495649724,0.002245184251030226,516451,13.43720158680435,0.0
1744,2.6232476234436035,13.015850687199231,0.38257495526743707,13.371543578839637,12.390683966190728,0.0,0.16068801106818398,0.1,0.003221750259399414,0.0604398250579834,0.05027678,2.9454374,12.919770238812402,0.0,0.14457867859466467,0.0,300,0.03134894371032715,0.002268092429389443,0.002216227398943741,516751,13.531343811841337,0.0
1745,2.7198967933654785,12.84768920767557,0.5878687952816932,13.301089069733665,11.838685468731095,0.0,0.15764933080176258,0.1,0.018774747848510742,0.07617616653442383,0.05029558,0.53199,12.912562135698721,0.0,0.1424059432450716,0.0,300,0.031252384185791016,0.0023207559233713337,0.0015330244062820844,517051,13.533080458734508,0.0
1746,2.6979622840881348,12.61839830788275,0.6381734174963903,13.151430838159818,11.57026386844758,0.0,0.152842111419288,0.1,0.005222320556640625,0.05886578559875488,0.05030849,0.7198956,12.883145752917125,0.0,0.1395740593214716,0.0,300,0.03455996513366699,0.002238584843652812,0.0018304167997346221,517351,13.55456754541279,0.0
1747,2.65350604057312,13.074013099314838,0.2994313301209061,13.359490319104777,12.59872067994346,0.0,0.17201128076896272,0.1,0.00302886962890625,0.0589449405670166,0.0501119,0.92058,12.902232487556896,0.0,0.1454455827900563,0.0,300,0.03183436393737793,0.0026684547646443047,0.002255962918216934,517651,13.541263366401703,0.0
1748,2.6423299312591553,12.937287000465254,0.3525806543048522,13.323822581622519,12.362692168485273,0.0,0.16349967840866825,0.1,0.0029795169830322266,0.06057262420654297,0.05018197,0.6544472,12.905737938847732,0.0,0.14363209002161997,0.0,300,0.03072071075439453,0.0021163059109211317,0.0020137256243596335,517951,13.544102682398409,0.0
1749,2.6800856590270996,12.940975655155407,0.12115295316415425,13.135327104790926,12.803874133534936,0.0,0.16683874539621496,0.1,0.0030422210693359375,0.06203961372375488,0.050056424,0.6293324,12.9092617104785,0.0,0.1436868148974386,0.0,300,0.03090524673461914,0.0013295560131149678,0.0012053796092180383,518251,13.592955664566283,0.0
1750,2.6188154220581055,13.15163987065527,0.13638096232829117,13.312303763465197,12.979780490487872,0.0,0.14862892357810786,0.1,0.0029897689819335938,0.05749201774597168,0.050032206,2.8668635,12.933499526496178,0.0,0.14642911585948876,0.0,300,0.03048086166381836,0.0012890167625344512,0.0010876286345043087,518551,13.486158255469915,0.0
1751,2.6542227268218994,12.890508139707404,0.31774575639566005,13.166910253566453,12.353565468221479,0.0,0.16580206773927247,0.1,0.0030498504638671875,0.05789613723754883,0.050100986,0.72374356,12.929200387817302,0.0,0.14299952357589973,0.0,300,0.030630826950073242,0.0017371703914256993,0.0013100405708999442,518851,13.3910500096895,0.0
1752,2.645890235900879,13.041771532964221,0.32096724397625304,13.355312170163714,12.521436355841457,0.0,0.16644743149996805,0.1,0.003088712692260742,0.05900263786315918,0.04961505,4.397347,12.940457502331993,0.0,0.14495620197001272,0.0,300,0.03312182426452637,0.0023177273230123897,0.0020478332808822023,519151,13.375125277859246,0.0
1753,2.6623566150665283,13.037749122724724,0.09287593639163935,13.121020330257071,12.880263996126153,0.0,0.15091528175686142,0.1,0.003061056137084961,0.058878421783447266,0.050437544,1.5972158,12.950186664371266,0.0,0.1449181702147972,0.0,300,0.030006885528564453,0.0009692941834268857,0.001043313021945952,519451,13.4423642433149,0.0
1754,2.641770839691162,12.975643997412217,0.29018163537271724,13.318426349733539,12.529953352146325,0.0,0.15383881147025041,0.1,0.0030870437622070312,0.1089162826538086,0.05020921,0.89425963,12.952732397675362,0.0,0.1440961422837556,0.0,300,0.03949093818664551,0.0018575520591346453,0.0015807548529352278,519751,13.475391439245563,0.0
1755,2.738449811935425,12.922029037129672,0.3425901341294945,13.335978633257215,12.38640371337018,0.0,0.16246242994389898,0.1,0.0032029151916503906,0.0706019401550293,0.049844515,1.0293992,12.949662061620794,0.0,0.1433656206009802,0.0,300,0.030463457107543945,0.00117430483302488,0.0011557450671360972,520051,13.606232519947495,0.0
1756,2.7538607120513916,10.74381859113037,3.843052287811562,13.107156042605714,4.089289433184788,0.0,0.15817739406206618,0.1,0.002997875213623047,0.059221744537353516,0.050028495,0.4721394,12.729077714571751,0.0,0.11482444944046612,0.0,300,0.029565811157226562,0.10018668126185429,0.0663700010444888,520351,13.479739647349312,0.0
1757,2.7173783779144287,12.459223455686388,1.2275920416057806,13.33609402971884,10.34541096519859,0.0,0.14786664439378247,0.1,0.003353595733642578,0.061667442321777344,0.05018285,0.9801235,12.702092288683215,0.0,0.13725826833957927,0.0,300,0.05755257606506348,0.014736075048559841,0.007684586568698331,520651,13.358542287269898,0.0
1758,2.742598295211792,13.142461292551955,0.1465332062271409,13.29135120605679,12.899506491848031,0.0,0.16307807873012678,0.1,0.012884140014648438,0.06315922737121582,0.05052626,0.9494301,12.74612918907009,0.0,0.1463456252360109,0.0,300,0.030848026275634766,0.009476924912377347,0.006707574828799761,520951,13.53792092774711,0.0
1759,2.616960048675537,12.922516175717435,0.10895226994945395,13.079436929965008,12.774612012168276,0.0,0.14918069157680536,0.1,0.0032129287719726562,0.1047520637512207,0.04923226,1.4877427,12.763767887734824,0.0,0.14337095083135099,0.0,300,0.03247857093811035,0.006326378631781701,0.002395973169007975,521251,13.403041517710589,0.0
1760,2.67632794380188,13.124344585733542,0.13644185093727285,13.26301068989967,12.953242768846069,0.0,0.15567691789238788,0.1,0.002937793731689453,0.061434268951416016,0.049238905,0.8668337,12.799825557534696,0.0,0.14607192574488656,0.0,300,0.03100109100341797,0.0024676847646603476,0.0034655294289286866,521551,13.449278353466758,0.0
1761,2.6662726402282715,12.412464730778321,0.49931122043795645,13.130370130095091,11.744233957890504,0.0,0.14445305732551342,0.1,0.003193378448486328,0.05804038047790527,0.049968094,0.7517802,12.761089474859059,0.0,0.1366787089790149,0.0,300,0.030060291290283203,0.004082473491009885,0.0030028496796104015,521851,13.466771107280104,0.0
1762,2.716331958770752,13.176792866912628,0.12917576928328156,13.395609454477059,13.065571008484316,0.0,0.15485885391866472,0.1,0.003076791763305664,0.05950617790222168,0.049352016,0.9854709,12.802659814064416,0.0,0.14676016478507364,0.0,300,0.030410051345825195,0.002176852071526748,0.0020664563787703392,522151,13.509692780793948,0.0
1763,2.690300703048706,12.889329609737542,0.5366825867600561,13.275138302403937,11.971398232784674,0.0,0.14632699029108678,0.1,0.014076471328735352,0.0951848030090332,0.050079275,1.3265237,12.81132679363173,0.0,0.142884514491309,0.0,300,0.030080556869506836,0.005087094366967237,0.0020888194598210298,522451,13.548427007318686,0.0
1764,2.64521861076355,13.081248204553985,0.09738812425106443,13.169063526035988,12.924267923155796,0.0,0.1591153359638312,0.1,0.002927064895629883,0.05773806571960449,0.051036887,1.0451345,12.838318934723956,0.0,0.14555937086653148,0.0,300,0.030573368072509766,0.0019228844018260016,0.0015403539399601296,522751,13.479113071117306,0.0
1765,2.745286464691162,12.493210849689694,1.21348350680491,13.301244401418943,10.396215394089005,0.0,0.16462272565044725,0.1,0.0029599666595458984,0.05713152885437012,0.049560077,0.461492,12.80380812622053,0.0,0.1377373622623974,0.0,300,0.06721019744873047,0.005064527693309287,0.0047793233742751545,523051,13.417591145553617,0.0
1766,2.6878271102905273,12.952310124694577,0.2769210521530522,13.380968555757303,12.697452760668428,0.0,0.14892269991069182,0.1,0.003088235855102539,0.05904412269592285,0.050171137,3.9566398,12.818658326067935,0.0,0.14378674151039444,0.0,300,0.031896352767944336,0.001693573435994327,0.0016049616194439772,523351,13.548654351970294,0.0
1767,2.7077457904815674,13.163458941803112,0.1852093152009476,13.448008549231728,12.938356096630702,0.0,0.1640942885017658,0.1,0.01214599609375,0.08361220359802246,0.050105844,2.0879672,12.853138387641451,0.0,0.1465980112398226,0.0,300,0.030214786529541016,0.0019362465695993442,0.0015551858624673785,523651,13.551719205722518,0.0
1768,2.725221633911133,12.91092869659662,0.2804645995155519,13.265945730985568,12.595596699122538,0.0,0.16265320339719022,0.1,0.0030279159545898438,0.05704998970031738,0.04977284,1.0084298,12.858917418536969,0.0,0.14324346991210823,0.0,300,0.030057191848754883,0.0029561731470134256,0.0015733426894054456,523951,13.442292711043903,0.0
1769,2.675112247467041,12.488114124646431,0.9116992210167267,13.176396065863118,10.945297545805795,0.0,0.14048015179485368,0.1,0.0032701492309570312,0.05943155288696289,0.048675414,0.40801895,12.821837089147916,0.0,0.13768020724179206,0.0,300,0.030159950256347656,0.002818117620142347,0.00290048929698462,524251,13.406150678504483,0.0
1770,2.7915685176849365,12.889644541944058,0.306598628573467,13.148621623249285,12.394042746354147,0.0,0.15211729886658715,0.1,0.003062009811401367,0.1001579761505127,0.049431648,0.99455106,12.828617834427531,0.0,0.14309194469852382,0.0,300,0.029745101928710938,0.0025458594068313235,0.0012883374176610052,524551,13.480901953597929,0.0
1771,2.674553632736206,13.110973905377278,0.268327265673866,13.427254065412187,12.771092912566685,0.0,0.15982993461666933,0.1,0.0033452510833740234,0.06133389472961426,0.049745444,1.4870276,12.856853441522507,0.0,0.14582846288360907,0.0,300,0.05925440788269043,0.0025177649897090587,0.002181665489854234,524851,13.564566011204297,0.0
1772,2.7361397743225098,13.178127605390301,0.17281639293458687,13.321434125853582,12.89341841892455,0.0,0.16793044426764905,0.1,0.0032029151916503906,0.05867290496826172,0.049687915,1.193502,12.888980857909287,0.0,0.14679876715285628,0.0,300,0.031702518463134766,0.0021876155936207805,0.001518775354325036,525151,13.469388630550506,0.0
1773,2.6503090858459473,12.972436014699435,0.1541336764548189,13.176067418744152,12.7873570510558,0.0,0.1604973681601737,0.1,0.0032966136932373047,0.05984997749328613,0.049988125,0.5850604,12.897326373588303,0.0,0.14406508478350213,0.0,300,0.030631542205810547,0.0023861962459236037,0.001561381333405964,525451,13.498418656371824,0.0
1774,2.6024868488311768,13.222270428804315,0.1658133507059803,13.379943241708546,12.960639662275872,0.0,0.16083858802375484,0.1,0.002979755401611328,0.10012578964233398,0.04963037,0.96853304,12.929820779109905,0.0,0.14742002554341002,0.0,300,0.03729414939880371,0.00125239061375052,0.0014544507892470244,525751,13.466383873144744,0.0
1775,2.706059455871582,12.872632777946585,0.13503265278629104,13.048170714368839,12.712217138576895,0.0,0.14819879486730012,0.1,0.003008127212524414,0.10069870948791504,0.049410593,1.1135367,12.924101978993573,0.0,0.1427377302038038,0.0,300,0.03071308135986328,0.0021377418933661604,0.0018143823001511307,526051,13.527369801131721,0.0
1776,2.7231686115264893,13.141455876341718,0.1093672052541949,13.246243022852841,12.970998671740327,0.0,0.15488411221082884,0.1,0.0030548572540283203,0.05860280990600586,0.05011671,3.2497287,12.945837368728387,0.0,0.14633347707964103,0.0,300,0.030598878860473633,0.0022825360450011234,0.0010268288912019293,526351,13.37823299011247,0.0
1777,2.7441816329956055,12.99952040014677,0.12734937347914124,13.196849364376053,12.861563002029982,0.0,0.16111868949804156,0.1,0.0030608177185058594,0.0568392276763916,0.05010116,1.0740554,12.951205671870227,0.0,0.14439662478357898,0.0,300,0.04312586784362793,0.0018728871296118427,0.0014558093447909928,526651,13.196227791012612,0.0
1778,2.6858184337615967,13.07103740888549,0.30293035896036563,13.439889058187887,12.769138714189626,0.0,0.15524697898333795,0.1,0.0030906200408935547,0.12140083312988281,0.049220223,0.5204265,12.963188845571754,0.0,0.14534165181112127,0.0,300,0.03156709671020508,0.0017202555087341557,0.0015287815898064891,526951,13.39556446608063,0.0
1779,2.6777026653289795,13.054145619160213,0.11140761448575796,13.168321659327763,12.930518857620656,0.0,0.15834757666181498,0.1,0.003070831298828125,0.0589449405670166,0.04966034,0.522807,12.9722845229306,0.0,0.14515358447387308,0.0,300,0.03445076942443848,0.002017986846011107,0.0011918401403269658,527251,13.403599354729012,0.0
1780,2.6881041526794434,12.735288923656828,0.8242433856317817,13.280994360708531,11.30977384092868,0.0,0.13416305635047246,0.1,0.012307405471801758,0.07439732551574707,0.050062973,0.33276287,12.948584963003222,0.0,0.1408598791869383,0.0,300,0.03577589988708496,0.0024416742641196363,0.0017512558390669016,527551,13.472961983368485,0.0
1781,2.6565470695495605,13.064924292889739,0.13940108224987102,13.299825241352327,12.934199351518817,0.0,0.17731116600586644,0.1,0.0029799938201904297,0.05795574188232422,0.049798958,0.74830365,12.960218895991876,0.0,0.1452626566431924,0.0,300,0.03061652183532715,0.001507682226674135,0.001552714514917148,527851,13.535407655245061,0.0
1782,2.6772115230560303,13.259956038860091,0.10150494033142782,13.425064093322959,13.167582523173493,0.0,0.16660111486389068,0.1,0.003007650375366211,0.06486701965332031,0.050175685,1.0886939,12.990192610278697,0.0,0.1478328085001565,0.0,300,0.0316014289855957,0.0015153969869786143,0.0010867659151437004,528151,13.504853350475992,0.0
1783,2.7804746627807617,13.006381244454879,0.40336333188090695,13.454633776095047,12.363014309835256,0.0,0.1564310452538581,0.1,0.0030562877655029297,0.05902504920959473,0.049848486,0.7697137,12.991811473696316,0.0,0.14451013089362857,0.0,300,0.029871702194213867,0.001280758610245194,0.0013029983511538932,528451,13.428574801999384,0.0
1784,2.7076961994171143,13.035516694424935,0.19796455847137945,13.30755974943558,12.787425808697739,0.0,0.15981320360738024,0.1,0.0030541419982910156,0.05867338180541992,0.047847427,12.224784,12.996181995769177,0.0,0.14487285802970398,0.0,300,0.031249284744262695,0.001210636608967171,0.0009826348502990517,528751,13.36048591956685,0.0
1785,2.66939640045166,13.212334469397776,0.07613969528243374,13.335617672150484,13.139434480275048,0.0,0.16875960053173128,0.1,0.0030939579010009766,0.10329127311706543,0.050371945,0.9826961,13.017797243132037,0.0,0.14724498680426273,0.0,300,0.030110597610473633,0.00151330024060386,0.001248684529097914,529051,13.36031536094743,0.0
1786,2.6792361736297607,13.0201409094143,0.12608088104239126,13.226500113958153,12.897395473382913,0.0,0.15970809569564162,0.1,0.012406110763549805,0.06448483467102051,0.050350435,0.89491314,13.018031609760264,0.0,0.14470815818760047,0.0,300,0.03277420997619629,0.0012443242796327323,0.00111018699745304,529351,13.45374936262562,0.0
1787,2.6190316677093506,12.573481777308967,0.5778937373745681,13.003315255355705,11.579583638221779,0.0,0.150731872254693,0.1,0.0033109188079833984,0.05938410758972168,0.05005157,0.5005781,12.973576626515134,0.0,0.13874542507764198,0.0,300,0.05549359321594238,0.0023028430999363823,0.001640803928397306,529651,13.467709293758807,0.0
1788,2.689784049987793,12.877069009321074,0.878580426899535,13.470696769251136,11.36094952336175,0.0,0.14978926566648335,0.1,0.003156423568725586,0.07998037338256836,0.050048664,0.6040927,12.963925864795728,0.0,0.14288154478641743,0.0,300,0.04829883575439453,0.00366559225154477,0.0027863305107068887,529951,13.450466186219591,0.0
1789,2.6190319061279297,12.916692523025674,0.319488513951003,13.237224429095397,12.470610849041725,0.0,0.1658227406511707,0.1,0.0031998157501220703,0.059256553649902344,0.050061237,0.7827539,12.959202530618722,0.0,0.1432889206367124,0.0,300,0.05316281318664551,0.0013074345117933292,0.0012770966023779005,530251,13.54002870608233,0.0
1790,2.663398504257202,13.18987942122278,0.11879087383211055,13.374716678985338,13.043189442210117,0.0,0.1735906794020503,0.1,0.0031828880310058594,0.05942940711975098,0.049865473,0.78662425,12.982270219679128,0.0,0.14698825146388836,0.0,300,0.0305328369140625,0.0036444685011524963,0.0023082264305238805,530551,13.321218473641252,0.0
1791,2.6703333854675293,13.025838632480236,0.25946155808452953,13.417088126168773,12.758103193883397,0.0,0.15798893283028076,0.1,0.0030400753021240234,0.06087803840637207,0.04972508,1.2229187,12.98662706095924,0.0,0.14472677836679,0.0,300,0.0330808162689209,0.0030697736262845564,0.001164549949898087,530851,13.366650297998346,0.0
1792,2.639960765838623,12.210429942516562,0.8221754207343415,13.113780688971701,10.872954812125517,0.0,0.14580653778693836,0.1,0.0032219886779785156,0.05957913398742676,0.050174184,0.4824919,12.909007349114972,0.0,0.13390493929437586,0.0,300,0.038023948669433594,0.006657550584985397,0.006213186493221642,531151,13.503873500901046,0.0
1793,2.6719770431518555,12.984961163633873,0.4853890307705656,13.398966742195535,12.1676929807105,0.0,0.16202698977723942,0.1,0.003273487091064453,0.07081484794616699,0.049797356,1.1962472,12.916602730566861,0.0,0.144256941962578,0.0,300,0.03193020820617676,0.0060118749964441645,0.0025557976669668167,531451,13.395600560653541,0.0
1794,2.6450092792510986,13.198520831941176,0.15504017912560283,13.428805849181723,13.039810682123605,0.0,0.15135631916575606,0.1,0.003262758255004883,0.05806398391723633,0.05006958,1.4676483,12.944794540704294,0.0,0.14715870120902733,0.0,300,0.030483722686767578,0.0018107975058537192,0.0013533953135938695,531751,13.26363568588456,0.0
1795,2.7083237171173096,12.962855077905264,0.28296229867378825,13.329112012161987,12.585770742638859,0.0,0.15488225195712427,0.1,0.0030851364135742188,0.09085607528686523,0.05006216,0.96859795,12.946600594424392,0.0,0.1439462901446772,0.0,300,0.040799856185913086,0.0014932190277005917,0.0015856094261042543,532051,13.407221495963391,0.0
1796,2.6536717414855957,13.212538890628348,0.1579647531111261,13.474513681848883,13.073262228547186,0.0,0.15594698148852373,0.1,0.011066675186157227,0.09458303451538086,0.05008754,1.1069365,12.973194424044788,0.0,0.14724836019290577,0.0,300,0.030675172805786133,0.0013225890691944628,0.0008804311189668332,532351,13.42235258943362,0.0
1797,2.7341251373291016,13.08376941951733,0.19956741237299985,13.344540969166644,12.862612324899224,0.0,0.1568401011375962,0.1,0.003050565719604492,0.060248374938964844,0.049606383,0.7749882,12.984251923592042,0.0,0.14548954413505047,0.0,300,0.030684471130371094,0.001513421668964172,0.0011734117773204236,532651,13.404820569537122,0.0
1798,2.6995060443878174,12.528188725523947,1.0495863176606175,13.202743514912072,10.714379025416555,0.0,0.1659859713324547,0.1,0.0029144287109375,0.056685447692871094,0.050276257,0.5685952,12.938645603785233,0.0,0.1381809822291329,0.0,300,0.029726743698120117,0.00886758399743661,0.006366476315711746,532951,13.45408342778734,0.0
1799,2.6686649322509766,13.16114139950745,0.27463099934251495,13.506547764081743,12.868820479597877,0.0,0.15641200152125953,0.1,0.0030493736267089844,0.05828499794006348,0.04902878,2.524781,12.960895183357454,0.0,0.1465656795296336,0.0,300,0.05832481384277344,0.00595435218827321,0.0010895338227333313,533251,13.496524976741554,0.0
1800,2.633775472640991,13.12750178694376,0.14125312972123502,13.35987052998438,12.988187944473577,0.0,0.16417216343043575,0.1,0.0034482479095458984,0.0582582950592041,0.050424855,1.018929,12.977555843716086,0.0,0.14607745764461233,0.0,300,0.03291177749633789,0.0021096381486256886,0.0031401237135506997,533551,13.374330978492912,0.0
1801,2.6303465366363525,13.179020387325668,0.26612900407721013,13.492385320652613,12.795633775638883,0.0,0.1659003329972768,0.1,0.0032732486724853516,0.05917978286743164,0.049959734,1.5381144,12.997702298077046,0.0,0.14688558471225008,0.0,300,0.05540728569030762,0.002329063230012011,0.0016802761857615536,533851,13.376079566437184,0.0
1802,2.6759533882141113,13.158764680404996,0.05594859075512072,13.239059056789003,13.087540733826339,0.0,0.1595937739919524,0.1,0.0032105445861816406,0.05892515182495117,0.05000165,1.0795424,13.013808536309842,0.0,0.14652225181832146,0.0,300,0.030925273895263672,0.0017052679588585773,0.0011501858013070114,534151,13.50152372953355,0.0
1803,2.5555410385131836,13.27114173732216,0.15116138518672143,13.450868549773705,13.041358406103194,0.0,0.15565229476755923,0.1,0.007611989974975586,0.08726119995117188,0.049782112,1.448571,13.039541856411073,0.0,0.14806316024528665,0.0,300,0.030249595642089844,0.0008456666492880615,0.0009676024147357655,534451,13.444110383477357,0.0
1804,2.623851776123047,12.898607167650406,0.5072855269198695,13.36132187592126,12.079708672537848,0.0,0.1651989682784,0.1,0.0031309127807617188,0.059806108474731445,0.049764246,0.7197777,13.025448387535008,0.0,0.1431295858631551,0.0,300,0.0337216854095459,0.003490270232776414,0.0023287141581006788,534751,13.21540102484664,0.0
1805,2.69404673576355,13.222292391381382,0.0839886682927684,13.325392832940414,13.105466471144029,0.0,0.1614322614586331,0.1,0.0032072067260742188,0.060083627700805664,0.050051797,0.7378703,13.045132787919647,0.0,0.147404920322739,0.0,300,0.030495643615722656,0.0030098114512736016,0.0012416465194070507,535051,13.333849251636162,0.0
1806,2.634547472000122,13.153864579019281,0.14824145894682605,13.294785912228729,12.944488344297888,0.0,0.15769202009444352,0.1,0.0030930042266845703,0.0590062141418457,0.05003688,1.0913235,13.056005967029611,0.0,0.14640600071089135,0.0,300,0.03138995170593262,0.0019784468806865914,0.0016827955867488315,535351,13.366101460424401,0.0
1807,2.7279791831970215,13.17059219223616,0.11601317771660798,13.243456396484715,12.969884339712857,0.0,0.15546173994186283,0.1,0.004868030548095703,0.058840036392211914,0.04989132,1.0484952,13.067464589550266,0.0,0.14669339620486588,0.0,300,0.03206062316894531,0.0009809382900509826,0.0012510227463187976,535651,13.456986007773665,0.0
1808,2.5960445404052734,13.061848987308359,0.2041140086023366,13.283821644190096,12.84754899568626,0.0,0.16765074087378037,0.1,0.002998828887939453,0.06056571006774902,0.049858894,0.6000879,13.066903029326076,0.0,0.14533024059202632,0.0,300,0.032318115234375,0.0010934049772122535,0.0009898734570926457,535951,13.444077447402357,0.0
1809,2.6107261180877686,13.13385473630735,0.12218825043059729,13.256491539900738,12.934419719257441,0.0,0.16838145737211035,0.1,0.0029723644256591797,0.056667327880859375,0.050081156,0.626894,13.073598200024204,0.0,0.14619889411336362,0.0,300,0.034364938735961914,0.0006955525994891212,0.0006743396263547713,536251,13.395227264193613,0.0
1810,2.710358142852783,13.249641706255103,0.07758822082466466,13.335961462907676,13.125300741381395,0.0,0.16335324774553642,0.1,0.0029726028442382812,0.056607723236083984,0.050070647,0.8544288,13.091202550647294,0.0,0.14777395173707134,0.0,300,0.03049182891845703,0.0007892234093919823,0.000691164475757845,536551,13.366026678182548,0.0
1811,2.6165740489959717,12.713561437656018,0.7855571827488972,13.359131758722416,11.386709094890035,0.0,0.14441426559961218,0.1,0.006335020065307617,0.06858944892883301,0.050027497,0.5809483,13.053438439348167,0.0,0.1405904873889309,0.0,300,0.03063058853149414,0.0025388245531324702,0.002232062221572105,536851,13.352158629968935,0.0
1812,2.655909538269043,12.941563832254278,0.3695348768926454,13.276819907757812,12.315916796816898,0.0,0.15537169188314234,0.1,0.0031280517578125,0.05788826942443848,0.04922654,3.1421669,13.042250978638778,0.0,0.14393307016897397,0.0,300,0.029842853546142578,0.0017183902885438242,0.0015684603621557581,537151,13.259956435001667,0.0
1813,2.7172746658325195,12.896929520265648,0.45016916522811723,13.28958879419777,12.17720585695415,0.0,0.1509845018801267,0.1,0.0030663013458251953,0.05820918083190918,0.04993203,1.746676,13.027718832801465,0.0,0.14307927854988045,0.0,300,0.03080296516418457,0.0022860374830682394,0.0021643175502314856,537451,13.256000975626355,0.0
1814,2.620978355407715,13.210714976846376,0.11894503413007232,13.339732109347633,13.064545614213982,0.0,0.1596595855773884,0.1,0.0033261775970458984,0.06112527847290039,0.04991633,1.3821484,13.046018447205958,0.0,0.14723217017860687,0.0,300,0.03044748306274414,0.0009360816082604487,0.0007683519330804131,537751,13.45258644378484,0.0
1815,2.5923800468444824,13.03940644588846,0.2839896006049388,13.290512140406578,12.556985012662713,0.0,0.1546853561315265,0.1,0.003305196762084961,0.06305360794067383,0.049869396,0.9783721,13.045357247074207,0.0,0.14494428390244105,0.0,300,0.03099656105041504,0.0016081055200790914,0.0014680007309975463,538051,13.411537811589481,0.0
1816,2.624046802520752,12.40744538569151,1.4821061702163718,13.323254736847135,9.841195312716795,0.0,0.149604209914305,0.1,0.0032355785369873047,0.06379842758178711,0.04967648,0.5109725,12.981566060935938,0.0,0.1364426237669438,0.0,300,0.03332853317260742,0.009667756406050143,0.007459495950639348,538351,13.405470142735405,0.0
1817,2.658799886703491,12.581510118260132,1.15584912904299,13.497726607181752,10.5986373986155,0.0,0.14251339517657657,0.1,0.003243684768676758,0.059246063232421875,0.050284762,0.84955686,12.941560466668358,0.0,0.138969490040001,0.0,300,0.03063225746154785,0.0036783170430710276,0.003313620388578675,538651,13.27563741642055,0.0
1818,2.5826215744018555,13.058009173074037,0.07510218667491875,13.150252763610936,12.944408426449572,0.0,0.15912948052330758,0.1,0.0031964778900146484,0.06064105033874512,0.049800083,1.3188778,12.953205337308926,0.0,0.14533521322900347,0.0,300,0.030139446258544922,0.002619600652564182,0.0012725627057374586,538951,13.431305658000488,0.0
1819,2.6824660301208496,13.174341802734226,0.09267925645487762,13.27970640900146,13.06087083545936,0.0,0.16355310992796873,0.1,0.003088235855102539,0.05828261375427246,0.050152615,1.2460524,12.975318983851457,0.0,0.1467339733043493,0.0,300,0.03234720230102539,0.0014815346075032622,0.0010628080173744872,539251,13.372318004953007,0.0
1820,2.5932016372680664,13.02166899538728,0.36997443354416826,13.423463460265191,12.44396178431968,0.0,0.158114302392409,0.1,0.003020048141479492,0.057839155197143555,0.04985844,0.5021105,12.97995398500504,0.0,0.14471669304471071,0.0,300,0.029919862747192383,0.0019550629280470997,0.0011974994024856413,539551,13.418408898373263,0.0
1821,2.569326639175415,12.837680808104373,0.22509367535904198,13.062076607408459,12.498857056507195,0.0,0.14804155952317594,0.1,0.0030150413513183594,0.07922077178955078,0.04988975,1.2233934,12.965726667314973,0.0,0.1422867127799202,0.0,300,0.03864431381225586,0.001325372863923525,0.0013938316729330481,539851,13.455607904712624,0.0
1822,2.606473445892334,13.073874387983157,0.28917569433990536,13.281726611204165,12.579711985944124,0.0,0.1637679108205888,0.1,0.0031359195709228516,0.08826446533203125,0.04982103,1.1358427,12.97654143938179,0.0,0.1454296441902665,0.0,300,0.033693790435791016,0.0024281158130149264,0.0014778492280977699,540151,13.383267332489032,0.0
1823,2.679548978805542,12.44646120795578,1.1450048947866334,13.388868369140162,10.489286538869395,0.0,0.15276842741534777,0.1,0.0030715465545654297,0.05842924118041992,0.05024891,0.48312134,12.92353341623919,0.0,0.137033680256836,0.0,300,0.030748844146728516,0.004736707291782771,0.0038854656605160237,540451,13.34643468847539,0.0
1824,2.654606580734253,13.173272749976253,0.1931289799981733,13.404489635746517,12.879876226876652,0.0,0.15138770174278599,0.1,0.003034830093383789,0.07824540138244629,0.050247263,0.8514387,12.948507349612896,0.0,0.14675270201541185,0.0,300,0.031115293502807617,0.001421043204525307,0.0011825838579908627,540751,13.367536790168458,0.0
1825,2.687190055847168,12.75215944115195,0.36699483887145334,13.171299273646527,12.17121033915789,0.0,0.1500437650813381,0.1,0.0029761791229248047,0.05823326110839844,0.049514443,0.8049217,12.928872558766802,0.0,0.14113881935330935,0.0,300,0.03017139434814453,0.0015757362196395387,0.0011434278558561605,541051,13.282167365933438,0.0
1826,2.6796646118164062,13.07489244158316,0.17077957253356507,13.324644891785193,12.882525888339112,0.0,0.1773118305453636,0.1,0.0030794143676757812,0.057869911193847656,0.050259188,0.7197117,12.943474547048439,0.0,0.14542640334405857,0.0,300,0.03014063835144043,0.0008694073822813082,0.0009036908143945018,541351,13.336787063860703,0.0
1827,2.7740066051483154,13.142386847789744,0.21550419393758466,13.48594822451564,12.917416179815062,0.0,0.16575344298378564,0.1,0.0029485225677490234,0.09304356575012207,0.049069803,0.8284955,12.96336577712257,0.0,0.14629268622380742,0.0,300,0.030930519104003906,0.0016823111215226783,0.0014169525939453833,541651,13.322513305595189,0.0
1828,2.660843849182129,13.179469950304988,0.054473346525510204,13.272015794472003,13.131515201165618,0.0,0.16689471544205287,0.1,0.0029757022857666016,0.058048248291015625,0.050133623,1.0527956,12.984976194440812,0.0,0.14677072114507667,0.0,300,0.03321480751037598,0.0012038030530695015,0.0010505425271516058,541951,13.210418741234895,0.0
1829,2.581306219100952,12.803163784185985,0.3535228828798172,13.230611081369194,12.360032327602703,0.0,0.1625982862472752,0.1,0.003546476364135742,0.06033205986022949,0.049722824,0.6409802,12.966794953415329,0.0,0.141929312927076,0.0,300,0.03077983856201172,0.0016289799850604688,0.0013670452647090421,542251,13.431872998581264,0.0
1830,2.637885570526123,13.178363850209635,0.07617345966617077,13.275065929754597,13.093543229190027,0.0,0.15034582574872327,0.1,0.00328826904296875,0.059697866439819336,0.049707923,0.9173263,12.987951843094761,0.0,0.14678826598986291,0.0,300,0.030661582946777344,0.001556075272038486,0.0007368142043948057,542551,13.283718047976235,0.0
1831,2.682003974914551,12.3800037622299,0.9292164283607242,13.101362428746315,10.784040343357834,0.0,0.14793867579591,0.1,0.0031752586364746094,0.0591886043548584,0.050279997,1.2065755,12.927157035008275,0.0,0.13629306972860603,0.0,300,0.06094527244567871,0.0037978457821694787,0.002718564020144409,542851,13.284489606558688,0.0
1832,2.5532402992248535,13.138159592806936,0.12987603126077218,13.354191617887679,13.028782068376612,0.0,0.1601625912513286,0.1,0.0032634735107421875,0.06238245964050293,0.050137557,0.9717312,12.948257290788142,0.0,0.14628068224139132,0.0,300,0.030186176300048828,0.000992761396524351,0.0008038902991058752,543151,13.265985968916093,0.0
1833,2.6636343002319336,13.069667492434702,0.12122049708704045,13.166477591815342,12.86289672458238,0.0,0.15724003518448623,0.1,0.0031485557556152344,0.08834028244018555,0.050049685,0.9093107,12.960398310952797,0.0,0.14535866923719457,0.0,300,0.030606508255004883,0.000867035014115135,0.0008457298419000866,543451,13.318481731477727,0.0
1834,2.6221330165863037,13.169150536034547,0.12419234910171224,13.30472160810267,12.986987439649878,0.0,0.17119461152490512,0.1,0.003010272979736328,0.05805349349975586,0.05014535,0.69508916,12.981273533460971,0.0,0.14664896352307774,0.0,300,0.030321359634399414,0.0009671146285049167,0.0009222816467055452,543751,13.350581015875546,0.0
1835,2.662407159805298,12.930226417748386,0.2937529696253274,13.26085517605091,12.591177053334725,0.0,0.14670543565574415,0.1,0.0030374526977539062,0.06127333641052246,0.04995246,1.1650308,12.976168821889713,0.0,0.143417306390421,0.0,300,0.029804706573486328,0.0016624047902152857,0.0013380737548099367,544051,13.303693822400307,0.0
1836,2.6685547828674316,13.151669529551125,0.08547801277356959,13.279177650319184,13.03845202470692,0.0,0.16343018638185045,0.1,0.0030438899993896484,0.05711197853088379,0.049981058,1.0817612,12.993718892655856,0.0,0.14640782448669584,0.0,300,0.030071496963500977,0.001028011937930468,0.0009935481502973673,544351,13.423049300915578,0.0
1837,2.6148247718811035,13.132308916030931,0.04131380093446509,13.190423711573748,13.076873658965555,0.0,0.15825547077764224,0.1,0.0029115676879882812,0.05691385269165039,0.049884357,1.4703848,13.007577894993364,0.0,0.14629276272168457,0.0,300,0.030296802520751953,0.0014810072783212748,0.0013876358056352772,544651,13.338032447537673,0.0
1838,2.6257872581481934,13.090714538955977,0.1450906195134146,13.286829101219876,12.925782554957655,0.0,0.16828941177169165,0.1,0.0029811859130859375,0.058351755142211914,0.0498895,0.7474483,13.015891559389626,0.0,0.14564114860170138,0.0,300,0.030407190322875977,0.0015439748429654653,0.0014492855029290725,544951,13.3879727082049,0.0
1839,2.69513201713562,13.206537494367842,0.2122399791107184,13.478918222866676,12.958500535093696,0.0,0.16578053352859093,0.1,0.0030298233032226562,0.060720205307006836,0.049722977,1.4034299,13.034956152887448,0.0,0.14712330175333185,0.0,300,0.059522151947021484,0.001459824626073918,0.0010894567812282777,545251,13.45502452236852,0.0
1840,2.711092472076416,13.157242071890767,0.11092226149224443,13.323251506375955,13.050078012407536,0.0,0.16251657501339592,0.1,0.0030570030212402344,0.061322927474975586,0.04979497,0.8280298,13.047184744787781,0.0,0.14651763588206965,0.0,300,0.03150296211242676,0.0010187721502170077,0.0008159666604845585,545551,13.403338730355268,0.0
1841,2.6500840187072754,13.185261378045352,0.10692994511965428,13.34985950609088,13.055289795175385,0.0,0.16377789671431842,0.1,0.003117799758911133,0.09387373924255371,0.050165378,0.89045155,13.060992408113538,0.0,0.14692100274169656,0.0,300,0.031066179275512695,0.0008106441272421203,0.0007113328499094214,545851,13.464717734310767,0.0
1842,2.7012600898742676,13.194194179146601,0.17841794404599767,13.475266294804298,13.03559568512617,0.0,0.17873462221886646,0.1,0.0030689239501953125,0.057893991470336914,0.04996265,0.7833266,13.074312585216845,0.0,0.14695532105812312,0.0,300,0.030258893966674805,0.0012267948114081102,0.0011748409956417619,546151,13.303964731154915,0.0
1843,2.648142099380493,13.172880041410126,0.16302248430878033,13.311730674414775,12.90487990197965,0.0,0.15372322396421748,0.1,0.0030515193939208984,0.06323981285095215,0.049454138,1.1384706,13.084169330836174,0.0,0.14673145492191947,0.0,300,0.05664682388305664,0.0013261261054872083,0.000889394817005254,546451,13.39180605177924,0.0
1844,2.673276901245117,13.227018010917465,0.16225767014953443,13.435313759967785,12.979750905761017,0.0,0.16900425915921244,0.1,0.003021240234375,0.06059002876281738,0.050496258,0.6070014,13.098454198844303,0.0,0.14746006695709335,0.0,300,0.0302121639251709,0.0011943825158706825,0.0007428065564832062,546751,13.440971394646317,0.0
1845,2.6466565132141113,13.079465461967418,0.12100911191328961,13.173381089301266,12.873887126009391,0.0,0.1614562240081299,0.1,0.006415128707885742,0.05970001220703125,0.049969,1.4166518,13.096555325156615,0.0,0.14547967119895577,0.0,300,0.030340909957885742,0.0007328899077925903,0.0006925106414341481,547051,13.55343050623202,0.0
1846,2.5912842750549316,13.14076501724614,0.10751277881805492,13.307315647058264,13.007740973275684,0.0,0.16015779170803746,0.1,0.003491640090942383,0.06186532974243164,0.04992896,1.5278342,13.100976294365568,0.0,0.14627954501409693,0.0,300,0.030844688415527344,0.0009131087579030153,0.0008412685090229117,547351,13.507177274770774,0.0
1847,2.6245076656341553,13.318097045448267,0.058969828252476035,13.413115413115346,13.251300882143944,0.0,0.16947401189142738,0.1,0.005471706390380859,0.05982613563537598,0.049678437,0.68993443,13.122688369473838,0.0,0.14864589323760705,0.0,300,0.03402447700500488,0.0011337983930153727,0.0007343778620587241,547651,13.591062034213664,0.0
1848,2.585441827774048,13.171496959284415,0.23611653089063608,13.382962754552086,12.786310049924218,0.0,0.16342129409335632,0.1,0.0031859874725341797,0.0907747745513916,0.050089877,1.430331,13.127569228454895,0.0,0.14673073872046746,0.0,300,0.03012824058532715,0.0012330392395257152,0.0011551083699533353,547951,13.478372458805952,0.0
1849,2.5573537349700928,13.410592787580496,0.0416874665108251,13.473895227896328,13.368141545200862,0.0,0.15492279409567758,0.1,0.0030679702758789062,0.07794451713562012,0.05038383,0.6417533,13.155871584367455,0.0,0.14985495795531606,0.0,300,0.03187227249145508,0.0008739779680234548,0.000762270628727965,548251,13.446611423564343,0.0
1850,2.6589951515197754,13.210631464959588,0.04689124576722168,13.267265007130712,13.137274538595058,0.0,0.1610855630977933,0.1,0.00321197509765625,0.07709932327270508,0.050145295,1.6515853,13.161347572426669,0.0,0.1472977851307475,0.0,300,0.030463457107543945,0.0011607122605181317,0.0009076648764504014,548551,13.480269898434562,0.0
1851,2.633427381515503,13.380818646908542,0.06250768564569766,13.471414707712677,13.304833559299345,0.0,0.16939795098400917,0.1,0.0031061172485351562,0.06187582015991211,0.049907148,0.64077896,13.183294679874857,0.0,0.14946947684679807,0.0,300,0.03977251052856445,0.0017296409059411588,0.0007830336222746362,548851,13.469273057983948,0.0
1852,2.671552896499634,12.94448158290525,0.6322670835144285,13.39355157561047,11.864587060104029,0.0,0.1633655955315983,0.1,0.003123044967651367,0.06132078170776367,0.050038826,0.85483915,13.159413370177896,0.0,0.14372134701544692,0.0,300,0.030864953994750977,0.0030269631477191153,0.0014385796281974389,549151,13.325308405750034,0.0
1853,2.660374879837036,12.970717984106386,0.2559379835395241,13.3589189388129,12.716386480062035,0.0,0.1467060905947744,0.1,0.0032377243041992188,0.060831546783447266,0.049671337,2.559552,13.140543831570746,0.0,0.14398509684217406,0.0,300,0.04198455810546875,0.0013660408510040023,0.0010668392622352962,549451,13.511033270824269,0.0
1854,2.6398653984069824,13.023010481438398,0.2371081082926003,13.270510433935193,12.6951554015365,0.0,0.15400210566027014,0.1,0.0030755996704101562,0.058882713317871094,0.049791563,0.75142026,13.12879049655751,0.0,0.14466143809426388,0.0,300,0.030538082122802734,0.002276675132654392,0.0021989714291911796,549751,13.454639524023937,0.0
1855,2.6722586154937744,13.190199750764883,0.15166821118038518,13.336264290381301,12.935772702733138,0.0,0.16332020936392058,0.1,0.0030853748321533203,0.05891680717468262,0.04971761,1.0643821,13.134931421978248,0.0,0.14692902948448536,0.0,300,0.03047013282775879,0.0026066087382672987,0.0008437346392521183,550051,13.398395120898215,0.0
1856,2.6054768562316895,13.244219915278915,0.10633106848580341,13.42427546340167,13.14977381304237,0.0,0.16447078270117962,0.1,0.003093242645263672,0.09253478050231934,0.05025493,0.6432345,13.145860271308315,0.0,0.14763645994311841,0.0,300,0.030131816864013672,0.001360426571174611,0.0009079070868707373,550351,13.442611060239047,0.0
1857,2.6778910160064697,12.950164688577697,0.21754643911965052,13.228657816181727,12.638303062597105,0.0,0.17129753116869492,0.1,0.002865314483642578,0.056696414947509766,0.050164863,0.54183084,13.126290713035253,0.0,0.14386090597320375,0.0,300,0.03039717674255371,0.001273221418888568,0.0009517612561171314,550651,13.596191984274972,0.0
1858,2.6760547161102295,12.61146908668114,1.0436924229997122,13.339767546911505,10.808929249607392,0.0,0.1525552586038283,0.1,0.002967357635498047,0.09134292602539062,0.049340025,0.42889786,13.074808550399844,0.0,0.13931475426086345,0.0,300,0.03101348876953125,0.003716828501699872,0.0033597912795634895,550951,13.545014306985697,0.0
1859,2.7326855659484863,13.228406085613555,0.23377321477119353,13.470224793026446,12.853494797823418,0.0,0.15999417024051013,0.1,0.0031158924102783203,0.057497262954711914,0.049912345,1.0122421,13.090168303921216,0.0,0.14747151003590755,0.0,300,0.03059697151184082,0.002102375899875259,0.0012350969200421997,551251,13.55432807248774,0.0
1860,2.711953639984131,13.168339119940935,0.11149786070067448,13.298475835298479,12.991113182145822,0.0,0.1611617554454033,0.1,0.003047943115234375,0.06421995162963867,0.04971725,1.2011334,13.097985385523188,0.0,0.14662148754050108,0.0,300,0.0594937801361084,0.0011118977266615956,0.0008629390043154217,551551,13.592001734546416,0.0
1861,2.7563858032226562,13.339903018354617,0.06953759893105023,13.452127571072038,13.2615220490952,0.0,0.1662347628848121,0.1,0.002941608428955078,0.0566868782043457,0.04987173,0.8371566,13.122177148806331,0.0,0.148898927990888,0.0,300,0.029834747314453125,0.001670839619139772,0.0013566820316892568,551851,13.397464288924178,0.0
1862,2.7255356311798096,13.25891511710533,0.09479686685522179,13.389805936882674,13.16772228750995,0.0,0.16092281029227495,0.1,0.003068208694458008,0.058125972747802734,0.049801383,0.7324285,13.135850945636232,0.0,0.14783959822600323,0.0,300,0.03290724754333496,0.001219227034610727,0.0010721146492347448,552151,13.528651880806656,0.0
1863,2.6155176162719727,13.151733752902475,0.16158134709120167,13.33176674181307,12.936256793340032,0.0,0.15383389862063632,0.1,0.003699064254760742,0.06017041206359863,0.04938399,2.0072653,13.137439226362858,0.0,0.14641789493811264,0.0,300,0.030244827270507812,0.0009748160749287329,0.0009318246280389621,552451,13.274411051596156,0.0
1864,2.606534481048584,12.826891282491655,0.23198929757748155,13.144776105866756,12.489370724023907,0.0,0.15258406433774507,0.1,0.0033729076385498047,0.06048107147216797,0.049342755,1.0429265,13.106384431975737,0.0,0.14206172096934377,0.0,300,0.0310823917388916,0.001368253802808434,0.0012106650116707135,552751,13.470129755771316,0.0
1865,2.6589889526367188,13.23282217626378,0.07863806473034803,13.294311584657871,13.097882494517252,0.0,0.17130165972615571,0.1,0.0033698081970214844,0.06129860877990723,0.049757212,1.0919037,13.119028206404542,0.0,0.14751785789547076,0.0,300,0.052487850189208984,0.0021903907470603675,0.0010826040109105533,553051,13.460017741361893,0.0
1866,2.616313934326172,11.271068834423996,3.038354409403402,13.226816659997336,6.022181437053194,0.0,0.14959492643381503,0.1,0.0033369064331054688,0.0597989559173584,0.04980901,0.44122583,12.934232269206488,0.0,0.12172149644251049,0.0,300,0.030642032623291016,0.05856611448534076,0.02762927812591617,553351,13.415386964205515,0.0
1867,2.5816099643707275,13.007221205243667,0.26020346547215595,13.26884444205469,12.575814378089895,0.0,0.15809695964383022,0.1,0.00328826904296875,0.059461355209350586,0.049643137,1.0695039,12.941531162810207,0.0,0.14446421037180937,0.0,300,0.06399989128112793,0.011727656784105783,0.0041549338847404445,553651,13.362781853886078,0.0
1868,2.6729042530059814,13.303948670661411,0.12256001622641034,13.41684565573687,13.114743175620042,0.0,0.14955291296333273,0.1,0.0030536651611328125,0.058199167251586914,0.049355127,1.4911046,12.977772913595329,0.0,0.14843037846004542,0.0,300,0.03043222427368164,0.00521675930951738,0.004074885558493193,553951,13.599731508622627,0.0
1869,2.6801657676696777,13.063012426676643,0.24925372553317446,13.302348760311093,12.686737359628427,0.0,0.1513435071247438,0.1,0.003119230270385742,0.06073784828186035,0.049781498,5.4150715,12.986296864903462,0.0,0.14534615265054884,0.0,300,0.03060150146484375,0.006817937142574665,0.0054036151010683955,554251,13.5409681468386,0.0
1870,2.6254680156707764,13.130860261062224,0.1721263721268663,13.29752375359137,12.847858315511669,0.0,0.15424175163666654,0.1,0.0030875205993652344,0.07736372947692871,0.04946222,0.58860147,13.00075320451934,0.0,0.14615119869155613,0.0,300,0.035837411880493164,0.00888354220571407,0.0028605943652170555,554551,13.450893974712438,0.0
1871,2.6485180854797363,13.142729290540382,0.32488209979882265,13.580262858912631,12.672003622679792,0.0,0.15114280011421408,0.1,0.003107786178588867,0.058777809143066406,0.049266364,1.3386759,13.014950813121445,0.0,0.1463049428736371,0.0,300,0.030701160430908203,0.0020295555841770324,0.0023225772684646365,554851,13.550050935193697,0.0
1872,2.673447370529175,12.857746563577718,0.22013025090927274,13.102978502964636,12.527029429305225,0.0,0.15088288984542125,0.1,0.003081798553466797,0.09294486045837402,0.049882926,1.1274815,12.999230388167073,0.0,0.1425660323765131,0.0,300,0.029574871063232422,0.0035331043460427158,0.003076586158474004,555151,13.67278574074024,0.0
1873,2.6994426250457764,13.24726999351297,0.09062943893441898,13.332749727997658,13.109201192156485,0.0,0.14495679808302242,0.1,0.003007173538208008,0.059020042419433594,0.050012078,1.6370435,13.024034348701662,0.0,0.14767889871942927,0.0,300,0.030312299728393555,0.0025542551383308703,0.0012528836254424541,555451,13.460870132056561,0.0
1874,2.6956849098205566,12.996919607258043,0.21214525855317806,13.23681937639095,12.759611539694815,0.0,0.14978548378668577,0.1,0.003139972686767578,0.08712148666381836,0.049709465,0.8957556,13.021322874557299,0.0,0.14448729440512573,0.0,300,0.03022313117980957,0.0018794502640014457,0.0018132487469308587,555751,13.550820848906397,0.0
1875,2.6939761638641357,13.30959273017571,0.05333697199564337,13.40115490317629,13.26841465197831,0.0,0.1627968063521963,0.1,0.002985715866088867,0.06748318672180176,0.04993359,1.4609373,13.050149860119141,0.0,0.14857552754438177,0.0,300,0.030983924865722656,0.0012546265877315611,0.0009358713718190573,556051,13.638333531205832,0.0
1876,2.648420572280884,12.932756774084865,0.260950930407922,13.11170239168729,12.482893431114315,0.0,0.15214649534746966,0.1,0.0030231475830078125,0.059642791748046875,0.05301978,0.493703,13.038410551515714,0.0,0.1436081684144432,0.0,300,0.030230283737182617,0.002429975227151657,0.0019097556177838614,556351,13.581611643833961,0.0
1877,2.659372091293335,13.185254884694867,0.345696336511441,13.505561036561968,12.606756291404281,0.0,0.16165810887920187,0.1,0.004604816436767578,0.0565190315246582,0.04970417,0.7173535,13.05309498483363,0.0,0.14686284628585244,0.0,300,0.033423662185668945,0.0016476166431813692,0.0014296586031633941,556651,13.589115082834757,0.0
1878,2.631122350692749,12.921185351050852,0.3697536590536509,13.282597760759309,12.32987215014349,0.0,0.1590239987325053,0.1,0.003080606460571289,0.05835747718811035,0.05018004,0.8397654,13.039904021455353,0.0,0.1433868318354325,0.0,300,0.06262946128845215,0.002558138527334415,0.0017932497965787461,556951,13.467199017043157,0.0
1879,2.6612250804901123,13.078859297157724,0.2839228157254573,13.359577376954585,12.612970160682071,0.0,0.1503796890554265,0.1,0.003077983856201172,0.0590519905090332,0.050168756,2.115179,13.04379954902559,0.0,0.1454647293546525,0.0,300,0.030135631561279297,0.0024149424614019538,0.001342087787685642,557251,13.438589985874572,0.0
1880,2.638751268386841,12.851981859910932,0.5332643857772976,13.290419200226655,11.957638011497224,0.0,0.15003538996339308,0.1,0.0035266876220703125,0.06343221664428711,0.05013499,1.1342347,13.024617780114125,0.0,0.1424364570925679,0.0,300,0.030518531799316406,0.001910728007664414,0.002059412189432679,557551,13.582504517634156,0.0
1881,2.6893796920776367,12.896240226826169,0.5626978172035095,13.389144753942594,12.013100842094046,0.0,0.1497863571190828,0.1,0.0032961368560791016,0.06130480766296387,0.050088234,1.7986363,13.01178002478533,0.0,0.1429943130590532,0.0,300,0.030562400817871094,0.0053277279452049325,0.0031429255771331646,557851,13.423021049734105,0.0
1882,2.6069998741149902,12.472076202627976,1.2634199748217607,13.36016934826205,10.290453081980573,0.0,0.14572419664321964,0.1,0.0033631324768066406,0.05838298797607422,0.049934287,0.41845185,12.957809642569593,0.0,0.13752085261109556,0.0,300,0.055060625076293945,0.007140112587056632,0.005071418707332349,558151,13.403971297467328,0.0
1883,2.689863920211792,13.281201007690905,0.1083892394757605,13.425141825816867,13.128063013218906,0.0,0.1569509025717821,0.1,0.0034232139587402344,0.06171989440917969,0.050071076,1.8031605,12.990148779081725,0.0,0.14818619259444937,0.0,300,0.034065961837768555,0.0031089966065431366,0.002702564378160441,558451,13.505783961040429,0.0
1884,2.6831681728363037,13.078594773186584,0.26804055493506346,13.318280540580362,12.662134749747466,0.0,0.1512020720418401,0.1,0.0031189918518066406,0.09549427032470703,0.049728762,1.3253863,12.99899337849221,0.0,0.14547009890536378,0.0,300,0.029947996139526367,0.004242235737510457,0.0015007554693107555,558751,13.493317239032327,0.0
1885,2.691185235977173,13.035868702918043,0.3421352482625341,13.247473009229923,12.443875679553367,0.0,0.14457279738302217,0.1,0.0031545162200927734,0.05898714065551758,0.048498966,0.70396125,13.002680910934794,0.0,0.1448362318653646,0.0,300,0.03043961524963379,0.0013097949891807896,0.0013930386390687834,559051,13.39784105394879,0.0
1886,2.620455265045166,13.05136773196405,0.1292151108566413,13.203423391360872,12.855816167695934,0.0,0.15878679123696077,0.1,0.0030634403228759766,0.05894899368286133,0.050538205,0.9690805,13.007549593037721,0.0,0.1451511242178118,0.0,300,0.029769182205200195,0.0010812085917716952,0.001067615194748808,559351,13.592840207912142,0.0
1887,2.6581711769104004,12.822928167103369,0.6917248325414523,13.27855777880114,11.626422473107953,0.0,0.16339276948021247,0.1,0.0030121803283691406,0.059174537658691406,0.050150122,0.5289031,12.989087450444286,0.0,0.14212436436738288,0.0,300,0.03043961524963379,0.00467997564133258,0.0034904048488821164,559651,13.38310461875603,0.0
1888,2.652364730834961,13.212625280523541,0.16989486326755593,13.447545504245596,13.048008060785595,0.0,0.1470486325342849,0.1,0.0029659271240234375,0.05687093734741211,0.050019577,0.9642332,13.011441233452212,0.0,0.14725067200870992,0.0,300,0.029491186141967773,0.004465157594460857,0.0016086930728540774,559951,13.410012375260772,0.0
1889,2.737616777420044,13.178146723012176,0.08924479208855489,13.318418892433785,13.091289951271744,0.0,0.14979048362095793,0.1,0.003034830093383789,0.06476950645446777,0.051370822,14.162777,13.028111782408208,0.0,0.14685297603710784,0.0,300,0.03053116798400879,0.0013282798913069897,0.0007775906107307911,560251,13.525930360387898,0.0
1890,2.666525363922119,13.1151405381428,0.13611999432663288,13.24316472960008,12.885947444497004,0.0,0.16216293507823704,0.1,0.003244161605834961,0.09481596946716309,0.049812183,1.2417914,13.036814657981667,0.0,0.14596209603446503,0.0,300,0.029762744903564453,0.001180146932540671,0.001482541067318628,560551,13.451952403806336,0.0
1891,2.7312517166137695,13.065145458970884,0.34076352641508834,13.329328580605335,12.480598004204696,0.0,0.16598354542213237,0.1,0.0029985904693603516,0.05717897415161133,0.050107792,0.96913135,13.039647738080589,0.0,0.14525579819407358,0.0,300,0.05146050453186035,0.0013319496861993621,0.0012467380700784258,560851,13.491141184621716,0.0
1892,2.739367961883545,13.161460252488563,0.11249864947129788,13.252377145493519,12.969398167016093,0.0,0.14510954102937898,0.1,0.005956888198852539,0.057003021240234375,0.050746545,1.0537933,13.051828989521388,0.0,0.14656442052826701,0.0,300,0.0296630859375,0.001486403699982756,0.0008903317730032193,561151,13.442710923566663,0.0
1893,2.635735273361206,13.236452224576244,0.04559287662966548,13.285157782609623,13.183819684057902,0.0,0.15403864886212237,0.1,0.0029120445251464844,0.06639480590820312,0.05000227,0.59129125,13.070291313026875,0.0,0.14754731904650437,0.0,300,0.03529834747314453,0.0009154935936828277,0.0005293523257017931,561451,13.548760797550498,0.0
1894,2.684347629547119,13.207368065399196,0.3185661923549845,13.546466854953705,12.685154444816442,0.0,0.15319321655009308,0.1,0.00363922119140625,0.0617372989654541,0.049731884,0.8348116,13.083998988264106,0.0,0.1471275424296451,0.0,300,0.030808210372924805,0.0011726260732921351,0.0011839752301115068,561751,13.526031705324842,0.0
1895,2.66335391998291,12.801214937557448,0.5568748838799351,13.2632544299994,11.891367742791784,0.0,0.16322505562416884,0.1,0.0032842159271240234,0.06189370155334473,0.050211307,0.5992422,13.055720583193441,0.0,0.14174560423727833,0.0,300,0.03197050094604492,0.004810621102305147,0.003915196502594886,562051,13.545065382886685,0.0
1896,2.638378858566284,13.402043734804883,0.05094159817075607,13.487763747937947,13.354575406047163,0.0,0.16080533664096017,0.1,0.003300189971923828,0.06037259101867676,0.04993479,1.4995571,13.090352898354585,0.0,0.1497379213036266,0.0,300,0.030321598052978516,0.0020176642305272116,0.0007465876240954999,562351,13.474087243318676,0.0
1897,2.65912127494812,12.9754103773783,0.26474849171106013,13.339446074098204,12.66880899741526,0.0,0.15283700403351466,0.1,0.003163576126098633,0.06139850616455078,0.050105717,1.1624185,13.078858646256956,0.0,0.14409937083614122,0.0,300,0.030149459838867188,0.0020029434525386854,0.0011824744073750941,562651,13.468776131614149,0.0
1898,2.6280829906463623,13.23262768567381,0.12162886734077087,13.405969896707312,13.064506779989479,0.0,0.16228909763656493,0.1,0.0030760765075683594,0.0910181999206543,0.04959828,0.86938953,13.09423555019864,0.0,0.14748610181949734,0.0,300,0.030315876007080078,0.0011357166108167793,0.0010503329808711972,562951,13.218687808552062,0.0
1899,2.744572401046753,13.07234938398378,0.35482808024600826,13.41413153406466,12.488670177875496,0.0,0.1597851551897376,0.1,0.0030527114868164062,0.061682701110839844,0.049735025,0.89946043,13.092046933577155,0.0,0.14541788547435466,0.0,300,0.030310869216918945,0.0011966732081575954,0.0011742252080501135,563251,13.403412589215547,0.0
1900,2.692225694656372,11.512271609752474,3.0504348290012913,13.28286492291848,6.228777245991385,0.0,0.15317695036411022,0.1,0.003116607666015625,0.06118464469909668,0.04956501,0.50003695,12.934069401194687,0.0,0.12491417958128437,0.0,300,0.02910780906677246,0.051094615581628214,0.03504454921006482,563551,13.399710727648598,0.0
1901,2.71234393119812,13.25349533330346,0.14597397324240052,13.458563333313764,13.045737691078761,0.0,0.16498485430307416,0.1,0.0045986175537109375,0.059206485748291016,0.05019096,0.95467305,12.966011994405566,0.0,0.1477449423766488,0.0,300,0.05392622947692871,0.019502458480436653,0.0037447886737399993,563851,13.437188084115528,0.0
1902,2.6941516399383545,13.13453696443197,0.14606465707174937,13.333509358186014,12.923242520207173,0.0,0.149806960977164,0.1,0.003003835678100586,0.05709648132324219,0.049687713,1.4069197,12.982864491408208,0.0,0.14620463396794015,0.0,300,0.03118133544921875,0.005242504532724404,0.0030775155084841153,564151,13.441618666039282,0.0
1903,2.7782986164093018,13.283888836519782,0.045941937873874385,13.359806592972385,13.238837882529182,0.0,0.158147812060622,0.1,0.0031647682189941406,0.05895805358886719,0.050099622,0.790651,13.012966925919367,0.0,0.14815570337032966,0.0,300,0.029706954956054688,0.0025806018588873324,0.004444076720788853,564451,13.5104995879897,0.0
1904,2.687986135482788,12.97532381546858,0.5151749512606835,13.536723512227566,12.145665472771244,0.0,0.14090797098273847,0.1,0.003172636032104492,0.06112480163574219,0.04974481,0.57146144,13.009202614874289,0.0,0.14409369411791392,0.0,300,0.030096054077148438,0.003474597349908235,0.002591524640476372,564751,13.50276918380329,0.0
1905,2.6863064765930176,13.02615340258306,0.23998113335267368,13.267943390323913,12.644532150586752,0.0,0.15125991203437986,0.1,0.0031502246856689453,0.060698747634887695,0.048973437,2.6912153,13.010897693645166,0.0,0.14473739160105262,0.0,300,0.02998948097229004,0.002232649471142488,0.002152161776406756,565051,13.427085359740012,0.0
1906,2.7453064918518066,13.035022902291566,0.47381144000297776,13.418214090285582,12.255367122227684,0.0,0.15493896666022525,0.1,0.0030417442321777344,0.059394121170043945,0.05040649,1.4955672,13.013310214509806,0.0,0.14487863987499333,0.0,300,0.030280351638793945,0.00240559770212624,0.0018554804433417572,565351,13.289895036250451,0.0
1907,2.7907514572143555,13.181930436349667,0.33420531464170217,13.432150540881132,12.609611331717277,0.0,0.1489345445665142,0.1,0.003065347671508789,0.061007022857666016,0.05070089,5.287166,13.030172236693792,0.0,0.14682023508337583,0.0,300,0.030151844024658203,0.0013558625738377536,0.0009977419692331277,565651,13.517036678262963,0.0
1908,2.6658952236175537,13.084794015436431,0.4943247489944786,13.436284990975528,12.238764958757884,0.0,0.15639207099610453,0.1,0.0035812854766845703,0.05993175506591797,0.050097253,0.75880414,13.035634414568056,0.0,0.14558470855675318,0.0,300,0.03061819076538086,0.0021935325677734105,0.002016883961897871,565951,13.334579581048695,0.0
1909,2.702333450317383,13.356563859099017,0.1274972730791906,13.568514934309006,13.228750984696903,0.0,0.16141616032630274,0.1,0.003214120864868164,0.059834957122802734,0.051917,0.55398655,13.067727359021152,0.0,0.14912713867613175,0.0,300,0.04997897148132324,0.00105650319672173,0.0007069488036399044,566251,13.578306434970704,0.0
1910,2.725301504135132,12.853170794212009,0.8735464686895397,13.414855370238703,11.341838036273503,0.0,0.14537649799126454,0.1,0.0032737255096435547,0.05807805061340332,0.049294736,0.8074767,13.046271702540238,0.0,0.1425114144638527,0.0,300,0.02840709686279297,0.004209870593116992,0.003624386256775258,566551,13.417045751230269,0.0
1911,2.6921231746673584,13.184087982295587,0.12415175024954697,13.360445505237308,13.009501924535803,0.0,0.15549194613401557,0.1,0.003238201141357422,0.057712554931640625,0.04992245,1.414124,13.060053330515773,0.0,0.1468448106924755,0.0,300,0.0303499698638916,0.0022110571948463025,0.0017248599120611842,566851,13.43253790223846,0.0
1912,2.6495351791381836,13.19374669215933,0.11483338916279777,13.332104248290007,13.02616861620831,0.0,0.1586352023646478,0.1,0.003258228302001953,0.09588098526000977,0.050287675,1.0009075,13.07342266668013,0.0,0.1469443493832966,0.0,300,0.03041529655456543,0.0012710786276745292,0.0011163738930422963,567151,13.572400473649296,0.0
1913,2.7201428413391113,12.885851533377343,0.4448420451019001,13.472361753589032,12.226158614340532,0.0,0.14791559238230145,0.1,0.0030601024627685547,0.05744504928588867,0.050056316,0.76526767,13.054665553349853,0.0,0.14285911252384248,0.0,300,0.029633760452270508,0.00190220025779867,0.0015782989030474282,567451,13.465907254390432,0.0
1914,2.675267457962036,13.297012389524019,0.1917752134703477,13.45206354751582,12.976093041840313,0.0,0.16819453901183787,0.1,0.0030236244201660156,0.05757856369018555,0.04993463,0.89219576,13.078900236967272,0.0,0.1483702673461549,0.0,300,0.035955190658569336,0.0010830601113272786,0.0010196545419137947,567751,13.374346881460356,0.0
1915,2.5920157432556152,12.618994762961018,0.8876824638351919,13.263340608728411,11.102483243613335,0.0,0.14558039240395232,0.1,0.0031571388244628906,0.05908942222595215,0.050438963,0.5668695,13.032909689566647,0.0,0.13933832375209873,0.0,300,0.030183076858520508,0.004364018409671217,0.0028918208731428872,568051,13.366675510421835,0.0
1916,2.6938366889953613,13.375725218988595,0.148688502889019,13.556739913218639,13.143112138944822,0.0,0.1632315568321252,0.1,0.002995729446411133,0.059279680252075195,0.049904134,1.1813713,13.067191242508843,0.0,0.14937209541129484,0.0,300,0.030833721160888672,0.0033067614063185683,0.0011685851958337927,568351,13.451725548017015,0.0
1917,2.638108253479004,12.78059629524666,0.6255736757298653,13.4109335606413,11.822152316154645,0.0,0.15591023819735392,0.1,0.0030863285064697266,0.06641626358032227,0.050242558,0.61446357,13.038531747782624,0.0,0.1415334110547104,0.0,300,0.04965019226074219,0.001988464833977548,0.002398217944590598,568651,13.487576745859942,0.0
1918,2.703524112701416,13.171146012872317,0.14627722725236744,13.40570802613858,13.006426355236862,0.0,0.16236264872773243,0.1,0.003167390823364258,0.06100821495056152,0.0497478,1.1898698,13.051793174291594,0.0,0.14672099212693118,0.0,300,0.03014063835144043,0.001201059119662344,0.0013986956986928533,568951,13.236497701831299,0.0
1919,2.8054280281066895,12.759633820406664,0.5023808752102004,13.266170812853225,12.074142712463328,0.0,0.14936923131966598,0.1,0.0029621124267578125,0.05708932876586914,0.049632892,0.6964328,13.022577238903102,0.0,0.14122137438979998,0.0,300,0.030849695205688477,0.0023399067836515175,0.0016561661066072633,569251,13.409934722815278,0.0
1920,2.6510748863220215,13.061482420680196,0.38070650560747527,13.363972295242096,12.408247430716306,0.0,0.16216746468800672,0.1,0.0028994083404541016,0.06429171562194824,0.049418796,1.0017295,13.02646775708081,0.0,0.14520432150490836,0.0,300,0.030815601348876953,0.0008972188569784268,0.000767562601280262,569551,13.385915051339936,0.0
1921,2.7371013164520264,13.214058598820376,0.17622059951793498,13.432545458279575,12.956807714291038,0.0,0.15217935518999226,0.1,0.00625157356262207,0.05811882019042969,0.049373128,1.3589431,13.045226841254769,0.0,0.14720047352866675,0.0,300,0.03136253356933594,0.0009761998005433897,0.0009759855185948208,569851,13.46110944169689,0.0
1922,2.626427173614502,12.754107402342624,0.40678230780937835,13.252800673694743,12.218472522440399,0.0,0.15095210639046502,0.1,0.010316610336303711,0.0682823657989502,0.049950656,1.1934935,13.016114897363554,0.0,0.14121199228782505,0.0,300,0.03072071075439453,0.002150386934203809,0.001950133361929146,570151,13.388748852568122,0.0
1923,2.6738712787628174,13.280492163295104,0.11512131231138181,13.437601537141344,13.113059048858029,0.0,0.1583140155579991,0.1,0.0033483505249023438,0.059778451919555664,0.04983555,1.5130163,13.04255262395671,0.0,0.1481058418920424,0.0,300,0.030416250228881836,0.001848065454802453,0.0013223899739445927,570451,13.404135079132509,0.0
1924,2.611997365951538,13.200112393658483,0.1473289767666947,13.328802564179583,12.958378735836385,0.0,0.15770475509476098,0.1,0.003304719924926758,0.06108236312866211,0.049789764,8.730279,13.058308600926887,0.0,0.14712511706688047,0.0,300,0.030557870864868164,0.0012710402624579358,0.000748689684033561,570751,13.332746870506638,0.0
1925,2.6756367683410645,13.285687585954337,0.12021860313960166,13.488911730498465,13.176545697458385,0.0,0.1659554126333248,0.1,0.0033075809478759766,0.06097865104675293,0.050021574,0.7085835,13.081046499429632,0.0,0.14816894612362855,0.0,300,0.0305330753326416,0.00115468771332492,0.0011040425940269396,571051,13.413984726340194,0.0
1926,2.638554573059082,13.14432909335727,0.15593934245870567,13.34405408915618,12.961837697173456,0.0,0.1623994541353309,0.1,0.006258487701416016,0.06228017807006836,0.049971197,1.0020494,13.087374758822396,0.0,0.1464309101142925,0.0,300,0.029918909072875977,0.0008677133039394513,0.0008027533989765222,571351,13.37170599406516,0.0
1927,2.6333563327789307,13.253081088056565,0.08612514610191072,13.332554638507043,13.122553141751222,0.0,0.16501144648889676,0.1,0.003285646438598633,0.059514760971069336,0.050081525,0.90360516,13.103945391745814,0.0,0.14771962090251345,0.0,300,0.02981710433959961,0.001171275819770462,0.0009316459624221487,571651,13.38096939465789,0.0
1928,2.6344306468963623,13.302443666478995,0.09723153581638841,13.45938201870484,13.197515073088859,0.0,0.16297815554006082,0.1,0.003322601318359375,0.08594441413879395,0.04974003,0.9649583,13.123795219219133,0.0,0.1484025319479622,0.0,300,0.030382871627807617,0.0012309739824427146,0.0011339742197816194,571951,13.415014195382556,0.0
1929,2.6326539516448975,13.229176356073987,0.06870108244049554,13.337712386238332,13.1476429800155,0.0,0.162033607511266,0.1,0.0031647682189941406,0.05903744697570801,0.049792357,1.4020795,13.134333332904617,0.0,0.14740443356077162,0.0,300,0.03273725509643555,0.0013143250897724981,0.0009069610548779522,572251,13.456257791841617,0.0
1930,2.688279390335083,13.130227712738453,0.25460658751875104,13.351898742385988,12.708159445250194,0.0,0.15795696634413953,0.1,0.0030422210693359375,0.06069779396057129,0.04955567,1.4498839,13.133922770888,0.0,0.14613488218684226,0.0,300,0.06371736526489258,0.001107850557746104,0.0009464850712520995,572551,13.423671341547726,0.0
1931,2.6563260555267334,13.004031139813943,0.5027788178936871,13.35538389984214,12.135714008707442,0.0,0.1527703570496249,0.1,0.003116607666015625,0.05858802795410156,0.050469037,0.64693344,13.120933607780595,0.0,0.14442522485383102,0.0,300,0.03135561943054199,0.0029622563157880926,0.0025685396997487796,572851,13.412750781996186,0.0
1932,2.6864635944366455,12.69804721138432,0.6000207968812862,13.169876098379053,11.687218834518939,0.0,0.1536071534596954,0.1,0.003019571304321289,0.09276294708251953,0.050016843,0.6479811,13.078644968140967,0.0,0.1403928159164253,0.0,300,0.031047344207763672,0.0037159924375199825,0.0031757194712239392,573151,13.420118375806,0.0
1933,2.6851465702056885,13.271539143125274,0.10753326519756337,13.454805649796139,13.184777054426068,0.0,0.1460754350292953,0.1,0.0034956932067871094,0.057047128677368164,0.049840067,2.0492408,13.097934385639398,0.0,0.14806296135139374,0.0,300,0.030228614807128906,0.0007925039757638171,0.0006352002147862365,573451,13.485785147211132,0.0
1934,2.699779510498047,13.241127685193007,0.19955910827871873,13.484925327497672,12.941867601522215,0.0,0.15784467836552193,0.1,0.0029931068420410156,0.05961036682128906,0.05003325,1.0733926,13.11225371559476,0.0,0.14762216672717693,0.0,300,0.04670238494873047,0.001231976457010373,0.0009031483513498999,573751,13.499135963056347,0.0
1935,2.691310405731201,13.194662356757677,0.09951464963202535,13.316829004046644,13.055561774470892,0.0,0.15343659265171627,0.1,0.0029442310333251953,0.057122230529785156,0.050201293,0.8198567,13.120494579711051,0.0,0.14698478447472876,0.0,300,0.02942490577697754,0.0006623215627044801,0.0006838409694898292,574051,13.610603317591606,0.0
1936,2.671542167663574,13.131827813309323,0.39429065594331775,13.427253475631687,12.459039011561131,0.0,0.15330398654686744,0.1,0.0033605098724365234,0.06078505516052246,0.04951003,1.0581113,13.121627903070879,0.0,0.1463257979678276,0.0,300,0.030368328094482422,0.0013091970378079916,0.00104539687681768,574351,13.494939045246362,0.0
1937,2.7189104557037354,13.291944551562484,0.15686436647715743,13.484620264399888,13.052350634020408,0.0,0.16559152997386703,0.1,0.003045320510864258,0.05882859230041504,0.05010584,0.7238785,13.138659567920039,0.0,0.14824614634114364,0.0,300,0.03214740753173828,0.0009454283804315899,0.0009128863577853602,574651,13.52700304282351,0.0
1938,2.731316089630127,13.106173218631563,0.1413075868173418,13.335389959616677,12.983079345751868,0.0,0.15730740795113182,0.1,0.004493236541748047,0.058699846267700195,0.050211545,0.78473705,13.135410932991192,0.0,0.1457875030620306,0.0,300,0.060430049896240234,0.0009371569018804476,0.0008488241407931538,574951,13.426395690951411,0.0
1939,2.6487350463867188,12.745829326082674,0.46099078438304697,13.107485312222117,11.957569678420116,0.0,0.15124300837318863,0.1,0.0031328201293945312,0.06019186973571777,0.049922433,0.5789622,13.096452772300342,0.0,0.1410857721170791,0.0,300,0.03049159049987793,0.001766828008888028,0.0012996712552618376,575251,13.535807246236848,0.0
1940,2.6877925395965576,13.030746719668015,0.5144476472801518,13.50149518429653,12.160711754673608,0.0,0.14883298815548113,0.1,0.0038073062896728516,0.05853271484375,0.049207956,1.359703,13.089882167037109,0.0,0.1447807105160102,0.0,300,0.030611276626586914,0.0013227674514243433,0.001022903842322383,575551,13.464718213817681,0.0
1941,2.6675760746002197,13.066893977605705,0.38674508811254443,13.390133058121995,12.406293024112891,0.0,0.1657277113956955,0.1,0.0033779144287109375,0.0581202507019043,0.049569897,0.87511945,13.087583348093968,0.0,0.14534071398179577,0.0,300,0.042357683181762695,0.001671092292071063,0.0014058109093011385,575851,13.522912936430993,0.0
1942,2.6164865493774414,13.200878917143026,0.06761383466882417,13.300999325580332,13.111348273635198,0.0,0.15933831680965493,0.1,0.0034537315368652344,0.05977606773376465,0.05028569,1.174923,13.098912904998874,0.0,0.1470708563592168,0.0,300,0.0329737663269043,0.0008906736520517879,0.0007792499106732936,576151,13.452660717688596,0.0
1943,2.677344799041748,12.732384056551414,0.6785806017518278,13.381720037475928,11.66107232867115,0.0,0.14751944681726573,0.1,0.0033104419708251953,0.058817386627197266,0.0500085,0.6275353,13.062260020154127,0.0,0.14078642207703718,0.0,300,0.0300137996673584,0.002234658578097668,0.0018608552781255003,576451,13.389750978715767,0.0
1944,2.7224297523498535,12.760728591855454,1.0608191530585576,13.50105089272061,10.931926856010207,0.0,0.14539604571159184,0.1,0.014489889144897461,0.059793949127197266,0.050523918,0.6306161,13.03210687732426,0.0,0.14127994979976793,0.0,300,0.0308380126953125,0.0040970201774165865,0.0038146681205217473,576751,13.544203006270804,0.0
1945,2.6614632606506348,13.330370596289074,0.09783836820439047,13.434308236664284,13.231564769409168,0.0,0.15378832530642958,0.1,0.003384828567504883,0.09307312965393066,0.049706493,1.484994,13.061933249220742,0.0,0.14879255224619437,0.0,300,0.030937671661376953,0.0018908606678154352,0.0011948031333680394,577051,13.483287624719699,0.0
1946,2.7057180404663086,12.659150011490187,1.0019193645245295,13.305061171048731,10.927368376617602,0.0,0.14566644696599668,0.1,0.0031790733337402344,0.06146359443664551,0.050372135,0.53626895,13.021654925447686,0.0,0.13983688396875874,0.0,300,0.03040170669555664,0.004644404799531585,0.003106070157864191,577351,13.40036556756403,0.0
1947,2.70712947845459,12.831527091276815,0.5050811359900527,13.323062862561072,11.98545919680262,0.0,0.15484718543183595,0.1,0.003139019012451172,0.05959367752075195,0.050087415,0.6662991,13.0026421420306,0.0,0.14216798783158122,0.0,300,0.0307309627532959,0.0015971216052980562,0.0014861298115916874,577651,13.545810607600375,0.0
1948,2.73134183883667,13.091816984934844,0.25621524993086164,13.27207090968759,12.651455325966468,0.0,0.16379243634113014,0.1,0.0031883716583251953,0.09220671653747559,0.049847264,1.1647694,13.011559626321025,0.0,0.14560323458749494,0.0,300,0.031122922897338867,0.002009969867790536,0.0016854861849521217,577951,13.421362808051589,0.0
1949,2.680360794067383,13.257649022784026,0.07451600530802562,13.378603193882867,13.177763135455823,0.0,0.16052567996556957,0.1,0.003088712692260742,0.0890958309173584,0.050188657,1.5725933,13.036168565967326,0.0,0.14781675501242464,0.0,300,0.030367612838745117,0.0014317573480503057,0.0007758170815409056,578251,13.38021552525327,0.0
1950,2.7103371620178223,13.298103614457302,0.03839748685035476,13.364022036232598,13.2678555175029,0.0,0.17145609859583943,0.1,0.0029599666595458984,0.057023048400878906,0.050167974,0.59153026,13.062362070816324,0.0,0.148357192860614,0.0,300,0.05857229232788086,0.0008312343938019956,0.0007476192105870567,578551,13.489654934611023,0.0
1951,2.71673583984375,13.207843272363771,0.0742113010214345,13.270345609157605,13.082525470072444,0.0,0.15377915134300835,0.1,0.003058195114135742,0.057250261306762695,0.050584413,1.9776046,13.07691019097107,0.0,0.14712190671603043,0.0,300,0.030761003494262695,0.0007168164839515416,0.0006680029117080239,578851,11.314402808817407,0.0
1952,2.727494716644287,13.182577689943273,0.0668578444709834,13.265154218467488,13.086794315877135,0.0,0.16567154627152667,0.1,0.003075122833251953,0.05930781364440918,0.05030796,0.7255403,13.08747694086829,0.0,0.14681129934468373,0.0,300,0.03068375587463379,0.0008601871020361023,0.0007930179905755108,579151,13.371887760664661,0.0
1953,2.7270872592926025,13.175112944978169,0.1602443778244219,13.388383182252618,12.93680956922717,0.0,0.16362046651143353,0.1,0.003046751022338867,0.05869483947753906,0.04981337,1.1066842,13.096240541279279,0.0,0.14673234329916102,0.0,300,0.030956745147705078,0.0006587405734325948,0.0006395968726064454,579451,13.394326043668917,0.0
1954,2.734487533569336,13.333346313441936,0.09507449917277862,13.494902832815285,13.24955938162497,0.0,0.1693401779407968,0.1,0.0029850006103515625,0.06086921691894531,0.04982819,1.1283112,13.119951118495544,0.0,0.14880242317263928,0.0,300,0.03180718421936035,0.0008729769164267717,0.0006313881510643293,579751,13.584109291573137,0.0
1955,2.72436785697937,13.13280718191829,0.2863564897579915,13.43384869584711,12.685136716911227,0.0,0.1560523204977997,0.1,0.0030035972595214844,0.09561777114868164,0.049440354,0.8645341,13.121236724837818,0.0,0.14609998420865794,0.0,300,0.030202150344848633,0.0009492135770415413,0.0008378055445399732,580051,13.412110845123118,0.0
1956,2.7152204513549805,13.347869970274076,0.11213041793767181,13.439546590901706,13.157735353179538,0.0,0.16676302491329048,0.1,0.003511667251586914,0.06088829040527344,0.04987607,1.2039056,13.143900049381443,0.0,0.14902334778325776,0.0,300,0.031179189682006836,0.0007873240307700671,0.0006905403077118163,580351,13.492607307966464,0.0
1957,2.7598018646240234,12.930280530891066,0.6587530417578566,13.578994441925339,11.897024214782864,0.0,0.15543726353156245,0.1,0.0029282569885253906,0.0981607437133789,0.04986515,0.77472186,13.122538097532406,0.0,0.14344762994897114,0.0,300,0.030031681060791016,0.0019069620309003124,0.0017240358524375347,580651,13.438408330782714,0.0
1958,2.7131524085998535,13.350164700459004,0.1288553967096963,13.537168836211892,13.187930541433644,0.0,0.15413467357503882,0.1,0.005797863006591797,0.05868864059448242,0.049681112,3.1696825,13.145300757825066,0.0,0.14903944676831607,0.0,300,0.04596209526062012,0.001085306467045702,0.0008635063501664417,580951,13.391458911922113,0.0
1959,2.6854019165039062,13.060671033533675,0.23680588550593729,13.413359388309013,12.769338088788272,0.0,0.17118552697163658,0.1,0.003081798553466797,0.05817604064941406,0.049463686,0.91542745,13.136837785395926,0.0,0.14519839749093566,0.0,300,0.029252052307128906,0.0015063884479503268,0.001117111759860576,581251,13.545474919542764,0.0
1960,2.7257823944091797,12.849098564001853,0.39825307976870944,13.350037287739953,12.387596956106398,0.0,0.15364799945011348,0.1,0.0030167102813720703,0.060378074645996094,0.050311737,0.69410974,13.108063863256518,0.0,0.14242543162385818,0.0,300,0.030501604080200195,0.0025173143668854557,0.0019575981718055486,581551,13.362607761442424,0.0
1961,2.6654908657073975,13.149319952970162,0.1994960761853897,13.358820608900416,12.848436539467428,0.0,0.15797613826723916,0.1,0.0036313533782958984,0.060324668884277344,0.049761135,1.5661652,13.112189472227882,0.0,0.14642574520130924,0.0,300,0.03359031677246094,0.0006791579389972066,0.000643837959692409,581851,13.481495869219492,0.0
1962,2.703685998916626,13.218472047962905,0.12239153324020445,13.326031859706765,13.010418969755623,0.0,0.17182066051377595,0.1,0.0033960342407226562,0.06213188171386719,0.050169647,0.69184667,13.122817729801385,0.0,0.1473233305210946,0.0,300,0.03032708168029785,0.0008673579114454122,0.0006479747288529245,582151,13.41112171701547,0.0
1963,2.7010083198547363,13.13425496354931,0.2043136110318163,13.379785708034689,12.812515235353361,0.0,0.15467391208858966,0.1,0.003367185592651367,0.0629873275756836,0.0501896,0.5930833,13.123961453176177,0.0,0.14620342962559854,0.0,300,0.03069615364074707,0.0010822155035546065,0.0007138527991443565,582451,13.53131939065903,0.0
1964,2.685682773590088,13.086801749474592,0.21810241612666173,13.405584438909155,12.798247475169845,0.0,0.15955937084621483,0.1,0.0032913684844970703,0.06123065948486328,0.05017269,0.64842767,13.12024548280602,0.0,0.14549031506307172,0.0,300,0.03146815299987793,0.0014902810696536754,0.001055718183952161,582751,13.441687066315895,0.0
1965,2.724435806274414,12.79950295514464,0.8202178759260406,13.381228363649349,11.383807470416922,0.0,0.15176868877206237,0.1,0.0031447410583496094,0.05958867073059082,0.05002254,0.70930827,13.088171230039881,0.0,0.14178571458049638,0.0,300,0.0320281982421875,0.0017989022903236549,0.0016560792417808397,583051,13.63227527341886,0.0
1966,2.706658363342285,13.207244251261159,0.13411100023607253,13.369411294884234,13.047145065723052,0.0,0.161115005007865,0.1,0.0029897689819335938,0.09815382957458496,0.049854144,1.0588577,13.100078532162009,0.0,0.1471493331299938,0.0,300,0.030040979385375977,0.0013564328188691431,0.0009751844915728377,583351,13.46819044254221,0.0
1967,2.6534206867218018,13.066164487696232,0.3281036106700234,13.549587716281426,12.623924564817711,0.0,0.16678590113355551,0.1,0.003275156021118164,0.05835914611816406,0.0498277,0.9325525,13.09668712771543,0.0,0.14530143011354868,0.0,300,0.031019210815429688,0.001357417302625338,0.001131881970052608,583651,13.54623545289246,0.0
1968,2.6287786960601807,13.108091357477381,0.23093758557170685,13.363915964943054,12.73333399265081,0.0,0.15021036659164833,0.1,0.0033333301544189453,0.08547735214233398,0.049349252,1.0026366,13.097827550691626,0.0,0.14584775866010258,0.0,300,0.029773473739624023,0.0009713217609880197,0.000763039303417184,583951,13.49585181366586,0.0
1969,2.7690038681030273,13.276491327287804,0.38125908985936463,13.641857470364512,12.636118102564255,0.0,0.1656144364133467,0.1,0.011904478073120117,0.08322501182556152,0.05035356,0.7604392,13.115693928351243,0.0,0.14809689102114712,0.0,300,0.030383586883544922,0.001457532583568713,0.0012979643642420156,584251,13.609471433363518,0.0
1970,2.6457126140594482,13.188898911969996,0.27227271644304174,13.526013563589503,12.821540306680587,0.0,0.16237720252746193,0.1,0.0030791759490966797,0.059044837951660156,0.04995471,0.73522913,13.123014426713118,0.0,0.146888582306266,0.0,300,0.030203819274902344,0.0011315633709962347,0.0008363459601616936,584551,13.49089631434879,0.0
1971,2.6841483116149902,13.308339841555334,0.0749846921294549,13.393273552242137,13.187467605960496,0.0,0.17459540436886048,0.1,0.0031104087829589844,0.059125423431396484,0.050091706,0.8599003,13.141546968197341,0.0,0.148481739446729,0.0,300,0.030290603637695312,0.002019487762907618,0.0017716357640149608,584851,13.44440770766448,0.0
1972,2.778668165206909,13.091713896300833,0.4132049673886222,13.416974080290187,12.392204126000996,0.0,0.16543063022765978,0.1,0.0030634403228759766,0.06041097640991211,0.049683895,0.4891823,13.13656366100769,0.0,0.145586906893056,0.0,300,0.03223443031311035,0.0013717258035473698,0.0013059156252230816,585151,13.416011290901514,0.0
1973,2.691587209701538,13.282804781666403,0.21705315628538158,13.559750732910448,12.960513898707044,0.0,0.15827486032284924,0.1,0.002939939498901367,0.05861401557922363,0.05004394,1.2902257,13.151187773073561,0.0,0.148207608822904,0.0,300,0.031816720962524414,0.0009814701281729654,0.0008907815709525854,585451,13.443210717650375,0.0
1974,2.7026424407958984,13.0281665341726,0.08776205262795675,13.17071381670732,12.94355463585295,0.0,0.15885504015421226,0.1,0.003008127212524414,0.057068824768066406,0.050035533,0.9009376,13.138885649183464,0.0,0.14471982325153165,0.0,300,0.02995133399963379,0.0018689085005638094,0.0016624056982179464,585751,11.32888221341482,0.0
1975,2.7383246421813965,13.295748428645561,0.19541856194032767,13.602460796099768,13.08198971481484,0.0,0.1638998802868049,0.1,0.0038552284240722656,0.056594133377075195,0.050022807,1.0248927,13.154571927129675,0.0,0.14834358160701527,0.0,300,0.029779672622680664,0.0008027951008126531,0.0005673398758784294,586051,13.577295801692884,0.0
1976,2.7699077129364014,12.251795315213855,1.3107891339925288,13.3097717981988,10.057883412051584,0.0,0.145822888219906,0.1,0.003084897994995117,0.060582876205444336,0.048545774,0.45295498,13.064294265938093,0.0,0.1345372769917498,0.0,300,0.030201435089111328,0.009077007325545184,0.006447072502243796,586351,13.45518460722993,0.0
1977,2.622100591659546,13.311045721112476,0.14554103262444928,13.486801798020137,13.118422654549809,0.0,0.15770237055377972,0.1,0.003695964813232422,0.05998039245605469,0.0505436,1.8637177,13.088969411455531,0.0,0.14853051216568836,0.0,300,0.029881954193115234,0.003455518314549541,0.0017282391193118166,586651,13.234143411130153,0.0
1978,2.6941030025482178,13.364982457212566,0.08201132929051268,13.45259672956642,13.230670891595521,0.0,0.1683952428035278,0.1,0.0032973289489746094,0.05976414680480957,0.05000816,1.0175868,13.116570716031235,0.0,0.14922534004318197,0.0,300,0.029502153396606445,0.001071715827324161,0.0008383749697650671,586951,13.410856915951607,0.0
1979,2.6401491165161133,13.203992388340323,0.1519159393417067,13.37068436055113,13.007944833006647,0.0,0.17215948496869052,0.1,0.0034165382385253906,0.06018209457397461,0.050155304,0.77315176,13.125312883262144,0.0,0.14712170983987502,0.0,300,0.029128074645996094,0.0017655565332569273,0.0016961531166374128,587251,13.314820777001918,0.0
1980,2.5958244800567627,13.214524514575068,0.18325108753468072,13.460342537234801,13.024663734796949,0.0,0.16147534852975756,0.1,0.013642072677612305,0.05952119827270508,0.04963264,0.6268014,13.134234046393436,0.0,0.1472287868283333,0.0,300,0.029791593551635742,0.001161195408785538,0.0008591377356435146,587551,13.614905012697838,0.0
1981,2.6590347290039062,13.255930893282992,0.04205238396372912,13.322272800172108,13.205971884322986,0.0,0.15800774018135003,0.1,0.003213167190551758,0.059155941009521484,0.050614428,0.9079942,13.146403731082392,0.0,0.14786179745561756,0.0,300,0.02941417694091797,0.0008678657640949478,0.0006766362935092167,587851,13.605896616081205,0.0
1982,2.609067678451538,13.150027699045804,0.05659776175692862,13.214568261922889,13.09138173618479,0.0,0.1771665209157669,0.1,0.01015472412109375,0.06482625007629395,0.04999184,1.0717381,13.146766127878735,0.0,0.14645707563365534,0.0,300,0.029247760772705078,0.0008114701757151133,0.0007802271339076481,588151,12.332102689364168,0.0
1983,2.6414592266082764,13.144110976687932,0.08654764545293372,13.24989903635707,13.043229453174712,0.0,0.16018879064923125,0.1,0.0034143924713134766,0.08947396278381348,0.04976052,0.9341578,13.146500612759656,0.0,0.14633423428419803,0.0,300,0.028998613357543945,0.0011240921713323675,0.0009435735840529935,588451,13.32533778268868,0.0
1984,2.7233726978302,13.245738134900584,0.21621964216614814,13.413212084991375,12.880957732710836,0.0,0.15589624371167915,0.1,0.0030028820037841797,0.057195186614990234,0.0498785,1.8294438,13.156424364973748,0.0,0.14771563724022943,0.0,300,0.04564619064331055,0.0010553932656781548,0.0009280856167425889,588751,12.940806741332862,0.0
1985,2.77282977104187,13.381219021137422,0.1779295030072847,13.664400684332035,13.217690689343451,0.0,0.1640389200324622,0.1,0.002977609634399414,0.05823349952697754,0.05039616,0.95146036,13.178903830590118,0.0,0.14943170236451297,0.0,300,0.029498815536499023,0.0010558413963634786,0.0008238487251708248,589051,13.299037339819401,0.0
1986,2.8941314220428467,13.343190630106008,0.1770881066331188,13.625444874967044,13.163383641829009,0.0,0.15989726699792875,0.1,0.01877427101135254,0.059142351150512695,0.04982978,0.9384256,13.195332510541707,0.0,0.14898731138262702,0.0,300,0.03130364418029785,0.0014058160993885916,0.0009304364679035383,589351,13.29383774862533,0.0
1987,2.9056172370910645,12.953462979075313,0.13501557893342886,13.041955755547873,12.71988484865904,0.0,0.15696010283546663,0.1,0.0030336380004882812,0.05902695655822754,0.050065607,0.88028115,13.171145557395068,0.0,0.1437746238477032,0.0,300,0.04955744743347168,0.0014818862173765577,0.0011533781424243096,589651,13.046493533161586,0.0
1988,2.913062572479248,12.774223567760266,0.5490727811886925,13.435567281046284,12.08417166462868,0.0,0.157099576902073,0.1,0.0029540061950683594,0.058971405029296875,0.049948443,0.57509667,13.131453358431589,0.0,0.14146612235910458,0.0,300,0.03137397766113281,0.0019225875564999283,0.0017217601908508574,589951,13.587971551427794,0.0
1989,2.959869861602783,13.118632181545044,0.18321428223098635,13.414764440250545,12.923732234738438,0.0,0.1589432238747601,0.1,0.0029287338256835938,0.058118581771850586,0.04972836,1.1904653,13.130171240742936,0.0,0.14599319496948215,0.0,300,0.03255748748779297,0.0010514701299284613,0.0008556886123749947,590251,13.633196927929639,0.0
1990,3.571861982345581,13.18414156586037,0.2035939488469955,13.48063735228167,12.918119934698899,0.0,0.1560471200472503,0.1,0.0033257007598876953,0.0899801254272461,0.049993753,1.3222715,13.13556827325468,0.0,0.14688101168725962,0.0,300,0.030895233154296875,0.0009835021625896117,0.0007679649751702316,590551,13.567020323078713,0.0
1991,2.8482604026794434,13.047781230796646,0.6175817022224865,13.521514116367946,11.988391647349497,0.0,0.1685346817003018,0.1,0.003640890121459961,0.060100555419921875,0.04955024,0.80975366,13.126789569008878,0.0,0.14523211325324176,0.0,300,0.03428030014038086,0.004581949152428839,0.0036247197854121843,590851,13.549990325108665,0.0
1992,2.8989155292510986,13.230350952896565,0.21635441690366533,13.441608012864652,12.948309867068591,0.0,0.16169727953161198,0.1,0.003323793411254883,0.06271934509277344,0.049864594,0.7564,13.137145707397647,0.0,0.14743291521034663,0.0,300,0.03212904930114746,0.004535018132859428,0.0020325191020951396,591151,13.521230417833609,0.0
1993,2.957939386367798,13.322575175456144,0.03793968687361111,13.360469733315476,13.266272796632528,0.0,0.1711235107726842,0.1,0.0032548904418945312,0.06254911422729492,0.050150953,1.0138305,13.155688654203498,0.0,0.1486533067141089,0.0,300,0.03505730628967285,0.002055849399312339,0.0010779977462264073,591451,13.561173485872823,0.0
1994,2.9183545112609863,13.260050687706164,0.20385291524634197,13.55541969675558,13.04602136688456,0.0,0.1516749110899382,0.1,0.003253936767578125,0.05817079544067383,0.049678143,1.2797035,13.166124857553765,0.0,0.1478866415969775,0.0,300,0.029539108276367188,0.0009591840364698421,0.0011148547528595449,591751,13.105297699244709,0.0
1995,2.6633903980255127,13.413453123719346,0.1288691639780626,13.53370623103122,13.219406956030479,0.0,0.17385792385051207,0.1,0.005491018295288086,0.08174800872802734,0.04957648,0.9869218,13.190857684170323,0.0,0.14985588762390536,0.0,300,0.028632164001464844,0.001509015214905581,0.001266783371373926,592051,13.566700855644834,0.0
1996,2.714022397994995,12.9386239316816,0.46229922178031013,13.416424894460093,12.23918271024266,0.0,0.15514809594740794,0.1,0.0029761791229248047,0.057633399963378906,0.04982143,0.86143434,13.165634308921451,0.0,0.14355654624251837,0.0,300,0.031009435653686523,0.0021431116263968143,0.0011763200817587578,592351,13.702217948738529,0.0
1997,2.601278305053711,13.157514369420083,0.23288930182518255,13.332711476361538,12.757537759722554,0.0,0.16206418131692102,0.1,0.008461236953735352,0.09107494354248047,0.05006351,2.1428246,13.164822314971314,0.0,0.14652260562810432,0.0,300,0.029349088668823242,0.0012639960962409073,0.0008757692331968937,592651,13.659753629441608,0.0
1998,2.6554205417633057,13.32149870769577,0.11997203010785847,13.446516463405759,13.20130129663002,0.0,0.16243254472432125,0.1,0.0030994415283203125,0.059602975845336914,0.049704753,1.1797903,13.18048995424376,0.0,0.148697674425643,0.0,300,0.02852177619934082,0.0013609135949068805,0.001228981653869753,592951,13.673627587105045,0.0
1999,2.648988962173462,12.8715303352215,0.7159071741419788,13.353538240375642,11.633731912617744,0.0,0.17221294110053495,0.1,0.016237497329711914,0.06819629669189453,0.049937114,0.47296774,13.149593992341535,0.0,0.14274105242678958,0.0,300,0.02915167808532715,0.0035763095353760176,0.002383814584695492,593251,13.527991438811364,0.0
2000,2.7459566593170166,13.36935067716627,0.1617878820998677,13.549398919131907,13.128903578777066,0.0,0.1655046304733797,0.1,0.004482269287109375,0.0905921459197998,0.05013737,0.8882315,13.171569660824009,0.0,0.14934960293526856,0.0,300,0.028621435165405273,0.0024836147296156737,0.0011735514540232902,593551,13.121747592788688,0.0
2001,2.6675925254821777,13.379971100036617,0.12795383880065583,13.544265106720887,13.194290818071051,0.0,0.1578794664341245,0.1,0.003174304962158203,0.08037900924682617,0.05000427,1.0714309,13.192409804745271,0.0,0.14944799455373584,0.0,300,0.03630232810974121,0.0015030659112881032,0.00092834037375199,593851,13.287788626545582,0.0
2002,2.696101665496826,13.397314518675728,0.16937280378706426,13.683855187954236,13.263854536491639,0.0,0.16340498579802695,0.1,0.0030469894409179688,0.05868172645568848,0.050059635,0.6180259,13.212900276138317,0.0,0.14977520163940758,0.0,300,0.0270843505859375,0.0008756778497915168,0.0007416791702208134,594151,13.231910163203352,0.0
2003,2.7299726009368896,13.306488010799988,0.15510423933421338,13.449462006649577,13.053852402204608,0.0,0.15724100843092567,0.1,0.0031290054321289062,0.058737993240356445,0.049561698,0.71697855,13.222259049604485,0.0,0.14850533170722224,0.0,300,0.03211641311645508,0.001096759766652642,0.0010149671851476453,594451,13.446121023690237,0.0
2004,2.6624755859375,13.523380713048962,0.056506154932556306,13.614631556761577,13.467931771703674,0.0,0.1806935132424114,0.1,0.0037288665771484375,0.06035494804382324,0.05027503,0.79631233,13.252371215948934,0.0,0.15135192035248496,0.0,300,0.04296159744262695,0.0012482732652174943,0.001002908354568819,594751,13.299995100128571,0.0
2005,2.635601282119751,13.029070374912266,0.552833168109292,13.497854646210463,12.08653920057713,0.0,0.16701423822425635,0.1,0.004033088684082031,0.06690645217895508,0.05024272,0.9046576,13.230041131845267,0.0,0.14474519207051106,0.0,300,0.03253364562988281,0.004397327066148939,0.0023789969714663986,595051,13.532924892616457,0.0
2006,2.611492872238159,13.306623222196142,0.08281292507508574,13.426598321766917,13.224566854766001,0.0,0.15054301244121385,0.1,0.003307819366455078,0.08974385261535645,0.051096797,0.6010758,13.237699340880356,0.0,0.1484774985434258,0.0,300,0.0290067195892334,0.0031761323561035303,0.0008626712625951431,595351,13.453515593085271,0.0
2007,2.6535990238189697,13.382898054191674,0.11054302456523962,13.488149324426962,13.197740640979683,0.0,0.16398889604672495,0.1,0.0030024051666259766,0.0579071044921875,0.049614985,0.9360267,13.252219212211488,0.0,0.14942599917038474,0.0,300,0.029119014739990234,0.0013263107424607125,0.0008375894790668561,595651,13.682948925391747,0.0
2008,2.5762858390808105,13.071773316857781,0.16849419440501875,13.306133248565052,12.829724705907187,0.0,0.16334207167178147,0.1,0.0030760765075683594,0.0819547176361084,0.05030739,0.63106716,13.234174622676118,0.0,0.14534678288597133,0.0,300,0.033942222595214844,0.0014977185433308923,0.0018046766520162186,595951,12.671366974575376,0.0
2009,2.712911605834961,13.395866868201548,0.08787939843467449,13.486691083828335,13.257454610657808,0.0,0.16328495418097078,0.1,0.0031478404998779297,0.09212064743041992,0.050326556,0.749493,13.250343847228661,0.0,0.14961518265325247,0.0,300,0.03179192543029785,0.0029425900488357928,0.0015805059546073893,596251,13.479902186671744,0.0
2010,2.700516700744629,13.106786287407889,0.32465197778342114,13.485397486995225,12.603624116504097,0.0,0.1665120556978726,0.1,0.0030646324157714844,0.05917167663574219,0.050407376,0.75693357,13.235988091246584,0.0,0.14578053080958317,0.0,300,0.028957366943359375,0.0029365097784339045,0.001540303646341916,596551,13.507299016603618,0.0
2011,2.6539149284362793,12.669459348112106,0.6791498859093063,13.41490544840138,11.565418428312299,0.0,0.15307722124546486,0.1,0.00307464599609375,0.059435367584228516,0.050105788,0.68066484,13.179335216933138,0.0,0.1400886543883483,0.0,300,0.031070709228515625,0.002217013406124381,0.002270695482112049,596851,13.280059695201777,0.0
2012,2.7372725009918213,13.368912853666062,0.11558673594341182,13.54674163690566,13.233691521586362,0.0,0.14983106168768962,0.1,0.003081798553466797,0.06013059616088867,0.04962214,1.9553778,13.19829298060643,0.0,0.14936784284102816,0.0,300,0.029554367065429688,0.003997890526007219,0.0016179016882098668,597151,13.40682916368081,0.0
2013,2.6673004627227783,13.302808173537656,0.11358470850917934,13.410947311394075,13.113031723835045,0.0,0.1655653867804434,0.1,0.011269569396972656,0.0817568302154541,0.050151736,0.8158174,13.208744499899552,0.0,0.14840969348125443,0.0,300,0.02830672264099121,0.001426344051175575,0.000988484815294269,597451,13.505046278857291,0.0
2014,2.6748557090759277,13.341555496671951,0.14858365105325047,13.481456372291586,13.112391830020206,0.0,0.1670687896815437,0.1,0.0030782222747802734,0.05800604820251465,0.050200775,0.5360382,13.222025599576792,0.0,0.14888151556861906,0.0,300,0.04257774353027344,0.0006584372194728354,0.0008195140541203783,597751,13.474367115984217,0.0
2015,2.7443346977233887,13.28673600643283,0.12246768831486991,13.429325285944415,13.103029894623015,0.0,0.16408089005642434,0.1,0.0030837059020996094,0.059014081954956055,0.04891896,1.4315175,13.228496640262396,0.0,0.1481816440333511,0.0,300,0.028684616088867188,0.0008375947798002814,0.000705043616608439,598051,13.44549797399994,0.0
2016,2.6497409343719482,12.844542909120568,0.4999673076245744,13.278771343112986,12.010219975297066,0.0,0.1569965971670459,0.1,0.002972126007080078,0.061266422271728516,0.049416445,0.7421081,13.190101267148213,0.0,0.1423168465057709,0.0,300,0.029316186904907227,0.002273379506643522,0.0013948467057895008,598351,12.986454229694482,0.0
2017,2.599769115447998,13.399906859235857,0.07929415616687602,13.491267965444935,13.304055474046226,0.0,0.1660737681440382,0.1,0.003828763961791992,0.05829167366027832,0.050368354,1.0556444,13.211081826356978,0.0,0.14971962226323499,0.0,300,0.02834486961364746,0.001837165225053261,0.0007703112493330496,598651,13.450930983187249,0.0
2018,2.6542348861694336,13.381309386804544,0.10370462534362494,13.51168191824119,13.262504222543805,0.0,0.14778722957404197,0.1,0.008073091506958008,0.059854745864868164,0.049547352,1.9987193,13.228104582401734,0.0,0.14950407471611127,0.0,300,0.029340028762817383,0.0013159894867530544,0.0006707391276435141,598951,13.49128770218863,0.0
2019,2.6475303173065186,13.086909527912056,0.4910884295949699,13.437568238215126,12.2394038922989,0.0,0.15296439876471032,0.1,0.0033686161041259766,0.059885501861572266,0.051621158,0.5138146,13.213985076952767,0.0,0.1455091355053157,0.0,300,0.029621601104736328,0.002055606225827923,0.0015448470211630112,599251,13.368153404526078,0.0
2020,2.6845507621765137,13.311944330652029,0.15276209509812544,13.489352585770787,13.124173845703261,0.0,0.1667397767933796,0.1,0.0033555030822753906,0.062494754791259766,0.049464352,0.7778686,13.223781002322694,0.0,0.14852357144207703,0.0,300,0.0292665958404541,0.0006209333686537287,0.0006925628209023088,599551,13.092327184554085,0.0
2021,2.6778762340545654,13.15884225502201,0.18127756230486794,13.41488324408509,12.969055710597258,0.0,0.15852518114208836,0.1,0.003317594528198242,0.09022378921508789,0.050238036,1.8985708,13.217287127592625,0.0,0.14646305866196518,0.0,300,0.02906632423400879,0.00123051077052413,0.0011454831382383544,599851,13.619824531615558,0.0
2022,2.741523504257202,13.142796695507077,0.09961367247762268,13.297072659762447,13.02613803347052,0.0,0.16383165921488368,0.1,0.003128528594970703,0.09485888481140137,0.050191913,0.99826825,13.20983808438407,0.0,0.1462614105724914,0.0,300,0.028771162033081055,0.0010207484274880464,0.0007421933099396954,600151,12.53510242984626,0.0
2023,2.732621192932129,12.89405289866513,0.7261156429375386,13.451853368832445,11.66365500327346,0.0,0.1537911870865371,0.1,0.00321197509765625,0.06064558029174805,0.049876835,0.5125374,13.178259565812178,0.0,0.14292541005149056,0.0,300,0.0431218147277832,0.001865993473554382,0.001592378282341341,600451,13.62604451621626,0.0
2024,2.7821972370147705,13.171249634446076,0.43324227348124045,13.499041946903008,12.426788502906989,0.0,0.15499759030239504,0.1,0.0031964778900146484,0.08942818641662598,0.051041998,0.84790266,13.177558572675569,0.0,0.14673546312992977,0.0,300,0.029295682907104492,0.0013162258182266798,0.0010963103667190912,600751,13.246918154811093,0.0
2025,2.7062289714813232,13.235287792005845,0.13015191730286582,13.445268412103255,13.100282610916876,0.0,0.14784790171168077,0.1,0.003026723861694336,0.05849456787109375,0.049927637,1.6239856,13.183331494608597,0.0,0.1475427535952482,0.0,300,0.04402303695678711,0.000818920508451528,0.0006850718838426254,601051,11.556614943962016,0.0
2026,2.7306125164031982,12.940427531576702,0.6666410247593435,13.337814037257944,11.785849389229046,0.0,0.16589340427635596,0.1,0.003080606460571289,0.05820441246032715,0.049975354,0.5004234,13.159041098305408,0.0,0.14355309561903726,0.0,300,0.030957937240600586,0.004111588361403204,0.0036120790917431923,601351,13.286048110928853,0.0
2027,2.6999001502990723,13.298537731925384,0.13108525597331477,13.515584527322666,13.183280529537125,0.0,0.15539059964108518,0.1,0.002986431121826172,0.06730389595031738,0.048622537,0.88095754,13.172990761667407,0.0,0.14829075525521396,0.0,300,0.03013157844543457,0.0021392867132712557,0.0011474047222707637,601651,10.962860232415862,0.0
2028,2.7432172298431396,13.130070781119189,0.2574898996384879,13.362526458925588,12.723337706088321,0.0,0.15178616118608368,0.1,0.0031414031982421875,0.06135678291320801,0.050092213,2.5648594,13.168698763612586,0.0,0.14618032963194974,0.0,300,0.029143571853637695,0.0019411184330723561,0.001056563979580197,601951,13.379781582870121,0.0
2029,2.737440347671509,13.31401481437864,0.016320924534138546,13.335217528349869,13.289324251642386,0.0,0.1667998349695807,0.1,0.0030715465545654297,0.05922651290893555,0.04968552,0.9297467,13.183230368689191,0.0,0.14860624091814245,0.0,300,0.030817270278930664,0.0007652092186507635,0.0006102212654147506,602251,13.39202760617676,0.0
2030,2.690028429031372,13.093104611851103,0.30187510701175296,13.512546993548122,12.765049333242759,0.0,0.15549489511549983,0.1,0.00573277473449707,0.05832242965698242,0.049795948,4.2769847,13.174217793005383,0.0,0.1456368240957238,0.0,300,0.029473304748535156,0.0012765549574151535,0.0011504653118615644,602551,13.051286880794235,0.0
2031,2.7117815017700195,13.3756472948976,0.12831244379194423,13.509827845615531,13.182656148259342,0.0,0.1684246634234482,0.1,0.003539562225341797,0.0623021125793457,0.050259613,0.7635288,13.194360743194604,0.0,0.14941864092586798,0.0,300,0.028408050537109375,0.0007680056357646816,0.0005819587423954962,602851,13.302360997118463,0.0
2032,2.615931749343872,12.885274335346214,0.16208122192814625,13.08846822691537,12.646329087212106,0.0,0.15387295401700898,0.1,0.0037500858306884766,0.060572147369384766,0.05032898,0.84238,13.163452102409765,0.0,0.1428784323710056,0.0,300,0.028716564178466797,0.0014011962575092376,0.001115856632115371,603151,13.160374352409127,0.0
2033,2.579587936401367,13.133300649285156,0.3443068866944087,13.391265671741541,12.541172153063615,0.0,0.16236418455063747,0.1,0.003322601318359375,0.10393142700195312,0.049893115,0.56408185,13.160436957097303,0.0,0.1461557677410353,0.0,300,0.03357505798339844,0.001240359616218502,0.0008377010255889674,603451,13.416276349934378,0.0
2034,2.657684087753296,13.36275607208781,0.050906349768139,13.406182159325091,13.276551056262068,0.0,0.15099943100380409,0.1,0.003393888473510742,0.09226107597351074,0.050033454,1.200502,13.180668868596355,0.0,0.1492505636172151,0.0,300,0.03118443489074707,0.0009566666734277395,0.000819316336134407,603751,13.44137287207072,0.0
2035,2.6496427059173584,13.217606533115394,0.17109636270079526,13.426185754879933,12.974811143911003,0.0,0.1645049065143501,0.1,0.003208637237548828,0.06149458885192871,0.049948778,1.5009316,13.18436263504826,0.0,0.1472539711766211,0.0,300,0.029116153717041016,0.0006786575950832581,0.0005916863707103911,604051,13.525979932118156,0.0
2036,2.6580610275268555,13.222046694615361,0.17671673383871078,13.413906094461993,12.939778699124728,0.0,0.16679689745522303,0.1,0.003010272979736328,0.06315135955810547,0.04982006,0.7781436,13.18813104100497,0.0,0.14734276208908012,0.0,300,0.033782243728637695,0.0009461041649232387,0.0007788309806883259,604351,13.401292358378635,0.0
2037,2.678030490875244,13.079983073302687,0.10899772052621962,13.19227762120324,12.969492288759184,0.0,0.15798110154938783,0.1,0.0032041072845458984,0.05926036834716797,0.049397163,0.712245,13.177316244234742,0.0,0.14550127410501607,0.0,300,0.04022359848022461,0.001169763531388639,0.0008472012978029034,604651,13.613226151629169,0.0
2038,2.6522481441497803,12.596628035287665,0.6676168543817754,13.434659408997172,11.620211588360107,0.0,0.14817940587972306,0.1,0.0029938220977783203,0.05756187438964844,0.049451284,0.7786647,13.119247423340035,0.0,0.139026529696425,0.0,300,0.028534889221191406,0.002995511454047719,0.0026163310172553295,604951,13.563882128938687,0.0
2039,2.616063356399536,13.120879812800084,0.33645822356424804,13.371414785529971,12.542187589365268,0.0,0.15242252469990406,0.1,0.003070831298828125,0.0902862548828125,0.05022237,1.3956184,13.11941066228604,0.0,0.146012848526854,0.0,300,0.030985593795776367,0.0030233333483128616,0.0013498529142874389,605251,13.41639179759886,0.0
2040,2.6548969745635986,13.184578090844814,0.24540260704246364,13.472855296838175,12.828814482585596,0.0,0.1595814769868037,0.1,0.0030350685119628906,0.06029915809631348,0.05079923,6.983562,13.125927405141917,0.0,0.14688699028424274,0.0,300,0.030300378799438477,0.0013355789335219971,0.0007316640184186631,605551,13.572796474997524,0.0
2041,2.772089958190918,13.330606730833857,0.17464715706241027,13.552919797718955,13.06362010946809,0.0,0.16032041795354554,0.1,0.0032012462615966797,0.09653258323669434,0.049941458,0.75469166,13.146395337711112,0.0,0.14876658941735743,0.0,300,0.02903890609741211,0.0013572170982107615,0.0010286854113278738,605851,13.247782071934248,0.0
2042,2.70121431350708,13.161239784485335,0.20454897273567926,13.353468029499009,12.865426376205674,0.0,0.1634962553642176,0.1,0.002997159957885742,0.06000995635986328,0.049978353,0.69685006,13.147879782388536,0.0,0.1465455312921223,0.0,300,0.043898820877075195,0.0018821850533595145,0.001267372219838069,606151,13.510635454708698,0.0
2043,2.5640640258789062,13.12112675152256,0.19748193042692097,13.340727005226112,12.803498841745109,0.0,0.15321133142019622,0.1,0.0031096935272216797,0.05830693244934082,0.049972586,0.91309196,13.14520447930194,0.0,0.14598558535326353,0.0,300,0.03066110610961914,0.0011112867789743156,0.0009726294327276119,606451,13.605039052680207,0.0
2044,2.648803472518921,13.233120502962839,0.19981851908335288,13.459903572169635,12.915792657085923,0.0,0.15867995042133634,0.1,0.0030183792114257812,0.058037757873535156,0.04952268,1.112326,13.15399608166803,0.0,0.1474927840225469,0.0,300,0.06017446517944336,0.0008822200319634668,0.0007805141492474028,606751,13.694093729825859,0.0
2045,2.7089438438415527,13.083369895120564,0.34165367148955694,13.452630132572006,12.575613010024595,0.0,0.15893899260148286,0.1,0.0030100345611572266,0.06660032272338867,0.049888577,0.6082385,13.146933463013283,0.0,0.14548928599471408,0.0,300,0.049953460693359375,0.0009984470133544141,0.0008853787521640055,607051,13.478477978381397,0.0
2046,2.6630361080169678,13.272881504610787,0.2205654820504382,13.575369791970799,12.95639697207176,0.0,0.1597054783023644,0.1,0.003717184066772461,0.05955648422241211,0.049951967,0.5915012,13.159528267173036,0.0,0.14797414984858204,0.0,300,0.029060840606689453,0.000723285339038317,0.0006886533868117513,607351,13.475805304449176,0.0
2047,2.6915442943573,13.385554298412824,0.14941597773859563,13.536020179019955,13.155175007612808,0.0,0.17742736123018557,0.1,0.003339529037475586,0.060549259185791016,0.04951009,0.7664371,13.182130870297014,0.0,0.14951664636038087,0.0,300,0.032500267028808594,0.0008692743641042479,0.0007741864328473977,607651,13.520759575374631,0.0
2048,2.623140573501587,12.678800942828028,0.8808324447242046,13.393696212228638,11.176406956283367,0.0,0.1305764645716109,0.1,0.003361940383911133,0.10286712646484375,0.050668295,0.47150862,13.131797877550117,0.0,0.14012488965637357,0.0,300,0.029688596725463867,0.003514546695177678,0.002805520414990969,607951,13.586227338988957,0.0
2049,2.7004854679107666,13.335537857781432,0.10615729982765844,13.444835725014348,13.162311241164328,0.0,0.16575395871498685,0.1,0.0033087730407714844,0.09059309959411621,0.04965925,0.96789193,13.152171875573249,0.0,0.14895020553177638,0.0,300,0.029017210006713867,0.002527189110181803,0.001011076069924583,608251,13.52492822443387,0.0
2050,2.755842685699463,13.138501271469384,0.2715928636484124,13.344685805158758,12.671149241041823,0.0,0.14916973774170605,0.1,0.003231048583984375,0.05933713912963867,0.049494762,4.423962,13.150804815162862,0.0,0.14624039650025794,0.0,300,0.029246807098388672,0.0015879477492315292,0.0011199105385267054,608551,13.422245100486895,0.0
2051,2.6773173809051514,13.185164198719919,0.34109423677415884,13.554982948956829,12.672999787854987,0.0,0.15900277993826,0.1,0.0033447742462158203,0.06039094924926758,0.049947098,0.61650276,13.154240753518568,0.0,0.14684064965850582,0.0,300,0.05844545364379883,0.0014980915380317233,0.0013969728405442993,608851,13.529318184081175,0.0
2052,2.647369384765625,13.258173071914822,0.049023061464348025,13.340301695706696,13.21053591566939,0.0,0.1698890508024657,0.1,0.003096342086791992,0.0590977668762207,0.05006891,0.6249175,13.164633985358194,0.0,0.14782905185335643,0.0,300,0.02903127670288086,0.000855438423947548,0.000825199644265858,609151,13.54134046713969,0.0
2053,2.723130226135254,13.249938413719805,0.21757289320772571,13.509372757337502,12.928795146148161,0.0,0.1616507917839402,0.1,0.003144979476928711,0.058827877044677734,0.049949817,1.0449644,13.173164428194356,0.0,0.14775622523145363,0.0,300,0.02901625633239746,0.0013028739961328812,0.0010585190901634838,609451,13.542063926020674,0.0
2054,2.675881862640381,13.040014493878491,0.43760780339185945,13.412280296296746,12.303891884466996,0.0,0.14455250676575562,0.1,0.0031528472900390625,0.058919429779052734,0.050710928,0.52430934,13.15984943476277,0.0,0.14493085003566167,0.0,300,0.02959418296813965,0.0010117319015531623,0.0007738545213801782,609751,13.464761284246014,0.0
2055,2.738205909729004,12.94987214794993,0.4068049148505352,13.24320257139148,12.256580701765797,0.0,0.15720512149692184,0.1,0.0030837059020996094,0.0586702823638916,0.050332926,0.591219,13.138851706081486,0.0,0.14377880452372543,0.0,300,0.0318148136138916,0.001382149305112086,0.0012138619846378113,610051,13.390147158031397,0.0
2056,2.7079081535339355,13.349383545348786,0.057802724488635236,13.42517348431222,13.26467182680062,0.0,0.15537557304524702,0.1,0.003076791763305664,0.05890512466430664,0.049936336,1.2617737,13.159904890008216,0.0,0.14904261348043085,0.0,300,0.030887365341186523,0.0018180470102301986,0.0007550802262919361,610351,13.497157478826642,0.0
2057,2.720768690109253,13.400005342694556,0.05894603310930324,13.456995023139655,13.316291559401037,0.0,0.16653143176409532,0.1,0.0030994415283203125,0.05927228927612305,0.05022591,0.821729,13.18391493527685,0.0,0.14969980262966157,0.0,300,0.028283357620239258,0.0009077700543561371,0.0008949221249695009,610651,13.554331611202565,0.0
2058,2.7051050662994385,13.286248271599108,0.05949141641574039,13.37724158015903,13.22737470417387,0.0,0.15897495483099103,0.1,0.003051280975341797,0.060060739517211914,0.050017856,0.5983794,13.194148268909075,0.0,0.14820328237423958,0.0,300,0.03404545783996582,0.0010948195046123885,0.00052457169942772,610951,13.447648260900165,0.0
2059,2.7455813884735107,13.361986706719282,0.1365735584591071,13.482099499421427,13.130167458399061,0.0,0.16856141780762235,0.1,0.0030193328857421875,0.05867266654968262,0.050218716,0.5798168,13.210932112690095,0.0,0.14921672168838884,0.0,300,0.02900981903076172,0.0007854867395140099,0.0007271835141009361,611251,13.298429536015883,0.0
2060,2.670945167541504,13.174144216599142,0.10202081377446226,13.342598252480581,13.08681090110091,0.0,0.158503819576579,0.1,0.002881288528442383,0.05736184120178223,0.04992501,1.0370854,13.207253323081002,0.0,0.14681525738962864,0.0,300,0.028668642044067383,0.0006406416980534783,0.0004587117143177574,611551,13.494678257719883,0.0
2061,2.670724630355835,13.014265623407368,0.47485409536048645,13.505829963055863,12.334901595862283,0.0,0.1523806149455113,0.1,0.0035970211029052734,0.05938220024108887,0.05000628,0.64885664,13.187954553113638,0.0,0.14456115544558196,0.0,300,0.029430866241455078,0.0011441496110104078,0.0010692001505757172,611851,13.576379271743143,0.0
2062,2.623750925064087,13.29870033139224,0.055632116336377324,13.374455023135377,13.233542029326255,0.0,0.16959271755274977,0.1,0.0032587051391601562,0.05840945243835449,0.050046902,0.7657644,13.199029130941499,0.0,0.1483425875610587,0.0,300,0.029441118240356445,0.001286995750226576,0.000768698349638378,612151,13.351157163147517,0.0
2063,2.647158622741699,12.99669266908479,0.3204159432722527,13.312765816915801,12.500440917340613,0.0,0.16216527863365904,0.1,0.003209829330444336,0.057634830474853516,0.05020724,0.7378443,13.178795484755828,0.0,0.1442737766850501,0.0,300,0.0466306209564209,0.0019561611354793835,0.001295577138095973,612451,13.420421841527409,0.0
2064,2.664748191833496,13.184377965960294,0.291692300602474,13.517130064125565,12.832535784329147,0.0,0.15028795935167985,0.1,0.0032548904418945312,0.05908083915710449,0.049923815,0.7236026,13.179353732876274,0.0,0.14684415303678808,0.0,300,0.02892613410949707,0.0012610505571228948,0.0007328243733116198,612751,13.53365828862456,0.0
2065,2.7052314281463623,13.332201508884113,0.0901433632016021,13.430083147104977,13.203223535297843,0.0,0.17216741747764006,0.1,0.00302886962890625,0.05831170082092285,0.04990933,0.74012977,13.19463851047706,0.0,0.14881294510757806,0.0,300,0.02887749671936035,0.0005682983089767389,0.0006404474066121232,613051,13.503592353818187,0.0
2066,2.7342112064361572,13.286637613391973,0.12779277090954147,13.427391420836722,13.078705156537922,0.0,0.1651580303741203,0.1,0.003206014633178711,0.06151390075683594,0.05016363,0.7634526,13.20383842076855,0.0,0.14816293223675442,0.0,300,0.029401540756225586,0.00093775341534998,0.000694442343741947,613351,13.40773375060382,0.0
2067,2.7589032649993896,13.01731589256715,0.20588771840129957,13.29647771917011,12.71617818295725,0.0,0.16309206558272024,0.1,0.0032265186309814453,0.058322906494140625,0.050412804,0.5581809,13.18518616794841,0.0,0.14458067131564886,0.0,300,0.02900981903076172,0.0011784657298534327,0.0010122387394034147,613651,13.401681687858847,0.0
2068,2.6871626377105713,13.0980752933051,0.4240607148164201,13.531267923413427,12.503924719064505,0.0,0.14922012636056262,0.1,0.0030281543731689453,0.05854511260986328,0.04999242,1.1927527,13.176475080484082,0.0,0.14568967542157887,0.0,300,0.035073280334472656,0.0011662693145683576,0.0010254745376262603,613951,13.561928342393651,0.0
2069,2.710827589035034,12.9762944993855,0.2965116309761607,13.310761609773678,12.66984809170402,0.0,0.1591109852892022,0.1,0.010936260223388672,0.07859420776367188,0.049483698,0.7029624,13.156457022374223,0.0,0.14406991458798307,0.0,300,0.028403043746948242,0.0013836479940730843,0.0009878833180483571,614251,13.547793423277538,0.0
2070,2.6560168266296387,13.287939166982344,0.15081752002879942,13.476334962747583,13.125142337006071,0.0,0.1714354629890737,0.1,0.003136157989501953,0.05907797813415527,0.050025463,0.880678,13.169605236835036,0.0,0.1481971361791122,0.0,300,0.06173133850097656,0.0012890199841159061,0.0008881560516415388,614551,13.48121765015876,0.0
2071,2.6544649600982666,13.074424356094331,0.2234431621593453,13.267969859784117,12.711039831192513,0.0,0.1620107049840025,0.1,0.003149747848510742,0.05846452713012695,0.04959171,0.6981368,13.160087148760965,0.0,0.14535510200723306,0.0,300,0.029482364654541016,0.0011128397477220412,0.0008424950228390236,614851,13.590336513009836,0.0
2072,2.7026102542877197,13.195626646842506,0.20304697657183937,13.519817214414983,12.982972865956667,0.0,0.16158247301222992,0.1,0.003026723861694336,0.061005353927612305,0.0498956,1.057573,13.16364109856912,0.0,0.14702918728781356,0.0,300,0.02838897705078125,0.0007913817934959332,0.0006292626902821353,615151,13.413006230018064,0.0
2073,2.7146265506744385,13.214908838615159,0.2876418288761639,13.595538071447974,12.787409758071494,0.0,0.1657763678122583,0.1,0.0030934810638427734,0.05890917778015137,0.050160617,0.6041613,13.168767872573724,0.0,0.14726413841393762,0.0,300,0.030103445053100586,0.0010615100995080347,0.00096281078943748,615451,13.523859259091887,0.0
2074,2.7172791957855225,13.367447586195254,0.08373400532139734,13.446724984757951,13.234083733312621,0.0,0.15586751668593726,0.1,0.0030777454376220703,0.058828115463256836,0.049759593,0.54330325,13.188635843935877,0.0,0.14927832147096992,0.0,300,0.02897500991821289,0.0010255922628620959,0.000809052299710899,615751,13.488564693127385,0.0
2075,2.6651909351348877,13.268316234289314,0.181057440313322,13.486392357559142,12.989839839062553,0.0,0.15424708865035583,0.1,0.0030748844146728516,0.05871415138244629,0.0501297,0.72588515,13.196603882971221,0.0,0.147906195403618,0.0,300,0.02928614616394043,0.0008309058166068745,0.0005636042813350898,616051,13.45884640921985,0.0
2076,2.772231340408325,13.206434264139016,0.22032253311350058,13.504023526818814,12.919816202922073,0.0,0.15781715684753145,0.1,0.0029850006103515625,0.06137347221374512,0.04988232,1.1776013,13.197586921088002,0.0,0.14711923496124168,0.0,300,0.028509140014648438,0.000860784828499203,0.000795863050045791,616351,13.31281267329343,0.0
2077,2.6761434078216553,13.183156498856482,0.14250633388078368,13.294805034598612,12.939246352726343,0.0,0.17206305039531794,0.1,0.003632783889770508,0.06009531021118164,0.04991815,0.76534176,13.196143878864849,0.0,0.14681453199040023,0.0,300,0.029010295867919922,0.0009918382192820475,0.0008731721444778278,616651,13.482205458539314,0.0
2078,2.6449050903320312,13.30512225339529,0.14060682777658143,13.527898181726211,13.14441516509419,0.0,0.18313518096589218,0.1,0.003156900405883789,0.057596683502197266,0.049994107,0.851437,13.207041716317892,0.0,0.14846831543621378,0.0,300,0.030206918716430664,0.0011398190054664698,0.0010238311989710228,616951,13.329750259134615,0.0
2079,2.6910645961761475,13.292183741813254,0.22493149951871097,13.490621021065213,12.912647908875735,0.0,0.1548918551296491,0.1,0.003192424774169922,0.0873713493347168,0.049173087,3.9425042,13.215555918867429,0.0,0.1482885799267206,0.0,300,0.030858516693115234,0.000779763025559404,0.0007317120393693144,617251,13.501969906293626,0.0
2080,2.6589019298553467,13.269869811763751,0.1372316142662521,13.49225487155387,13.123274616712969,0.0,0.16450201959843808,0.1,0.0031898021697998047,0.09615492820739746,0.049710095,1.1118402,13.220987308157062,0.0,0.1480617718955585,0.0,300,0.029237747192382812,0.0008384623462651528,0.0007552549345600659,617551,13.299860482288713,0.0
2081,2.6991052627563477,13.127238479382669,0.24891388944417214,13.472368792792107,12.770176947139785,0.0,0.16057210666434796,0.1,0.0033936500549316406,0.06203317642211914,0.049774922,0.6856417,13.211612425279624,0.0,0.14613850118032168,0.0,300,0.030056476593017578,0.0012179772086943054,0.0009136176176669197,617851,13.519601247145124,0.0
2082,2.6766512393951416,13.275454618530521,0.11012392434853581,13.409026546409374,13.129562439455663,0.0,0.1675192938529173,0.1,0.003229856491088867,0.058443307876586914,0.05020181,0.6714724,13.217996644604714,0.0,0.14801923903251354,0.0,300,0.03136634826660156,0.0008680792904286113,0.0005485933642562575,618151,13.507829709679562,0.0
2083,2.8852548599243164,13.343907835943062,0.23430865105634405,13.63095531209255,12.995765229448812,0.0,0.1637550214028145,0.1,0.003312349319458008,0.07030916213989258,0.0499716,0.8171908,13.23058776373855,0.0,0.14896280180858307,0.0,300,0.04459547996520996,0.0008069862325482247,0.0007785241709112805,618451,13.569498792129627,0.0
2084,2.731706142425537,13.310405429345622,0.176679327324206,13.54835321420158,13.069982285130154,0.0,0.16162685827770926,0.1,0.003139495849609375,0.06106281280517578,0.04974503,0.59854037,13.238569530299257,0.0,0.1485265930658056,0.0,300,0.06537508964538574,0.0007512215050999548,0.0005646011047423028,618751,13.527167270002659,0.0
2085,2.6713321208953857,13.155209328196108,0.2726424287544651,13.39716096219544,12.692438629256737,0.0,0.16195401017369424,0.1,0.003137350082397461,0.05914640426635742,0.049939267,0.83487916,13.230233510088942,0.0,0.14642632574951112,0.0,300,0.04993319511413574,0.0009342380974154594,0.0008367281141398975,619051,13.33357748735506,0.0
2086,2.7086141109466553,13.103051263312885,0.38725879637736293,13.492461064449104,12.662293865249552,0.0,0.1614302153296931,0.1,0.0030698776245117188,0.05921792984008789,0.05011152,0.6727206,13.217515285411336,0.0,0.1457363763329706,0.0,300,0.02866530418395996,0.0009807205958553924,0.0008926641281194547,619351,13.485841743704583,0.0
2087,2.7516067028045654,13.010460492428166,0.489937333376073,13.347580733119948,12.16410862359396,0.0,0.15640941057822347,0.1,0.0030159950256347656,0.058725595474243164,0.04995204,0.6777827,13.19680980611302,0.0,0.14452875863072492,0.0,300,0.028940200805664062,0.0012218456156784132,0.0011067956264634027,619651,13.553703916466551,0.0
2088,2.6800475120544434,13.283718501311295,0.16291940298133772,13.495328608193747,13.063706369268637,0.0,0.1678761162696772,0.1,0.0030982494354248047,0.06199812889099121,0.049828842,1.0182561,13.205500675632848,0.0,0.14816016546306016,0.0,300,0.02909111976623535,0.0006229935189208469,0.0004255560226853027,619951,13.550993521720097,0.0
2089,2.7006988525390625,13.504252211950908,0.05221808917657635,13.55605210064305,13.434369166684666,0.0,0.15560242783439557,0.1,0.0029265880584716797,0.0641636848449707,0.05136641,0.8871139,13.235375829264655,0.0,0.15104753847614852,0.0,300,0.028581619262695312,0.0006325451708464349,0.0005027148947914524,620251,13.463234178149776,0.0
2090,2.721006155014038,12.911465514859392,0.22293303228777228,13.186617433013145,12.564342123382632,0.0,0.1644518836843501,0.1,0.0029997825622558594,0.058499813079833984,0.05032842,0.67289764,13.20298479782413,0.0,0.14319863103829092,0.0,300,0.031789541244506836,0.002798752862096053,0.0016566479603700016,620551,13.569796183853574,0.0
2091,2.7453558444976807,12.315824866124089,1.7793923702416878,13.469268371873085,9.237111023087037,0.0,0.14813185401897136,0.1,0.0029993057250976562,0.058147430419921875,0.049250755,0.43357265,13.114268804654126,0.0,0.13530624582491227,0.0,300,0.02852463722229004,0.01312314510614201,0.010031957529836603,620851,13.577694675272872,0.0
2092,2.6967358589172363,13.180215953848796,0.23182767810158816,13.430725879879907,12.801938719340004,0.0,0.155689755688117,0.1,0.003008604049682617,0.060652971267700195,0.04940172,2.0409553,13.120863519573593,0.0,0.14672289802909047,0.0,300,0.03052043914794922,0.0038718141741902945,0.002185579823924833,621151,13.488008305292086,0.0
2093,2.6920387744903564,13.106218866083777,0.22758427542547405,13.326159976201389,12.735057348239238,0.0,0.1538576947340995,0.1,0.003699779510498047,0.06319403648376465,0.04974105,2.4350722,13.119399054224612,0.0,0.14580568067504066,0.0,300,0.02916240692138672,0.0028136677162485155,0.0014398729606197084,621451,13.619875060058403,0.0
2094,2.71284556388855,13.418082495763937,0.041737176027719605,13.461747112278346,13.349289138047908,0.0,0.16008830058211967,0.1,0.0032820701599121094,0.06108260154724121,0.049726944,0.48523077,13.149267398378544,0.0,0.14997811238719577,0.0,300,0.02902960777282715,0.0021896073123313857,0.0008837153503408504,621751,13.298552673697342,0.0
2095,2.745635509490967,13.217563023531039,0.2762496378621534,13.53772796134174,12.778957244248838,0.0,0.15803342306028412,0.1,0.0033354759216308594,0.06521320343017578,0.04900781,0.8139743,13.156096960893795,0.0,0.1472732262143704,0.0,300,0.029493331909179688,0.0010496009558454793,0.0009197643994179179,622051,13.347372566674233,0.0
2096,2.667787551879883,13.331545312216697,0.13799372506176683,13.457359989810644,13.114069326665346,0.0,0.15908586304324074,0.1,0.002965688705444336,0.05804872512817383,0.050626375,1.5050232,13.173641796026086,0.0,0.14877666609696222,0.0,300,0.029519081115722656,0.0009213512473611168,0.0006990516167480324,622351,13.519296297811193,0.0
2097,2.7692811489105225,13.204945005261251,0.1548588066300301,13.388644763438176,13.020437908918783,0.0,0.15345619835488689,0.1,0.0031175613403320312,0.0815877914428711,0.049458846,0.9659863,13.176772116949603,0.0,0.14710308550304713,0.0,300,0.029122114181518555,0.0008203479301139273,0.0007057679462571657,622651,13.364765234322647,0.0
2098,2.702470302581787,13.24248049086209,0.21852146612893097,13.536214237243708,12.91952701783134,0.0,0.16788274362756103,0.1,0.003101825714111328,0.05869793891906738,0.049861588,0.6175455,13.183342954340853,0.0,0.14769427354120931,0.0,300,0.029810428619384766,0.0009656254608036087,0.0008069054293915599,622951,13.442314513668483,0.0
2099,2.635458469390869,13.304863688516493,0.13201440034727635,13.515516602217287,13.174166269806914,0.0,0.16038142798034896,0.1,0.003116130828857422,0.05981564521789551,0.050121956,1.0884039,13.195495027758419,0.0,0.1484347505914788,0.0,300,0.029135704040527344,0.0013899878794344119,0.0009669335186308431,623251,13.344183830131106,0.0
2100,2.728862762451172,13.084248125395131,0.16518713860675613,13.313516284481313,12.851363950085014,0.0,0.15525324184704042,0.1,0.003031015396118164,0.09255814552307129,0.05127603,2.265184,13.184370337522092,0.0,0.14547317064774573,0.0,300,0.030903100967407227,0.0009795686569593126,0.0005349463268832668,623551,13.356011134140145,0.0
2101,2.707453489303589,13.37895835014237,0.07608054269015072,13.48915121246752,13.282866345873021,0.0,0.17280332917933292,0.1,0.004606008529663086,0.058182477951049805,0.050249923,0.98791003,13.20382913878412,0.0,0.1493779988764201,0.0,300,0.06351351737976074,0.0013468898291923998,0.000762644737127077,623851,13.355064856712383,0.0
2102,2.6133952140808105,13.332612595546156,0.07518612603072573,13.437733375996958,13.242661014111869,0.0,0.1742808001276484,0.1,0.003093719482421875,0.05954766273498535,0.049881235,0.91252565,13.216707484460324,0.0,0.14879270272244377,0.0,300,0.028671741485595703,0.00127677289690736,0.0006789797085211579,624151,13.328722849578858,0.0
2103,2.609602689743042,13.102665308555306,0.37114659393407906,13.364934587865367,12.462304589280176,0.0,0.16378516604370438,0.1,0.0029540061950683594,0.07016396522521973,0.049723968,0.54625946,13.205303266869823,0.0,0.14581328697277393,0.0,300,0.029007673263549805,0.001212817242807813,0.001162390011449692,624451,13.3688832983562,0.0
2104,2.673677921295166,13.064091223250742,0.511236276047429,13.394105436999238,12.179452376956522,0.0,0.1625668202339422,0.1,0.0029726028442382812,0.05712318420410156,0.04995944,0.5292232,13.191182062507917,0.0,0.14523485050797336,0.0,300,0.028888702392578125,0.002551144707819484,0.0021345775292525224,624751,13.362307446822989,0.0
2105,2.6310477256774902,13.184633439718255,0.18146306127784956,13.346001736177275,12.892109030541228,0.0,0.15950188657122744,0.1,0.002964019775390625,0.09085512161254883,0.049954977,1.0072802,13.19052720022895,0.0,0.14687394092346254,0.0,300,0.02789020538330078,0.0010773957929193765,0.0009544996392618181,625051,13.54996794392117,0.0
2106,2.7292604446411133,13.075622227754398,0.1952667445492842,13.264541706379543,12.77967861456855,0.0,0.15767440936327834,0.1,0.00310516357421875,0.05958390235900879,0.04973142,3.6543822,13.179036702981495,0.0,0.14535954429256265,0.0,300,0.02904200553894043,0.0008160999338591026,0.0007245932363433591,625351,13.421496677588417,0.0
2107,2.717252016067505,13.100380655862917,0.2975768806987736,13.390879809621675,12.602876856738291,0.0,0.161847535339649,0.1,0.003061056137084961,0.09366917610168457,0.049897633,0.94396365,13.171171098269639,0.0,0.14568651654294068,0.0,300,0.02913498878479004,0.001467627628091086,0.0011663372548391534,625651,13.512381887719435,0.0
2108,2.645972967147827,13.25955129809509,0.08112164534844321,13.358748184502216,13.170746098828333,0.0,0.15406455409774567,0.1,0.006805896759033203,0.06035113334655762,0.050106984,0.75973773,13.180009118252185,0.0,0.14783190688903636,0.0,300,0.031511783599853516,0.0010039671274992429,0.0004680903486903625,625951,13.446497091778093,0.0
2109,2.6102523803710938,13.250700142165844,0.10230050496340017,13.409223400793227,13.123800588972928,0.0,0.17508007895456917,0.1,0.0032711029052734375,0.05883002281188965,0.050019197,0.50666445,13.187078220643553,0.0,0.14776326573090812,0.0,300,0.028612375259399414,0.0008104285480662599,0.0005633772175377966,626251,13.407766196004738,0.0
2110,2.661337375640869,13.025089887911609,0.450164104566245,13.577532966997154,12.509491332525961,0.0,0.1546343319392235,0.1,0.007808685302734375,0.08095312118530273,0.050161302,0.60839003,13.17087938737036,0.0,0.14473259581017336,0.0,300,0.02911233901977539,0.0021199932601672525,0.0018989422056681123,626551,13.358751174805887,0.0
2111,2.682136297225952,13.306168019405426,0.22819833795482508,13.556224178653588,12.950037622300693,0.0,0.16161251032034019,0.1,0.003053903579711914,0.06031179428100586,0.04988196,1.4139615,13.184408250573867,0.0,0.1484735309736212,0.0,300,0.02965378761291504,0.0010029368602059675,0.0006144634504150827,626851,13.445982187175504,0.0
2112,2.676508903503418,13.111305669307374,0.3516149643342036,13.33471374267681,12.503330212139554,0.0,0.15917564347459215,0.1,0.003320932388305664,0.10065102577209473,0.04985301,0.5790527,13.177097992447218,0.0,0.14591062449491907,0.0,300,0.0319058895111084,0.001629440836002021,0.0013909103832734984,627151,13.38187226379543,0.0
2113,2.674280881881714,12.816232831648326,0.6199768934565955,13.347500849898926,11.768668853637296,0.0,0.14632754306507192,0.1,0.003103017807006836,0.05838942527770996,0.049849976,0.50832415,13.141011476367328,0.0,0.14199827382483549,0.0,300,0.029050111770629883,0.0023249741323309297,0.0012677506035342625,627451,13.43174845457859,0.0
2114,2.707031011581421,13.246566900469073,0.20454251447442015,13.531364114010529,13.037562041649686,0.0,0.15892921505795932,0.1,0.003118753433227539,0.07015204429626465,0.049793053,0.8440054,13.151567018777504,0.0,0.14764259116834996,0.0,300,0.029291868209838867,0.0009005459725549103,0.000861262267846639,627751,13.432370584329304,0.0
2115,2.6943724155426025,13.267290736792708,0.16811021590306888,13.55409917637861,13.125377136182811,0.0,0.1688104669676831,0.1,0.003170013427734375,0.05930757522583008,0.04973672,0.86340344,13.163139390579024,0.0,0.1479702004637105,0.0,300,0.029596567153930664,0.0014461767444112134,0.000962033167816707,628051,13.488899052384705,0.0
2116,2.6497581005096436,12.901211849654917,0.5493549884747101,13.430024765246001,12.011681635427683,0.0,0.14953355368902674,0.1,0.0031816959381103516,0.06065058708190918,0.049513176,0.475024,13.136946636486613,0.0,0.14309574764973967,0.0,300,0.029423236846923828,0.0026213341347279028,0.0017778799316649485,628351,13.445390313947167,0.0
2117,2.7164011001586914,13.348644693323468,0.19137495438889107,13.669643404067552,13.169347378182346,0.0,0.15417210630386463,0.1,0.003138303756713867,0.06325888633728027,0.04980713,0.9475519,13.158116442170298,0.0,0.14905920860172778,0.0,300,0.050868988037109375,0.0009540655762120582,0.0007662103560087845,628651,13.502119085200237,0.0
2118,2.6216440200805664,13.26375461630724,0.17670640081414699,13.450958183912048,12.976356203710651,0.0,0.1616548505592181,0.1,0.0029969215393066406,0.05867576599121094,0.049119066,1.0440668,13.168680259583992,0.0,0.14789500560610255,0.0,300,0.02874588966369629,0.0008105248453316273,0.0006234088769822415,628951,13.478146875903205,0.0
2119,2.6714744567871094,13.119541650886319,0.28114261048357964,13.360952946012036,12.642507199110451,0.0,0.15392939286545704,0.1,0.0029573440551757812,0.08852958679199219,0.05009566,0.82728046,13.163766398714225,0.0,0.14597559436556592,0.0,300,0.029429197311401367,0.0008342213308491278,0.0007302319162414058,629251,13.480874143717871,0.0
2120,2.727766752243042,13.4256733985777,0.06631584425219267,13.493717366112433,13.343676882954972,0.0,0.1687924744592448,0.1,0.0028967857360839844,0.05935549736022949,0.049966726,0.5759788,13.189957098700575,0.0,0.15003796743386108,0.0,300,0.02840256690979004,0.0008402283082296288,0.000718838144749521,629551,13.532551115173652,0.0
2121,2.664163112640381,13.277684311301407,0.10442730974172947,13.422202455350105,13.140719718404327,0.0,0.15604352352408965,0.1,0.003886699676513672,0.060878753662109375,0.04944788,0.78405905,13.198729819960658,0.0,0.148114957944591,0.0,300,0.02946949005126953,0.0006398756331120189,0.00044404562852017623,629851,13.336533436916492,0.0
2122,2.586512327194214,13.305741055995048,0.08710846315773944,13.410565560935524,13.16850884007427,0.0,0.16149735691191436,0.1,0.0033750534057617188,0.09332275390625,0.049868464,0.69329864,13.209430943564097,0.0,0.14845565289279114,0.0,300,0.02950763702392578,0.0006957214365494612,0.0006796348389904734,630151,13.536234046717432,0.0
2123,2.6647043228149414,13.055033797980453,0.38146874620543153,13.360299008697226,12.400930855567562,0.0,0.16054861448645108,0.1,0.003220796585083008,0.05921006202697754,0.04982954,0.7624392,13.193991229005734,0.0,0.1451598483417793,0.0,300,0.029559612274169922,0.0011774619643036604,0.0009436590867831766,630451,13.434873453054088,0.0
2124,2.681910276412964,12.319046106588843,0.5786590486415469,12.882039201578607,11.510225215205292,0.0,0.14547022728446243,0.1,0.005631923675537109,0.058539390563964844,0.049583122,0.82017374,13.106496716764045,0.0,0.13551658867474575,0.0,300,0.028908491134643555,0.003743103775891534,0.0027123370423301797,630751,13.518192718947121,0.0
2125,2.6883065700531006,12.438191813267245,1.5511545346805713,13.482397373137454,9.75905444021389,0.0,0.1502667842947229,0.1,0.0029497146606445312,0.058829307556152344,0.050092038,0.80041337,13.039666226414365,0.0,0.13701201012051678,0.0,300,0.03211855888366699,0.010493662327814181,0.008353652120669523,631051,13.568512274320035,0.0
2126,2.700190782546997,13.304396087150746,0.20747113617984994,13.514812538574139,12.98802004894273,0.0,0.16055087887869798,0.1,0.0030896663665771484,0.09326982498168945,0.04969768,1.5220466,13.066139212488004,0.0,0.14845297928106377,0.0,300,0.03340721130371094,0.0029689866680720615,0.0015806251212277709,631351,13.638277063206738,0.0
2127,2.690337896347046,13.191533642353559,0.12875602014268667,13.381499312146165,13.01887184309376,0.0,0.1489860197263994,0.1,0.0030469894409179688,0.08989429473876953,0.049602542,1.8079767,13.07867865547456,0.0,0.14691280729908243,0.0,300,0.029417753219604492,0.002208382128777616,0.0017275624462921924,631651,13.666271719155622,0.0
2128,2.6885569095611572,13.082304397921702,0.27973398502109464,13.384299353836234,12.692068390155486,0.0,0.13798776641772018,0.1,0.0029838085174560547,0.05755734443664551,0.04990472,0.62310064,13.079041229719275,0.0,0.14547245917054813,0.0,300,0.02996993064880371,0.0019464627877876309,0.0010044305418068797,631951,13.578707332745703,0.0
2129,2.704493522644043,12.932364182623994,0.6259896061172084,13.398301640087945,11.8587617528926,0.0,0.15013929224879635,0.1,0.0033922195434570312,0.05771970748901367,0.04984943,0.8563265,13.064373525009747,0.0,0.14354945518236553,0.0,300,0.028828859329223633,0.0018110807084037396,0.0011672322047359528,632251,13.450727770622144,0.0
2130,2.6121957302093506,13.300224824554826,0.14061938012823777,13.464404453779503,13.076279943929128,0.0,0.1587854883386555,0.1,0.0030472278594970703,0.0865635871887207,0.05007243,1.6910324,13.087958654964256,0.0,0.14840739325753174,0.0,300,0.029300212860107422,0.0015609991394700986,0.0008332415176067039,632551,13.610801791763967,0.0
2131,2.6072351932525635,12.890152281303134,0.7741837656670256,13.541270219680104,11.56831952625818,0.0,0.15132381598953476,0.1,0.0030956268310546875,0.08191442489624023,0.050046343,0.67552733,13.068178017598145,0.0,0.14300662631264938,0.0,300,0.0391383171081543,0.0026416780592627438,0.0020698020804511283,632851,13.535281684120747,0.0
2132,2.763033866882324,13.229890651838929,0.2119224188998154,13.449864268329975,12.893649441726293,0.0,0.15599578671152906,0.1,0.002901792526245117,0.08606648445129395,0.04976524,0.94099265,13.084349281022224,0.0,0.14747756783503216,0.0,300,0.0296328067779541,0.0010246402097011473,0.0005556611032339998,633151,13.592788277440443,0.0
2133,2.718971014022827,13.297186881497648,0.10954466898439882,13.423162715770525,13.132229695041561,0.0,0.16114311124349745,0.1,0.0029506683349609375,0.05701732635498047,0.04984906,0.8968324,13.105633041069765,0.0,0.14838510670277366,0.0,300,0.05412578582763672,0.0005252030176730014,0.0005739756487107374,633451,13.467907070546758,0.0
2134,2.6432642936706543,13.137023612112765,0.2531948436816224,13.395592922912003,12.72171693441896,0.0,0.15142860693957852,0.1,0.003104686737060547,0.05858898162841797,0.04976243,0.6462921,13.108772098174066,0.0,0.1462258135145141,0.0,300,0.03360486030578613,0.0012663223399368866,0.0011142018933096773,633751,13.604720620706237,0.0
2135,2.656024932861328,13.192236608825318,0.1649702920339249,13.373059313220445,12.935897626832658,0.0,0.157465885558592,0.1,0.0031223297119140625,0.05929994583129883,0.049948,0.8845234,13.117118549239192,0.0,0.146919826084845,0.0,300,0.02910757064819336,0.0008946690793795736,0.0007764360210630595,634051,13.501039137335702,0.0
2136,2.6995019912719727,13.284264910748028,0.20824178942064084,13.550951522762446,12.974511157812005,0.0,0.16331842295367582,0.1,0.0035703182220458984,0.05949831008911133,0.04997304,0.70254344,13.133833185390076,0.0,0.14817684192840722,0.0,300,0.03072810173034668,0.0008361272062208892,0.0007466494780311386,634351,13.491398740801984,0.0
2137,2.7287120819091797,13.299445585419836,0.10496910252514681,13.457799541203123,13.162747250597468,0.0,0.16730671039508696,0.1,0.003315448760986328,0.05895876884460449,0.04992795,0.9762893,13.150394425393053,0.0,0.14840561356509469,0.0,300,0.03161787986755371,0.000946715450257965,0.0006713541279611253,634651,13.3838087232379,0.0
2138,2.6677584648132324,13.022153994147873,0.49211706035955977,13.481408315079197,12.305100664248563,0.0,0.14448726306501572,0.1,0.003265857696533203,0.05887746810913086,0.04968876,0.47496277,13.137570382268535,0.0,0.14469846157264535,0.0,300,0.028968334197998047,0.0012185713127926742,0.0009539718107188948,634951,13.559987842130793,0.0
2139,2.7231502532958984,13.345654396162985,0.09125739924780761,13.430538241340482,13.192445425668522,0.0,0.16092286493795452,0.1,0.0030307769775390625,0.05847787857055664,0.049965765,1.4198256,13.15837878365798,0.0,0.14895949752384147,0.0,300,0.0295865535736084,0.0005529071575671116,0.0005714847701908981,635251,13.502020886819226,0.0
2140,2.741523027420044,13.23870477068211,0.25729257718322995,13.435308770439148,12.806607406170833,0.0,0.14629979258598436,0.1,0.0033693313598632812,0.0596466064453125,0.049644675,1.0672977,13.166411382360394,0.0,0.1475949884448152,0.0,300,0.02946782112121582,0.0008221487593614243,0.0006880184859755598,635551,13.687726565839483,0.0
2141,2.689699649810791,13.283377215605684,0.12199864547277142,13.422346780362727,13.086984589457552,0.0,0.16671876457174406,0.1,0.0031027793884277344,0.061997413635253906,0.049783625,0.7338056,13.178107965684925,0.0,0.14812887984243395,0.0,300,0.02945542335510254,0.0008802180247447061,0.0007669165891349232,635851,13.5577838352278,0.0
2142,2.695528507232666,13.379831763810184,0.10359307541862066,13.482019967393395,13.212215832837861,0.0,0.15813528998993726,0.1,0.003498554229736328,0.06069302558898926,0.050929476,0.68553936,13.198280345497452,0.0,0.1494404093063471,0.0,300,0.03510022163391113,0.0006816169021653442,0.0005435528238299532,636151,13.600280758249538,0.0
2143,2.701531410217285,13.330727782471888,0.09356086514008538,13.425771667581964,13.177598073016553,0.0,0.1492700823609413,0.1,0.003070831298828125,0.10421419143676758,0.049764622,21.426296,13.211525089194895,0.0,0.1487747509448133,0.0,300,0.03178977966308594,0.0007760946045560278,0.0007272715829653606,636451,13.58186061195394,0.0
2144,2.6826045513153076,13.288187704262066,0.11655303621258917,13.403715041775952,13.09777943195656,0.0,0.16469296789562596,0.1,0.003072977066040039,0.09816884994506836,0.04977811,0.87457407,13.219191350701612,0.0,0.14821640457764879,0.0,300,0.029024124145507812,0.0006863202629621498,0.0005249127994711554,636751,13.576866354404222,0.0
2145,2.6684463024139404,13.422314811233715,0.0739874780839697,13.536077062489015,13.333345131854458,0.0,0.16333400408663495,0.1,0.00628209114074707,0.07392001152038574,0.050059434,0.8924663,13.239503696754824,0.0,0.14997358322544208,0.0,300,0.030025243759155273,0.0005215712231280468,0.00044829170980553756,637051,13.539032553020249,0.0
2146,2.7334561347961426,13.115260850249228,0.3229984984838808,13.433805103578406,12.622029835096654,0.0,0.15596634430640013,0.1,0.0029685497283935547,0.05773472785949707,0.049745947,0.7696115,13.227079412104265,0.0,0.14592472355278946,0.0,300,0.02962327003479004,0.0010062957212572836,0.0008535025579409571,637351,13.49532085983037,0.0
2147,2.6800248622894287,13.104273976106656,0.27442456034863316,13.481171648255309,12.705602563971546,0.0,0.1605065408656339,0.1,0.0032396316528320312,0.059629201889038086,0.05004021,0.62534964,13.214798868504504,0.0,0.14584419466598247,0.0,300,0.029419422149658203,0.0008230562819414166,0.0006974133319487617,637651,13.094486329492504,0.0
2148,2.682913303375244,13.147845888149575,0.42324170735783373,13.51105494028137,12.429178575219897,0.0,0.15470132203508447,0.1,0.0031723976135253906,0.06101632118225098,0.049978647,0.68645525,13.20810357046901,0.0,0.14634944069977995,0.0,300,0.02867293357849121,0.0010173924024347867,0.0008095677654157167,637951,13.334815359366516,0.0
2149,2.697538137435913,13.292402761992333,0.11536683963536631,13.394429883538395,13.096418924793948,0.0,0.16071788873420897,0.1,0.0031914710998535156,0.05863642692565918,0.049990304,0.8122906,13.216533489621343,0.0,0.14826169871623995,0.0,300,0.0302736759185791,0.0007670955507746472,0.0006524488889912256,638251,13.619033701471968,0.0
2150,2.7503368854522705,13.121921349533043,0.16506392115846405,13.330788386865247,12.894514571723404,0.0,0.16312255956882443,0.1,0.002943277359008789,0.09399032592773438,0.050028574,0.6904808,13.207072275612514,0.0,0.14607469301477738,0.0,300,0.030286073684692383,0.001880395279430737,0.0013594421654311184,638551,13.61307408608396,0.0
2151,2.667354106903076,13.091358682116653,0.24840790700994697,13.299879113261632,12.669102554718146,0.0,0.1573660399840087,0.1,0.00385284423828125,0.05965542793273926,0.04908314,2.7149818,13.19550091626293,0.0,0.14559065622143794,0.0,300,0.03299903869628906,0.0007229180955007748,0.0006443237540862492,638851,13.337458969484478,0.0
2152,2.6954567432403564,13.02373761742859,0.24340381592858118,13.295363605479503,12.718452527831749,0.0,0.14358554888372987,0.1,0.0034422874450683594,0.06015610694885254,0.04970549,0.97921526,13.178324586379496,0.0,0.14466457993521473,0.0,300,0.029543638229370117,0.0008491919976947418,0.0006120580422446745,639151,13.52726452568947,0.0
2153,2.6510250568389893,13.17425070778933,0.08641651375654326,13.309742417967938,13.073606146052507,0.0,0.1618619662113216,0.1,0.003343343734741211,0.06007647514343262,0.05003859,0.8740112,13.177917198520479,0.0,0.14666688123593352,0.0,300,0.027892351150512695,0.0007025429445670121,0.0006422572393697606,639451,13.494082190817517,0.0
2154,2.6927826404571533,13.247595897251053,0.09535122552880243,13.350461472581635,13.092934100174316,0.0,0.16618486474153887,0.1,0.0033652782440185547,0.06227564811706543,0.050428387,0.90457153,13.184885068393537,0.0,0.14766371655838945,0.0,300,0.029535770416259766,0.0006572849750818592,0.0005789487092814305,639751,13.631696218096172,0.0
2155,2.679950475692749,13.372682123977288,0.049794419306944136,13.452180229621197,13.32853590721721,0.0,0.15913146442527487,0.1,0.0031843185424804688,0.06223750114440918,0.0500635,0.7161372,13.203664773951914,0.0,0.14934865271776035,0.0,300,0.029615402221679688,0.0007204218011454068,0.0006119313279583423,640051,12.914283428736674,0.0
2156,2.6271417140960693,13.131781286285834,0.26116264547911366,13.440119264026478,12.799491098642946,0.0,0.16241745507266153,0.1,0.010659933090209961,0.06583952903747559,0.049345914,0.6518116,13.196476425185306,0.0,0.14612445267478344,0.0,300,0.02980661392211914,0.0012266443719940133,0.0011425373306246124,640351,13.60087417996526,0.0
2157,2.6566085815429688,13.384148862607345,0.09145301223772247,13.494046116320687,13.257740309331398,0.0,0.16489602494704944,0.1,0.003055095672607422,0.05887317657470703,0.04985599,1.3244431,13.21524366892751,0.0,0.1494764103613182,0.0,300,0.029519081115722656,0.0010322467553100058,0.0007042371166001193,640651,13.345387189260842,0.0
2158,2.6593916416168213,13.275563698685348,0.09227548387821882,13.349598536247827,13.118551204739006,0.0,0.15806186758215138,0.1,0.0030193328857421875,0.09433102607727051,0.0501251,0.8112568,13.221275671903294,0.0,0.14803855952472042,0.0,300,0.029601573944091797,0.0011178884903792663,0.0006951188319405309,640951,13.37735475317711,0.0
2159,2.6690120697021484,13.30445746547861,0.09442573547513144,13.423236077725818,13.159289471345827,0.0,0.16140050507886738,0.1,0.0030171871185302734,0.05733132362365723,0.049802583,1.0908512,13.229593851260827,0.0,0.14842371391025241,0.0,300,0.029923439025878906,0.0005818124318121088,0.00041911546858465053,641251,11.406601176416592,0.0
2160,2.6845381259918213,13.091606818400328,0.40283148549405245,13.382198925389833,12.39724607812277,0.0,0.1676457473297011,0.1,0.0033316612243652344,0.05841565132141113,0.05034792,0.59699464,13.215795147974777,0.0,0.1456081987514224,0.0,300,0.0309603214263916,0.0009842448628651947,0.0007339284829178643,641551,13.206177233441055,0.0
2161,2.710303544998169,12.827750582096684,0.5551813867393509,13.432048382785512,12.007567387596588,0.0,0.15639227163161637,0.1,0.008955240249633789,0.05887246131896973,0.048743512,0.5999048,13.176990691386969,0.0,0.14208997924545724,0.0,300,0.03188371658325195,0.0018583125077608713,0.0014945340599628566,641851,13.29500971508523,0.0
2162,2.7104952335357666,13.391583750526262,0.19373250298879507,13.602978031963957,13.115748420673912,0.0,0.163473711365553,0.1,0.003053426742553711,0.06035161018371582,0.04984239,1.136047,13.1984499973009,0.0,0.14957843784128078,0.0,300,0.02972722053527832,0.0025171646458516266,0.0012300551155288322,642151,13.054927865112548,0.0
2163,2.6907408237457275,13.031751607102807,0.23643714802638433,13.267467840026459,12.750261182569753,0.0,0.1573892453135505,0.1,0.0031518936157226562,0.059500694274902344,0.05001399,0.6238185,13.18178015828109,0.0,0.14480886135611257,0.0,300,0.029360055923461914,0.0023882774717971914,0.0015753524479932136,642451,13.26778501662118,0.0
2164,3.384944200515747,13.041935145718947,0.49858158987950935,13.395943734168,12.184967404084286,0.0,0.14492455107143615,0.1,0.003267526626586914,0.059242963790893555,0.049991768,0.5087174,13.167795657024875,0.0,0.1449693156023051,0.0,300,0.027472734451293945,0.0022931252947451246,0.0014657907868557806,642751,13.377736170339986,0.0
2165,2.763436794281006,13.21573448939031,0.18212462180114267,13.420215368592803,12.933244820561873,0.0,0.15218222051545233,0.1,0.0036764144897460938,0.059424400329589844,0.04964486,1.1183244,13.172589540261418,0.0,0.14721337687655217,0.0,300,0.032607078552246094,0.0018104756343749317,0.0009153017859490229,643051,13.005596321699988,0.0
2166,2.685539722442627,13.31667791425941,0.1297452270122097,13.46200134223626,13.182712355327224,0.0,0.17002641208213728,0.1,0.0035772323608398438,0.0717611312866211,0.050174605,0.7456639,13.186998377661217,0.0,0.14858026899524396,0.0,300,0.02936863899230957,0.0011511704931424353,0.0008907782376659745,643351,13.597519024073243,0.0
2167,2.6946725845336914,11.589378498481981,3.201782336667001,13.63585618969863,6.048307749587248,0.0,0.14102995596028406,0.1,0.003322601318359375,0.07036352157592773,0.049426474,0.4002825,13.027236389743294,0.0,0.1258379912057243,0.0,300,0.030775785446166992,0.05236594855127891,0.030231774903239007,643651,13.197248824919944,0.0
2168,2.6652464866638184,13.147590573236052,0.3670212720725179,13.444993375394418,12.51903658509893,0.0,0.15066551028501002,0.1,0.0033712387084960938,0.06840372085571289,0.05001491,1.4289334,13.03927180809257,0.0,0.14635459131121678,0.0,300,0.04723930358886719,0.010940589710049714,0.00603794294189799,643951,13.49328457066649,0.0
2169,2.666707754135132,13.257784092849649,0.2545220792583332,13.535844575279466,12.846519798185438,0.0,0.15660355824419406,0.1,0.0030965805053710938,0.05968952178955078,0.049966425,1.4495913,13.061123036568278,0.0,0.14780708310116153,0.0,300,0.0319211483001709,0.005329753915818023,0.002648267122564408,644251,13.441712416904492,0.0
2170,2.6653668880462646,12.555849041241789,0.7307434074055907,13.20211683253103,11.394590436558708,0.0,0.15002749930860468,0.1,0.003283262252807617,0.058895111083984375,0.049277943,0.65607435,13.010595637035628,0.0,0.1385366916865805,0.0,300,0.02966904640197754,0.005088319054046076,0.004509024561364617,644551,13.033200310679101,0.0
2171,2.6690304279327393,13.3224614443119,0.07157764550188644,13.424803393845284,13.223784136975004,0.0,0.14789176398012363,0.1,0.0031266212463378906,0.0592045783996582,0.04958608,1.1157658,13.041782217763256,0.0,0.14867453613190096,0.0,300,0.02925872802734375,0.0026338463542157566,0.001757756703767238,644851,13.4414612429106,0.0
2172,2.6706035137176514,13.387001213521286,0.06230517309444712,13.491420328249939,13.326860959826316,0.0,0.15108231517789092,0.1,0.0031006336212158203,0.0875086784362793,0.047824375,9.098996,13.07630411733906,0.0,0.14955821049847537,0.0,300,0.030918121337890625,0.002327147718714325,0.0012916139240298646,645151,13.391987464297506,0.0
2173,2.6663923263549805,13.060400707967792,0.45933492161150086,13.430572562088306,12.278587662417904,0.0,0.1520038793538309,0.1,0.003090381622314453,0.05854058265686035,0.049982272,0.57438296,13.074713776401934,0.0,0.14526806341620463,0.0,300,0.03790640830993652,0.0018305543534233614,0.001035917963281474,645451,13.304711523966267,0.0
2174,2.691073179244995,11.445653292615079,2.6973457286327838,13.249692268008765,6.794561473220966,0.0,0.15559493710874217,0.1,0.005379199981689453,0.058812856674194336,0.049866054,0.45167583,12.911807728023248,0.0,0.1239219282293442,0.0,300,0.05047488212585449,0.04011782585509743,0.02509176639163647,645751,13.237898180571628,0.0
2175,2.677658796310425,13.232129888580705,0.484467885017562,13.573532798245717,12.399151680628666,0.0,0.15677989561856595,0.1,0.003188610076904297,0.05945158004760742,0.050461706,1.1455845,12.943839944078995,0.0,0.1475067166317501,0.0,300,0.03951144218444824,0.01659700496325278,0.0050503179009865565,646051,13.538426701091849,0.0
2176,2.7079672813415527,13.2653971328749,0.27692020543808793,13.505251021910901,12.793860096456685,0.0,0.16129415205185063,0.1,0.003072023391723633,0.05893683433532715,0.049640797,1.0774442,12.975995662958585,0.0,0.14789979576312512,0.0,300,0.029241323471069336,0.006294928911637844,0.002370190646309086,646351,13.474803203791886,0.0
2177,2.7199923992156982,13.230938767196506,0.1611560236018451,13.452606377949776,13.00007059738762,0.0,0.14082748252431063,0.1,0.003087759017944336,0.058107852935791016,0.049753737,0.698679,13.001489973382377,0.0,0.14746371962742094,0.0,300,0.055210113525390625,0.0026473922065280552,0.001848614113182244,646651,13.440970810626695,0.0
2178,2.7642149925231934,13.21289605249993,0.19560065194129164,13.475750232637095,12.970425897457403,0.0,0.1572903154169103,0.1,0.0029680728912353516,0.0600736141204834,0.050177477,0.53453255,13.022630581294132,0.0,0.14720740979074282,0.0,300,0.02964043617248535,0.002203892437452669,0.0020877373438678818,646951,13.086459497008008,0.0
2179,2.664254903793335,13.137365289786938,0.28292740404426614,13.522015265036442,12.853095607856039,0.0,0.15083864479320422,0.1,0.003530740737915039,0.0608673095703125,0.050490446,1.3038503,13.034104052143414,0.0,0.14617137913602163,0.0,300,0.03187823295593262,0.0023834224750070936,0.0020331268683344435,647251,13.596670018605161,0.0
2180,2.6888177394866943,12.858757298416734,0.5223077404627446,13.535298214400225,12.069956530296698,0.0,0.16125587840722222,0.1,0.003291606903076172,0.05978035926818848,0.050092362,0.80501044,13.016569376770747,0.0,0.14247561021638086,0.0,300,0.031391143798828125,0.001825892064552538,0.0015170740887642748,647551,13.525168433685614,0.0
2181,2.6859993934631348,13.458650133308268,0.04968311674767343,13.509984831401134,13.376500192382142,0.0,0.16088630451947644,0.1,0.0032987594604492188,0.05841541290283203,0.049706545,1.6501907,13.0607774524245,0.0,0.1504648395719097,0.0,300,0.028579235076904297,0.000991983630149087,0.0007711301447730179,647851,13.553729659469129,0.0
2182,2.651719093322754,13.335370371867445,0.15371547596956975,13.501541808450948,13.149206963048544,0.0,0.1552258853110563,0.1,0.0030918121337890625,0.06780815124511719,0.050683495,3.3870544,13.088236744368794,0.0,0.14881247813701098,0.0,300,0.03551602363586426,0.0007248641006288736,0.0005700070340257912,648151,13.577059192049257,0.0
2183,2.7135398387908936,12.942860585540572,0.7994186610527317,13.502456694456118,11.569284191737372,0.0,0.15099940637818393,0.1,0.0032384395599365234,0.09196782112121582,0.049762663,0.4407386,13.073699128485972,0.0,0.14363677655958396,0.0,300,0.028554201126098633,0.002733047446469913,0.0021967557775235363,648451,13.636963680429433,0.0
2184,2.6798572540283203,13.31071419181286,0.06445215453043067,13.386170724989126,13.208144355412454,0.0,0.1601898882867663,0.1,0.0030059814453125,0.0586390495300293,0.050136548,0.98689115,13.097400634818662,0.0,0.14853721276111662,0.0,300,0.04291820526123047,0.0011870950851707984,0.0009269678786764869,648751,13.410828602837109,0.0
2185,2.719284772872925,12.674271091476488,1.0956104713792674,13.344052931362,10.777661740833684,0.0,0.1449534794659467,0.1,0.003113985061645508,0.05745196342468262,0.050224815,0.64100116,13.055087680484444,0.0,0.14005625905080207,0.0,300,0.030711650848388672,0.0029782748179617326,0.002610299492864644,649051,13.650788111318713,0.0
2186,2.6830904483795166,13.072077314330935,0.3583299889477547,13.423826724946816,12.597685641684036,0.0,0.16163234482724181,0.1,0.0029935836791992188,0.0572209358215332,0.050034687,0.75100124,13.056786643869094,0.0,0.14537216051802768,0.0,300,0.029206514358520508,0.0014044454303862122,0.001130512753403769,649351,13.518423069769065,0.0
2187,2.679171085357666,13.069107053793662,0.3673955413924373,13.43771742314382,12.48772830530511,0.0,0.16416522746542672,0.1,0.0030455589294433594,0.06122255325317383,0.049667004,1.1159095,13.058018684861551,0.0,0.14531745757056286,0.0,300,0.029071331024169922,0.0011147605560948915,0.0010024591739215148,649651,13.447839906183793,0.0
2188,2.6883816719055176,12.58537162326543,1.0837700147071003,13.465285358581387,10.76013325571915,0.0,0.14362663612957785,0.1,0.0031147003173828125,0.05842447280883789,0.05026049,0.41153115,13.01075397870194,0.0,0.1389044502317245,0.0,300,0.02894139289855957,0.0030711402965842116,0.0027859022491651783,649951,13.596438582943724,0.0
2189,2.692136526107788,13.070174918300792,0.3687604183837009,13.368731730283537,12.442421545247958,0.0,0.15168313112350332,0.1,0.0030193328857421875,0.06056690216064453,0.049685184,0.7221342,13.016696072661825,0.0,0.14535004509581012,0.0,300,0.029058456420898438,0.001361081717262347,0.0010988998024648708,650251,13.547630556394504,0.0
2190,2.6479737758636475,13.271689696762412,0.34633859527295774,13.658407487361295,12.718844853843127,0.0,0.1526322203867228,0.1,0.002958536148071289,0.057097673416137695,0.04980664,1.0134038,13.042195435071884,0.0,0.1479713519339249,0.0,300,0.030348777770996094,0.0013878410451798925,0.0011350368948970192,650551,13.480531172391343,0.0
2191,2.6680030822753906,13.260852240969186,0.07366855073925097,13.335757275114547,13.139083264476726,0.0,0.1503150136554125,0.1,0.003045320510864258,0.057859182357788086,0.048595283,1.3292044,13.064061115661616,0.0,0.14784048769787184,0.0,300,0.028979063034057617,0.000672155901684832,0.0006816147505300619,650851,13.318822530210726,0.0
2192,2.6711435317993164,13.354189042323178,0.18949520233969533,13.628433051605226,13.1182363236764,0.0,0.16105704371626914,0.1,0.0035092830657958984,0.05928492546081543,0.04987607,1.0189587,13.093073908327773,0.0,0.14906530584175448,0.0,300,0.028946638107299805,0.0010369883433528045,0.0008448727622217421,651151,13.255450973695105,0.0
2193,2.7338368892669678,13.27772931211319,0.18706932217392447,13.427353546320447,12.958124577361337,0.0,0.16303073629501247,0.1,0.0036880970001220703,0.06076765060424805,0.050238144,0.71196854,13.111539448706315,0.0,0.14806405238967152,0.0,300,0.02904486656188965,0.0009899562304571694,0.0007351509840357878,651451,13.60099606727008,0.0
2194,2.5999562740325928,12.6688223409468,0.7926367627542604,13.285992428166857,11.33775462403289,0.0,0.14079772668505758,0.1,0.003600597381591797,0.05843019485473633,0.049624406,0.44036743,13.067267737930365,0.0,0.1399845463532406,0.0,300,0.02886486053466797,0.0018967731347878693,0.0015436732279842426,651751,13.467406847484968,0.0
2195,2.6303751468658447,13.212690071163955,0.1507967025682296,13.420217442434526,12.993993217662748,0.0,0.1620256764689844,0.1,0.0035774707794189453,0.06211566925048828,0.050106257,1.0160146,13.081809971253724,0.0,0.14723007311934694,0.0,300,0.032500267028808594,0.0019027977903642648,0.0010242362293090821,652051,13.398440883060124,0.0
2196,2.6840081214904785,12.800560297852133,0.5505080830088213,13.389274008370558,11.914771718837619,0.0,0.15953676563235691,0.1,0.0036783218383789062,0.06007266044616699,0.050029714,0.7417803,13.053685003913564,0.0,0.14167691207707414,0.0,300,0.030682802200317383,0.003227767682218216,0.002100559786756405,652351,13.509478806480653,0.0
2197,2.680588483810425,13.315686769098825,0.2672878453309667,13.638758051718424,12.947866840949084,0.0,0.16247049687371393,0.1,0.0035855770111083984,0.09351372718811035,0.050013162,1.1043077,13.07988518043209,0.0,0.14854564698990355,0.0,300,0.028954267501831055,0.003396797957432494,0.001408741961248105,652651,13.211936058165442,0.0
2198,2.698573350906372,12.907830299628422,0.3163690009100833,13.265057137362513,12.52671447827191,0.0,0.15820887617925056,0.1,0.003717184066772461,0.06330132484436035,0.050629575,0.6689819,13.062679692351724,0.0,0.14318721052429537,0.0,300,0.029129981994628906,0.00280419613831471,0.001004117254010378,652951,13.43527945719413,0.0
2199,2.6688756942749023,13.404040087827712,0.04835888046329756,13.487110869684104,13.366321413530224,0.0,0.15722327964188276,0.1,0.003676891326904297,0.06890082359313965,0.04962164,0.6272337,13.096815731899323,0.0,0.14977153655277664,0.0,300,0.03056049346923828,0.001876374162736411,0.0009539699654116112,653251,13.396362098534405,0.0
2200,2.6897518634796143,13.328316352834477,0.07596594623365818,13.405276696614093,13.205304997415698,0.0,0.15651625686420848,0.1,0.003657817840576172,0.06074118614196777,0.049861703,1.0642004,13.119965793992838,0.0,0.14876568992349992,0.0,300,0.02948474884033203,0.0011453919914031637,0.0004756584518151981,653551,13.40609053591408,0.0
2201,2.7180335521698,12.056872037774314,2.19573079135076,13.44869466078188,8.257739923394535,0.0,0.14662862776832242,0.1,0.003494739532470703,0.06111884117126465,0.0502754,0.34307793,13.013656418370987,0.0,0.13199525183660424,0.0,300,0.028276443481445312,0.01174658617787747,0.00911710093808411,653851,13.57437270666042,0.0
2202,2.6444897651672363,12.877356474809618,0.615429216616415,13.347911147162161,11.841451721081517,0.0,0.1472791640789599,0.1,0.003609180450439453,0.05816650390625,0.050018232,1.3197111,13.000026424014852,0.0,0.14275954279314496,0.0,300,0.02874469757080078,0.0035681771495996734,0.0030359009693867673,654151,13.618222170503765,0.0
2203,2.67091965675354,13.02534006726748,0.27852943306501987,13.43743187656154,12.662075827458567,0.0,0.1429056770715518,0.1,0.0036242008209228516,0.06214594841003418,0.049835917,1.9174587,13.002557788340116,0.0,0.14479139506048475,0.0,300,0.0292816162109375,0.0023144719177986897,0.001311381976071921,654451,13.46410665911295,0.0
2204,2.6510937213897705,13.338442921456902,0.14181606020174364,13.558719873476972,13.194165536709843,0.0,0.15429133719883753,0.1,0.0037696361541748047,0.08308887481689453,0.050002623,1.4828563,13.036146301651796,0.0,0.14887125228601178,0.0,300,0.030965566635131836,0.0015218570051942425,0.0011557730024790336,654751,13.440650699147282,0.0
2205,2.7259628772735596,13.220264014236417,0.09439855902092147,13.374030111224144,13.129389120660033,0.0,0.15023662711648136,0.1,0.0037419795989990234,0.061483144760131836,0.051041387,0.49558526,13.054558072910257,0.0,0.14731221480928963,0.0,300,0.029090166091918945,0.0016841801477865243,0.001051286161009808,655051,13.456303399087771,0.0
2206,2.6440939903259277,13.149418868869862,0.25033958081473806,13.446238959819222,12.854001512386954,0.0,0.15573748218881955,0.1,0.0036840438842773438,0.06024646759033203,0.050054524,0.87440264,13.064044152506218,0.0,0.14638348160687772,0.0,300,0.029554367065429688,0.0017539188419013329,0.0016059901826543073,655351,13.359151721907521,0.0
2207,2.690735340118408,12.621534485162101,0.2515027317492279,13.050448676173204,12.431210642838264,0.0,0.1414529668537373,0.1,0.0037927627563476562,0.06016063690185547,0.047226097,24.57373,13.019793185771807,0.0,0.13936448827677028,0.0,300,0.03026294708251953,0.0013642217455770529,0.0010488201730790257,655651,13.258325823425608,0.0
2208,2.7880947589874268,12.65514368802117,0.7474939300660166,13.2080551798834,11.368686604359638,0.0,0.15019756866887626,0.1,0.006698131561279297,0.08362913131713867,0.04971762,0.7100195,12.983328235996744,0.0,0.13977959019205335,0.0,300,0.02951502799987793,0.003763290494420768,0.0035325758987963065,655951,13.389770604793169,0.0
2209,2.695991277694702,12.356458304443112,1.4909005285932855,13.584794182100447,9.868454024514522,0.0,0.1402741042167105,0.1,0.014173746109008789,0.06360197067260742,0.050845515,0.72508293,12.92064124284138,0.0,0.13589369240432358,0.0,300,0.029926776885986328,0.006456950647963791,0.00553337054126449,656251,13.529340422593648,0.0
2210,2.706101179122925,13.375349381623085,0.11036803889809861,13.529221526555487,13.22235243092176,0.0,0.14777780318510386,0.1,0.008639097213745117,0.07148885726928711,0.04975544,2.0100324,12.96611205671955,0.0,0.1493449881266194,0.0,300,0.0305483341217041,0.0019757809740307162,0.0009808364907364674,656551,13.069463672645185,0.0
2211,2.7451748847961426,13.35334275455771,0.1699473424113508,13.595259366539716,13.182856097879617,0.0,0.1516987928209011,0.1,0.011600017547607422,0.0918889045715332,0.049770065,1.3991636,13.004835126503368,0.0,0.14906064562236068,0.0,300,0.02939009666442871,0.0009084861454528491,0.0007152786130193506,656851,12.958385623932225,0.0
2212,2.654827356338501,13.23529814944046,0.15241048078174646,13.347163610820896,12.973373830444144,0.0,0.15273492124440152,0.1,0.006214618682861328,0.08604097366333008,0.05013611,0.4983022,13.027881428797077,0.0,0.14751691321545457,0.0,300,0.03004741668701172,0.0011420153949820613,0.0009586638251819068,657151,13.512916406294297,0.0
2213,2.6977720260620117,13.249043527025538,0.21625936155133246,13.479873180759524,12.897959753918316,0.0,0.1460430225459053,0.1,0.0037283897399902344,0.06018781661987305,0.048741505,0.6995068,13.049997638619923,0.0,0.14770540688860131,0.0,300,0.030849695205688477,0.001371954093729201,0.0011088545850726375,657451,13.322584961871938,0.0
2214,2.688610315322876,13.296722987159548,0.09424385978623008,13.457357048856869,13.215836274274041,0.0,0.15602975575896644,0.1,0.0036187171936035156,0.058652400970458984,0.049662303,1.7542362,13.074670173473885,0.0,0.14827596609066063,0.0,300,0.0306088924407959,0.0007398568499840841,0.0005423041010272016,657751,13.311935451156556,0.0
2215,2.683464527130127,13.08213874184657,0.2975110243048513,13.491396480675897,12.654480009951701,0.0,0.15958035789696542,0.1,0.003600597381591797,0.05844378471374512,0.049723655,1.0742203,13.075417030311154,0.0,0.14550514762189132,0.0,300,0.029782772064208984,0.0011604113447049845,0.0010886324121860335,658051,13.421340787929433,0.0
2216,2.6524465084075928,13.21722328814294,0.3769464730797967,13.55495552226945,12.607721412587551,0.0,0.1540574663400128,0.1,0.0035865306854248047,0.06021738052368164,0.049771976,0.60454947,13.089597656094334,0.0,0.14728436121875813,0.0,300,0.032541751861572266,0.0008684752155223107,0.0008130663124517997,658351,13.412565613865247,0.0
2217,2.6676652431488037,12.8218906555517,0.8783880699179724,13.571663065261447,11.323859183804743,0.0,0.15853949190580366,0.1,0.004896879196166992,0.060277700424194336,0.049860906,0.6849631,13.06282695604007,0.0,0.14210281301100297,0.0,300,0.03020954132080078,0.004138023592086503,0.003726651094261398,658651,13.553772219801743,0.0
2218,2.7024288177490234,12.045806393790354,1.566561648686543,13.49922271353573,9.476496190312249,0.0,0.1499110075681874,0.1,0.003695964813232422,0.05989861488342285,0.050325513,0.6834243,12.961124899815099,0.0,0.131732298346421,0.0,300,0.029794692993164062,0.010015408577401236,0.0073636505886429116,658951,13.05133723303837,0.0
2219,2.721072196960449,13.214381796738957,0.16373800237082917,13.477652883549554,13.029939329865094,0.0,0.14934272410332083,0.1,0.003618478775024414,0.05813765525817871,0.05054686,2.0294893,12.986450589507484,0.0,0.147259482845806,0.0,300,0.028269529342651367,0.004578547942110286,0.0019684864067463633,659251,13.351856567190103,0.0
2220,2.719473361968994,13.290336934417844,0.0644076529660479,13.373275491279367,13.19258483302831,0.0,0.1544189299102861,0.1,0.0036382675170898438,0.05841827392578125,0.04937416,7.228359,13.01683922399852,0.0,0.14822159716196648,0.0,300,0.028985023498535156,0.0019857124356236315,0.0011714636157604764,659551,13.504244257091761,0.0
2221,2.7120535373687744,13.391849910642073,0.08975301128759937,13.50857763551623,13.276571807677234,0.0,0.15488548529822585,0.1,0.0035812854766845703,0.058126211166381836,0.049910564,1.006869,13.054340292662877,0.0,0.14962527723927732,0.0,300,0.028919219970703125,0.0009918531697798076,0.0008646575309174873,659851,13.456877903454684,0.0
2222,2.6552560329437256,13.122982208088057,0.336744465444255,13.502892509206866,12.761088529176158,0.0,0.14482062449301009,0.1,0.00960993766784668,0.060346126556396484,0.04978431,0.620819,13.061204484205396,0.0,0.14603849451874532,0.0,300,0.034116506576538086,0.0020294331048903037,0.0010143582427996037,660151,13.25456074647439,0.0
2223,2.652402639389038,13.315785401132212,0.16562647299136818,13.475143658780409,13.03835587442985,0.0,0.15755699655230967,0.1,0.0035707950592041016,0.06001567840576172,0.049155284,1.336795,13.086662575898078,0.0,0.1485558785447208,0.0,300,0.028906822204589844,0.0008996064891174342,0.0010481802233508189,660451,13.39873138432345,0.0
2224,2.7281382083892822,13.096240715246022,0.3838056155905393,13.549063172359785,12.688038998809459,0.0,0.15970183164799168,0.1,0.0037093162536621094,0.06121373176574707,0.04998672,1.5868435,13.087620389832873,0.0,0.14562796973735337,0.0,300,0.02962207794189453,0.001260803049363551,0.000558323274146091,660751,13.51397748463589,0.0
2225,2.7552647590637207,12.984005597292272,0.6249278903384382,13.448879729819778,11.911885174978586,0.0,0.15145491532877395,0.1,0.003645658493041992,0.06032752990722656,0.049464434,1.0472059,13.077258910578813,0.0,0.14421963306146535,0.0,300,0.029338598251342773,0.0021035518267022288,0.0019787294321715328,661051,13.460007859114734,0.0
2226,2.7823569774627686,13.22033022914065,0.31755373367894574,13.484236076596298,12.682335985263034,0.0,0.1712176074693146,0.1,0.003643035888671875,0.09425878524780273,0.04982299,0.576128,13.091566042434996,0.0,0.14731932620252947,0.0,300,0.03257870674133301,0.0020861019907230252,0.0013463208534845506,661351,13.529681325949843,0.0
2227,2.7061052322387695,12.663807496229406,1.1703194127713,13.39691689984116,10.637966375813399,0.0,0.1383513979388516,0.1,0.0036373138427734375,0.060183048248291016,0.049892824,0.9549873,13.048790187814438,0.0,0.1400142266644916,0.0,300,0.03197598457336426,0.007666886115622236,0.005727998830202791,661651,12.32686559904642,0.0
2228,2.6944947242736816,13.331094041004757,0.10216421635764503,13.495932427476006,13.21619331753865,0.0,0.15719589660520136,0.1,0.003662109375,0.0607759952545166,0.049923066,1.721576,13.07702057313347,0.0,0.1487397177032852,0.0,300,0.032402992248535156,0.004086122937071346,0.0014931747697419942,661951,12.689034379454418,0.0
2229,2.712386131286621,13.171876582978932,0.5414758137355827,13.523990557820122,12.23591584587815,0.0,0.15048852574233443,0.1,0.0044820308685302734,0.09464693069458008,0.04971998,1.3862803,13.086506174118018,0.0,0.14664149064707027,0.0,300,0.030783891677856445,0.0018925311062770594,0.0013173960400148243,662251,13.414190175767716,0.0
2230,2.7027902603149414,13.283021291933546,0.10549378477295404,13.350707453696822,13.100889247174507,0.0,0.15975486625973107,0.1,0.0070645809173583984,0.07615494728088379,0.050340425,0.70859724,13.106157685899571,0.0,0.14818657165180313,0.0,300,0.02933049201965332,0.0009308779109187913,0.0010740178540195908,662551,13.264532396710413,0.0
2231,2.7471506595611572,12.942291219957925,0.4533986709086829,13.344802137687372,12.189172305211208,0.0,0.1494134599525239,0.1,0.0035414695739746094,0.05951261520385742,0.0495867,0.47744915,13.089771039305408,0.0,0.14361927131566843,0.0,300,0.0307159423828125,0.0014865911159296006,0.0010481260235347535,662851,13.243522241955562,0.0
2232,2.679849624633789,13.202494407061709,0.2380986214613271,13.595793644012064,12.985277251831937,0.0,0.15103876528438043,0.1,0.003522634506225586,0.05936837196350098,0.0493008,2.2512484,13.101043376081037,0.0,0.14706913067668592,0.0,300,0.027681589126586914,0.0012978001644729257,0.0010465071654019733,663151,13.667034721725166,0.0
2233,2.7656219005584717,13.322202695566746,0.1998541989343447,13.537654199620157,13.020751344018354,0.0,0.15461914468874252,0.1,0.0035839080810546875,0.060280561447143555,0.050545134,1.924177,13.123159308029608,0.0,0.14876305832665815,0.0,300,0.03007674217224121,0.001103874397334356,0.0006453627753685262,663451,13.538965154595465,0.0
2234,2.7065138816833496,13.12562536951932,0.22860673745310037,13.424274447022327,12.878572843875755,0.0,0.15672559641980827,0.1,0.003699779510498047,0.06022763252258301,0.050760176,1.1474283,13.12340591417858,0.0,0.14604555240634648,0.0,300,0.04268455505371094,0.0012277675547855424,0.0008460775243921854,663751,12.72501389502652,0.0
2235,2.736420154571533,13.300656581573362,0.16826378815154147,13.541669201387844,13.077916713171101,0.0,0.15565761769643072,0.1,0.003588438034057617,0.06004595756530762,0.05010452,0.8351494,13.141130980918058,0.0,0.14835639781365614,0.0,300,0.02964615821838379,0.0008369540001108908,0.0008197444456349333,664051,13.646858775446015,0.0
2236,2.658763885498047,12.747915362019535,0.8393626154091014,13.402847852852815,11.33581580424375,0.0,0.15086440123878306,0.1,0.003649473190307617,0.060363054275512695,0.050565664,1.0337739,13.101809419028207,0.0,0.14120896576986608,0.0,300,0.030025959014892578,0.003280435108204118,0.002659713350418611,664351,13.449802224054016,0.0
2237,2.7306559085845947,13.107951332210984,0.4340815840612255,13.570437812601828,12.627375459202323,0.0,0.1584329026513448,0.1,0.003509998321533203,0.059189558029174805,0.049713265,0.9154175,13.102423610346486,0.0,0.1457641517056354,0.0,300,0.04598236083984375,0.0017543213159972044,0.0010861989080986198,664651,13.359257089035287,0.0
2238,2.698155403137207,13.36358481964348,0.14229792441473954,13.557785279368572,13.157241738061325,0.0,0.16456244301730782,0.1,0.0041790008544921875,0.07005643844604492,0.05001316,0.95249593,13.128539731276186,0.0,0.14926278390118417,0.0,300,0.04650688171386719,0.0008653899989865858,0.0006503580018565684,664951,13.582590774144824,0.0
2239,2.6640403270721436,12.289573836732059,1.1287624237635092,13.521788946535295,11.08967193874405,0.0,0.13860821154950698,0.1,0.0033054351806640625,0.06087183952331543,0.050887764,0.35534573,13.044643141821775,0.0,0.13508399316105185,0.0,300,0.03007650375366211,0.004626900058542354,0.0035415423828617895,665251,13.367018133174293,0.0
2240,2.7626142501831055,12.52801657580379,0.7990614476977749,13.443742854060696,11.347947671357275,0.0,0.13560088117829935,0.1,0.0031905174255371094,0.061882972717285156,0.04997079,0.53319263,12.992980485219977,0.0,0.13814663723903364,0.0,300,0.03098320960998535,0.0027388381752800283,0.0019430147201697692,665551,13.624572412359093,0.0
2241,2.81837797164917,13.113162578058317,0.3946971790326285,13.360424122568523,12.429941788768812,0.0,0.1466200525743764,0.1,0.0050656795501708984,0.05913376808166504,0.04998399,1.6806662,13.004998694503811,0.0,0.14593985989441988,0.0,300,0.029844284057617188,0.002367883217832694,0.0010154411702694517,665851,13.561533860411567,0.0
2242,2.7752528190612793,13.459240763221295,0.06584247109901024,13.524508448466392,13.349321870110325,0.0,0.15859304558760312,0.1,0.003185749053955078,0.059227943420410156,0.0504999,1.4212345,13.05042290137556,0.0,0.15047915394615527,0.0,300,0.029757261276245117,0.0013158981969401884,0.0012311104454261587,666151,13.556678759011797,0.0
2243,2.819162368774414,13.304859150889303,0.08431154035721108,13.449534097977175,13.239450310910213,0.0,0.16082829207194063,0.1,0.006773471832275391,0.06054997444152832,0.049770992,0.54494697,13.075866526326935,0.0,0.14842712221676177,0.0,300,0.030228376388549805,0.0016170281756290035,0.0007930751098610211,666451,13.288238451048827,0.0
2244,2.724472999572754,13.312291472169878,0.18700164655298085,13.478544523259496,12.994887514745965,0.0,0.15706654886858337,0.1,0.0030825138092041016,0.059180259704589844,0.049205527,0.59706277,13.09950902091123,0.0,0.14852097181922888,0.0,300,0.029649972915649414,0.0011165554906046005,0.001040413459330746,666751,13.369598581018257,0.0
2245,2.80566668510437,12.349277721059682,0.5805798811186073,12.832583508681733,11.362597119971358,0.0,0.146271296825567,0.1,0.0030913352966308594,0.058167457580566406,0.049853206,0.59086055,13.024485890926076,0.0,0.13584021837731214,0.0,300,0.052594661712646484,0.003040902940340199,0.002104975215485955,667051,12.991263155827026,0.0
2246,2.808711528778076,11.673491636601927,2.91903368756052,13.545919043283256,6.62207978270924,0.0,0.14131079827829773,0.1,0.0061168670654296875,0.09880471229553223,0.05001249,0.50247735,12.889386465493661,0.0,0.12697369143943363,0.0,300,0.029718399047851562,0.033687691478857744,0.025716186556385242,667351,13.526038091549674,0.0
2247,2.7510805130004883,13.361947275761208,0.09182334409954981,13.461361160102586,13.239486436245269,0.0,0.15089194011315865,0.1,0.0032410621643066406,0.05846691131591797,0.049737096,1.6008117,12.936642546520417,0.0,0.1491719140936852,0.0,300,0.030071258544921875,0.013351188758896293,0.004662168588501025,667651,13.05825008214188,0.0
2248,2.9456138610839844,11.144769440512125,2.8884455934825386,13.199749194305973,6.200916536538617,0.0,0.14773743248377125,0.1,0.0034704208374023438,0.05799555778503418,0.050205257,0.6454532,12.757455235919588,0.0,0.12004997465477854,0.0,300,0.03143048286437988,0.03149474017676923,0.020953979228137177,667951,13.641851653473035,0.0
2249,2.8962137699127197,13.265337602584276,0.22051441340095235,13.473025331580274,12.894728673656696,0.0,0.14220427637390964,0.1,0.0033485889434814453,0.10648107528686523,0.049299773,0.5895833,12.808243472586058,0.0,0.14789515661528108,0.0,300,0.03283190727233887,0.012292241512738661,0.004143720338068263,668251,13.31478417500594,0.0
2250,2.9317166805267334,13.263984510016574,0.08542619299175191,13.36108178569087,13.177258542298285,0.0,0.1476147163992873,0.1,0.0032122135162353516,0.06255102157592773,0.049685664,2.6724596,12.85381757632911,0.0,0.14795067604800077,0.0,300,0.029575586318969727,0.0046634492810446945,0.0021078525375656048,668551,13.437782398895145,0.0
2251,3.016510009765625,13.078890098417048,0.2181850429631439,13.416911808875133,12.815370715720697,0.0,0.15231020748716845,0.1,0.0031633377075195312,0.06186223030090332,0.05008965,1.255549,12.876324828537905,0.0,0.14541183080721176,0.0,300,0.02970147132873535,0.001938514997868335,0.0020340012058120247,668851,13.20233814028589,0.0
2252,2.981171131134033,13.377450639731821,0.14563964139065502,13.544969021135998,13.148194711848532,0.0,0.14567229107085208,0.1,0.0031554698944091797,0.06123495101928711,0.050371315,1.0523027,12.926437409657296,0.0,0.14935607654122507,0.0,300,0.03200340270996094,0.003873090848344098,0.003241316597729991,669151,13.528415402441235,0.0
2253,2.9450740814208984,13.077346555605033,0.27829683305149205,13.37118908125151,12.650243500346106,0.0,0.1601324641240146,0.1,0.0031020641326904297,0.05962872505187988,0.049866587,1.7924335,12.94152832425207,0.0,0.14538440576664216,0.0,300,0.031731605529785156,0.005799018707484686,0.002853053331405404,669451,13.58176415660096,0.0
2254,2.9907069206237793,13.33358899236458,0.155081332639676,13.531641342051055,13.098071748056384,0.0,0.14784734693826318,0.1,0.0031201839447021484,0.058799028396606445,0.04996664,0.76261526,12.980734391063322,0.0,0.14878950089380513,0.0,300,0.029615163803100586,0.003086810217735895,0.000989544917297542,669751,13.453620706436785,0.0
2255,2.9690709114074707,13.164834694377264,0.2563120019217182,13.405134466237282,12.776615322216754,0.0,0.15106333400379335,0.1,0.003227710723876953,0.0872795581817627,0.050558403,2.2262619,12.999144421394716,0.0,0.14658712607084576,0.0,300,0.030170679092407227,0.002258049444358784,0.0016247532588156378,670051,13.349273714415043,0.0
2256,2.9843618869781494,13.288334616045649,0.1911381686756963,13.572726814623634,13.038521539876303,0.0,0.15712565178478946,0.1,0.0031387805938720703,0.05923652648925781,0.050056163,0.9044453,13.02806344085981,0.0,0.14820036344436963,0.0,300,0.03134465217590332,0.0006773531940222628,0.0007776212549059487,670351,13.523850209253217,0.0
2257,2.993004322052002,13.17404180235365,0.311614609562486,13.566188513606496,12.727281807786802,0.0,0.1529045053981766,0.1,0.003093242645263672,0.061208248138427734,0.050369628,1.059007,13.042661277009195,0.0,0.1466351201783526,0.0,300,0.029355287551879883,0.0012566031214409255,0.001090012660761614,670651,13.523187606540064,0.0
2258,2.9481236934661865,13.062234848772405,0.4619404659759541,13.42884410766853,12.275624880522086,0.0,0.15826572465780603,0.1,0.0031652450561523438,0.05879497528076172,0.049595624,2.0087314,13.044618634185518,0.0,0.14521983113394973,0.0,300,0.029932737350463867,0.001483157646823881,0.001179541170764824,670951,13.54059195974991,0.0
2259,3.005384683609009,12.975513772985142,0.4249875057306003,13.387176552286261,12.318197430792965,0.0,0.15709856930369118,0.1,0.003014087677001953,0.05839896202087402,0.049983,0.78425425,13.037708148065482,0.0,0.14403821512923337,0.0,300,0.029775142669677734,0.0009469225632726437,0.0008599233926130247,671251,13.460368950766876,0.0
2260,3.050636053085327,13.000623736478158,0.5520008082827126,13.427901646506006,12.074155571587841,0.0,0.15802954630692315,0.1,0.0032558441162109375,0.05792689323425293,0.049980488,1.0603353,13.03399970690675,0.0,0.14437474250230867,0.0,300,0.029067277908325195,0.0016693909102089852,0.0014686133862810461,671551,13.272813866461455,0.0
2261,2.902857780456543,12.888300191581413,0.44006961119411897,13.346457235781935,12.312704917518333,0.0,0.15291708714381752,0.1,0.0036935806274414062,0.06268954277038574,0.050450746,0.8908202,13.019429755374215,0.0,0.14299146363954435,0.0,300,0.030019044876098633,0.0014727928567499896,0.0011626911705966056,671851,13.28558356465961,0.0
2262,2.967433214187622,13.198489831502963,0.20516795265938723,13.347033351638501,12.846656537396834,0.0,0.1575530708348469,0.1,0.0046825408935546875,0.06363439559936523,0.04989815,0.7874324,13.03733576298709,0.0,0.14697422052908685,0.0,300,0.032225608825683594,0.0014176439953280378,0.001307208857244405,672151,13.136742839850887,0.0
2263,2.965646505355835,13.357219655966533,0.12797434568586483,13.55019577000194,13.191658727990767,0.0,0.15376551482697864,0.1,0.003425121307373047,0.06141066551208496,0.049728792,0.9831439,13.069324152285033,0.0,0.1491122655546988,0.0,300,0.030278682708740234,0.0011212351502454135,0.0009398193456173253,672451,13.393299912582089,0.0
2264,2.9234602451324463,12.998893129080619,0.575936308850007,13.414751569828795,12.00588065090184,0.0,0.14655628562266404,0.1,0.01264333724975586,0.07828831672668457,0.05011347,1.0167645,13.062281049964591,0.0,0.14432526290633665,0.0,300,0.03142261505126953,0.0013779030642461295,0.0011801941464296653,672751,13.444401930214132,0.0
2265,2.8662257194519043,12.995667438092294,0.2624196215192855,13.188992923416125,12.543621083808821,0.0,0.15974917017066306,0.1,0.003247976303100586,0.06054520606994629,0.0500315,1.0517621,13.055619688777362,0.0,0.14431379674781375,0.0,300,0.032051801681518555,0.0014283555818663683,0.0009467855526102876,673051,13.515952771937522,0.0
2266,2.890936851501465,11.90072991879974,2.3245384512101626,13.293474849368492,7.875444765992353,0.0,0.14448970109745268,0.1,0.0032188892364501953,0.05822277069091797,0.051124558,0.3741912,12.9401307117796,0.0,0.12989060339167566,0.0,300,0.033838748931884766,0.016037751603462214,0.01265299052345153,673351,13.513336710405268,0.0
2267,2.9412333965301514,13.187217943182691,0.24524414370586223,13.40639639595539,12.792583188546459,0.0,0.14094132108677176,0.1,0.0030655860900878906,0.09225678443908691,0.051328976,15.137859,12.964839434919911,0.0,0.1468766027196225,0.0,300,0.029301881790161133,0.006575771557904598,0.0024040681846698914,673651,13.566210607868465,0.0
2268,2.9268734455108643,13.288771935593413,0.07536664409721286,13.386423832922102,13.203802415798531,0.0,0.1671629774536143,0.1,0.003113269805908203,0.05958700180053711,0.04999684,0.87567085,12.997232684987262,0.0,0.14824739003288662,0.0,300,0.06642556190490723,0.004077333221737345,0.002051777120824453,673951,13.505713519156872,0.0
2269,2.9213168621063232,13.040741027572446,0.18454455204731687,13.205765594208836,12.738540140872496,0.0,0.14357481510083955,0.1,0.0030531883239746094,0.0578455924987793,0.049954403,0.45254007,13.00158351924578,0.0,0.14491653277917524,0.0,300,0.03025364875793457,0.0019131582433423867,0.001686449002073817,674251,13.65894768635858,0.0
2270,2.973020076751709,13.16943096451165,0.3530750559394539,13.380461381900995,12.557943790595418,0.0,0.15906679287030034,0.1,0.0032682418823242188,0.06120777130126953,0.050226644,0.5951711,13.018368263772368,0.0,0.14663940934119096,0.0,300,0.0334780216217041,0.003882499125145325,0.0024631752980632912,674551,13.48037727026867,0.0
2271,2.9847631454467773,13.345856378004658,0.09875157910102685,13.484411131789168,13.221338305182218,0.0,0.15835434067458773,0.1,0.00307464599609375,0.06020712852478027,0.05046559,1.6825055,13.051117075195597,0.0,0.14895552837518822,0.0,300,0.02955484390258789,0.002970453480544529,0.0012598156015172102,674851,13.420599241235081,0.0
2272,2.9492549896240234,13.06536094505031,0.16695420423503754,13.240023364482946,12.815294592571385,0.0,0.14472840465704587,0.1,0.0031824111938476562,0.08850240707397461,0.049334053,6.1952586,13.052541462181068,0.0,0.14526267397384474,0.0,300,0.02939462661743164,0.0011508474915011874,0.0010490439411046304,675151,13.47074675974526,0.0
2273,2.9718480110168457,13.157122267566441,0.185771636868363,13.355265984122035,12.879615302871967,0.0,0.15978680869295556,0.1,0.0030634403228759766,0.06429624557495117,0.050058935,0.76733834,13.062999542719606,0.0,0.14643857560161472,0.0,300,0.02978348731994629,0.0009715096411438235,0.0009679183772722199,675451,13.531269025216583,0.0
2274,3.0029430389404297,13.129709611026673,0.26657374433218856,13.470882107411331,12.722749341179334,0.0,0.16773045079962415,0.1,0.003093242645263672,0.05810093879699707,0.049944974,0.6408579,13.069670549550313,0.0,0.14610833581381177,0.0,300,0.032433509826660156,0.0017887438671242378,0.0015457324808877443,675751,13.603372605649659,0.0
2275,2.9030601978302,13.285628214265756,0.11121187367145871,13.474804294973062,13.188359558967068,0.0,0.17310582408128472,0.1,0.002966165542602539,0.0604095458984375,0.05013365,0.8443293,13.091266316021859,0.0,0.14815768008907615,0.0,300,0.03094029426574707,0.001428734397917836,0.0011533031018982481,676051,13.570029705943462,0.0
2276,2.866745710372925,13.037947102772293,0.20654114901918819,13.329223952369468,12.795167177396896,0.0,0.1619324675734202,0.1,0.0031099319458007812,0.09332942962646484,0.050418332,0.72352946,13.085934394696903,0.0,0.14487454823220383,0.0,300,0.030397891998291016,0.0012744188690133338,0.0010686416590414453,676351,13.61940811093307,0.0
2277,2.9103922843933105,13.327035637146972,0.19951563598415176,13.525298781367628,13.009397723287675,0.0,0.157140877381584,0.1,0.0030183792114257812,0.05821537971496582,0.049734514,0.64721906,13.11004451894191,0.0,0.14871725327406882,0.0,300,0.029422760009765625,0.0010634826891592702,0.0007649991043556148,676651,13.637893472581395,0.0
2278,2.9582626819610596,11.478808244078456,3.2078171850746746,13.454247533707772,5.92545553886127,0.0,0.13609194986156117,0.1,0.0032422542572021484,0.06216025352478027,0.050099436,0.34957895,12.946920891455566,0.0,0.12442597318384199,0.0,300,0.031018495559692383,0.027912737839981633,0.017512292650804187,676951,13.456917282160672,0.0
2279,2.9520716667175293,12.891795554021044,0.17621099778277827,13.088236653198752,12.693076294394556,0.0,0.1448984324006968,0.1,0.0033028125762939453,0.09045219421386719,0.04972628,2.3516402,12.941408357712113,0.0,0.14299568140083452,0.0,300,0.03163456916809082,0.0036563883788882133,0.0019835983330099972,677251,13.641070893593431,0.0
2280,2.8590376377105713,13.072848981230985,0.3969753290846918,13.42335693192631,12.404919618979605,0.0,0.14142921980918638,0.1,0.0032575130462646484,0.06235790252685547,0.050183978,2.3257089,12.954552420064001,0.0,0.14529768727723652,0.0,300,0.029668569564819336,0.002515687358726021,0.0015580647042327065,677551,13.60375748483022,0.0
2281,2.9530999660491943,12.284258752107027,1.4196868370936988,13.547191466395143,9.87443146066098,0.0,0.14118344051666815,0.1,0.003149271011352539,0.05988454818725586,0.05039636,1.3054439,12.887523053268303,0.0,0.13483742698949375,0.0,300,0.029842138290405273,0.004218381312713349,0.004019881827535572,677851,13.597001824641078,0.0
2282,2.909456253051758,12.990204628540896,0.5522270544501854,13.47215104504084,12.050654646778618,0.0,0.13916913779427242,0.1,0.003263711929321289,0.06741523742675781,0.04899058,0.856571,12.897791210795564,0.0,0.14424585052738317,0.0,300,0.05952310562133789,0.002587631576651621,0.001855480509080825,678151,13.506636624585438,0.0
2283,2.964752435684204,13.23281307592123,0.10973833209242183,13.346013988324053,13.09124865028791,0.0,0.15535648303503705,0.1,0.0032579898834228516,0.08937954902648926,0.049778145,1.5681938,12.931293397308131,0.0,0.14746311968299786,0.0,300,0.03149819374084473,0.0026049028371001462,0.0015466539704210597,678451,13.521715892108972,0.0
2284,2.942155599594116,13.32719209003659,0.10364039813794668,13.463283712712817,13.172057644882209,0.0,0.14180754768713613,0.1,0.0030975341796875,0.06038951873779297,0.05005593,3.4668326,12.970883266580978,0.0,0.1486791687467791,0.0,300,0.05414390563964844,0.0016499569002288968,0.0011522323365941725,678751,13.546512319596154,0.0
2285,3.0251595973968506,13.154589268438208,0.08648476176218259,13.250703842055898,13.0175063298201,0.0,0.1577875516744185,0.1,0.0032596588134765625,0.09132647514343262,0.05038221,0.58532244,12.9892538667667,0.0,0.14642199393920433,0.0,300,0.03315997123718262,0.0012700659325718293,0.0012159089343303157,679051,13.60128857717419,0.0
2286,2.966505289077759,13.308405992872107,0.09929978867749455,13.446416466414622,13.175030904772152,0.0,0.15197345102474077,0.1,0.0032067298889160156,0.06001591682434082,0.050161265,0.9838015,13.021169079377241,0.0,0.14845758012940866,0.0,300,0.03028273582458496,0.0009209659405144817,0.0007200027253341917,679351,13.185391618846587,0.0
2287,2.9345409870147705,12.895997737479984,0.41531580775885685,13.360708470640471,12.225887307535233,0.0,0.14907200411029864,0.1,0.003087759017944336,0.058245182037353516,0.049935214,1.5006821,13.008651945187516,0.0,0.14311310799737273,0.0,300,0.06651616096496582,0.0015837861187063805,0.001321825856697057,679651,13.514487031368892,0.0
2288,2.962094783782959,12.850259501072479,0.6469402516815195,13.276487754649722,11.734197747913854,0.0,0.14505559675315835,0.1,0.0032262802124023438,0.05778169631958008,0.049494836,0.4135699,12.992812700776014,0.0,0.1423885404851012,0.0,300,0.030214548110961914,0.003048029384045109,0.0020587674876818146,679951,13.634808742112504,0.0
2289,2.9034616947174072,13.253420588725177,0.040495948858145905,13.29670128768184,13.196976425401067,0.0,0.15783941854310216,0.1,0.0031747817993164062,0.0612795352935791,0.050887205,1.663009,13.01887348957093,0.0,0.14776141015730243,0.0,300,0.029712200164794922,0.0010461193244210045,0.0006747159922045692,680251,13.519547866340204,0.0
2290,2.931602716445923,13.31846026616461,0.02808490992229324,13.354354880227435,13.28138978789826,0.0,0.16096296503195026,0.1,0.0030028820037841797,0.09127306938171387,0.049754933,0.71332234,13.048832167230298,0.0,0.14861181343840932,0.0,300,0.029422760009765625,0.0006817368753243617,0.0006058208606244642,680551,13.587343705021942,0.0
2291,2.948115825653076,13.219797321286777,0.15619131524247018,13.397799473971975,13.047638131661925,0.0,0.16305451346623348,0.1,0.007070779800415039,0.07393288612365723,0.049932037,0.78189474,13.065928682635947,0.0,0.14728371636061094,0.0,300,0.02933216094970703,0.0009504110171167362,0.0007863720951730122,680851,13.449071835556984,0.0
2292,2.9340133666992188,13.164420240449996,0.0774730556852903,13.298135866382516,13.109778814382945,0.0,0.15981205044167693,0.1,0.00665736198425293,0.07858872413635254,0.049797032,1.2748842,13.075777838417352,0.0,0.14654065894571314,0.0,300,0.02937150001525879,0.0008325178165231106,0.0008568978212423839,681151,13.435851510138988,0.0
2293,2.964116334915161,13.152732401838099,0.14411712879197208,13.345515596062588,12.952789434411748,0.0,0.1624906029694631,0.1,0.0036668777465820312,0.06054401397705078,0.049737427,1.0040421,13.083473294759427,0.0,0.14639168035663735,0.0,300,0.030173540115356445,0.0009104505515442968,0.0006883663829167385,681451,13.555141445351516,0.0
2294,2.946458101272583,13.33995266745798,0.12688796984222256,13.49012902399042,13.158883155323027,0.0,0.15338910840523076,0.1,0.009093284606933594,0.0623326301574707,0.049687475,1.1197786,13.109121232029283,0.0,0.14893336020721865,0.0,300,0.030054330825805664,0.0008150749270592181,0.0007706805244659011,681751,13.351677516983647,0.0
2295,2.971508502960205,13.265550518354244,0.10825097608425804,13.330654564273088,13.078091787816051,0.0,0.15892880829764572,0.1,0.0032181739807128906,0.06117367744445801,0.05000227,0.8806983,13.124764160661778,0.0,0.14790210309098373,0.0,300,0.029831647872924805,0.0005953158276948919,0.0005012556830713244,682051,13.421897645235058,0.0
2296,2.964158535003662,12.98060189742568,0.3805941458933353,13.61310971320967,12.642923198269242,0.0,0.15130661835821932,0.1,0.003302335739135742,0.05927705764770508,0.04980149,0.8057638,13.110347934338169,0.0,0.14412360691932363,0.0,300,0.02974700927734375,0.0015692410004373495,0.0012639948779192643,682351,13.468546314550197,0.0
2297,2.9396979808807373,13.260889654866691,0.15675864857934899,13.449839950458792,13.03525442082029,0.0,0.16206580002453086,0.1,0.004664182662963867,0.07578277587890625,0.050109006,0.58902436,13.125402106391022,0.0,0.14783590473302538,0.0,300,0.029689788818359375,0.0009268832942391465,0.0005508576843818389,682651,13.530864359593247,0.0
2298,2.960906744003296,13.318932540758361,0.08182920055243102,13.434159411196152,13.225609247635774,0.0,0.14950894286679461,0.1,0.005959272384643555,0.06926202774047852,0.049095638,1.0395849,13.144755149827757,0.0,0.14857201283950514,0.0,300,0.0339350700378418,0.0007077774945765049,0.00044644121722410595,682951,13.430985851834194,0.0
2299,2.965139389038086,13.356430799848582,0.14140566501199708,13.499476387770242,13.151153527418304,0.0,0.16175570801206865,0.1,0.003146648406982422,0.05852842330932617,0.05054957,0.95018125,13.16592271482984,0.0,0.14905433029020587,0.0,300,0.03010272979736328,0.0006378862486912452,0.0005570806962732014,683251,13.489548574726136,0.0
2300,2.9807987213134766,12.679682750649722,1.0182947500333208,13.295216857565899,10.91682373605326,0.0,0.1380096836200506,0.1,0.003191232681274414,0.11215329170227051,0.052305862,0.73299557,13.117298718411828,0.0,0.140102928370699,0.0,300,0.029876708984375,0.0018423229474996273,0.0015070875306234346,683551,13.347483648316564,0.0
2301,2.9762160778045654,13.344629134981291,0.09567663187798839,13.451135379305482,13.21299303593353,0.0,0.15844785706576103,0.1,0.003061532974243164,0.08062171936035156,0.049860302,1.943186,13.140031760068775,0.0,0.1489693839924247,0.0,300,0.04679703712463379,0.0005386432699674368,0.0004972498372071114,683851,13.562069679634986,0.0
2302,3.0024912357330322,13.200244753857394,0.06773709174181544,13.270587063317217,13.125194182176232,0.0,0.1519682545048174,0.1,0.003084897994995117,0.057521820068359375,0.050097167,1.4520046,13.146053059447636,0.0,0.14705484103127997,0.0,300,0.04892754554748535,0.0005887897705656194,0.0005830655674003972,684151,13.422896474626858,0.0
2303,3.0372695922851562,13.384660573478671,0.10051487465084852,13.512898126911194,13.231207643311592,0.0,0.15816155864634343,0.1,0.0032243728637695312,0.05850529670715332,0.049960498,0.68841136,13.16991381085074,0.0,0.1494712438667497,0.0,300,0.029736757278442383,0.0004958425618288414,0.00042196941397245415,684451,13.57060268779919,0.0
2304,3.1013712882995605,13.251810326785384,0.19766921830158485,13.384266821373728,12.910852704587796,0.0,0.1548900300350341,0.1,0.002928495407104492,0.05834078788757324,0.050001577,1.2634586,13.178103462444204,0.0,0.1477588822736226,0.0,300,0.058388471603393555,0.0007329558939880412,0.0005057015671847795,684751,13.55416189833815,0.0
2305,2.987058162689209,13.241909928375867,0.27188872061339797,13.499544820169001,12.784483152108818,0.0,0.15669273944151346,0.1,0.0031630992889404297,0.09646010398864746,0.05036765,0.79297775,13.18448410903737,0.0,0.14757592571257222,0.0,300,0.02977466583251953,0.0005126260179343644,0.00046509342057008535,685051,13.456682921568252,0.0
2306,2.998978614807129,13.260638954523628,0.13998984951352264,13.4860631832174,13.126793023863824,0.0,0.1496012961681282,0.1,0.003078460693359375,0.0577244758605957,0.05020021,1.3365873,13.192099593585997,0.0,0.14780868972971242,0.0,300,0.029845714569091797,0.0005568469385913131,0.00047396260375768764,685351,13.659017374223287,0.0
2307,3.002267360687256,13.364086386100084,0.10910107411562861,13.545143416846606,13.261180191160518,0.0,0.15991674959008154,0.1,0.0031642913818359375,0.05848360061645508,0.049998526,0.96270764,13.209298272837406,0.0,0.14919759629002655,0.0,300,0.030009746551513672,0.0006816447115546493,0.0006239910233078212,685651,13.427350743438879,0.0
2308,3.0282206535339355,13.291532937299575,0.29948547532702896,13.529457826700435,12.779403594853251,0.0,0.156228172990887,0.1,0.003122568130493164,0.06117892265319824,0.04971334,0.6126463,13.217521739283624,0.0,0.14822885738341904,0.0,300,0.03199267387390137,0.001345434615231279,0.0012337504196349618,685951,13.45291688778718,0.0
2309,2.9506587982177734,13.263879501179375,0.09370616946073553,13.42216276016232,13.18351628295518,0.0,0.15521742350180445,0.1,0.0036385059356689453,0.059973955154418945,0.0500185,0.91402423,13.2221575154732,0.0,0.14791156919251802,0.0,300,0.0286257266998291,0.0010777056288440398,0.0009366035872917446,686251,13.532843708296236,0.0
2310,2.9833033084869385,13.370792932029424,0.14212351310239701,13.55741727316467,13.157372153934482,0.0,0.15963452752900134,0.1,0.003320932388305664,0.06359601020812988,0.049324203,1.4610063,13.237021057128821,0.0,0.14926220336708745,0.0,300,0.0299532413482666,0.0007903120329912971,0.0005597106488247997,686551,12.531651688579894,0.0
2311,2.9486517906188965,12.993179131821645,0.2657407357511707,13.38897582910583,12.653751669692664,0.0,0.1490712221942205,0.1,0.0034837722778320312,0.06200838088989258,0.050371908,0.8586619,13.212636864598105,0.0,0.14432274246542184,0.0,300,0.03032708168029785,0.0015688130710503963,0.0012458627605331507,686851,13.464913383086786,0.0
2312,3.012178659439087,13.349817009067213,0.1965706404965441,13.590066493406264,13.112640994172494,0.0,0.14274217912994466,0.1,0.0032224655151367188,0.06193208694458008,0.050412934,2.241771,13.226354879045017,0.0,0.14899896553913236,0.0,300,0.030356645584106445,0.0014194515623340274,0.0010510507110432345,687151,13.577087260376876,0.0
2313,2.959007740020752,13.25178523489397,0.15444156703213105,13.41937333136288,13.079588603977351,0.0,0.1497621258112423,0.1,0.003305673599243164,0.06045413017272949,0.049919803,1.6008353,13.228897914629913,0.0,0.1477223073157238,0.0,300,0.030957937240600586,0.0011242980781513018,0.0005785790481174673,687451,13.39698968704129,0.0
2314,2.959852695465088,13.408270827043047,0.11050297158014312,13.539997690180074,13.280806911259452,0.0,0.1718477209516513,0.1,0.00617671012878418,0.07140684127807617,0.050168525,0.5633701,13.246835205871227,0.0,0.14977915855142052,0.0,300,0.031957149505615234,0.001007151430557225,0.00044259271100953576,687751,13.300197813130259,0.0
2315,2.9810099601745605,12.823158515210519,0.8891204439640642,13.599879457154595,11.36107323777398,0.0,0.15406059599188257,0.1,0.003218412399291992,0.05966496467590332,0.048860915,0.44929636,13.204467536805156,0.0,0.1420752494737857,0.0,300,0.030099868774414062,0.0022749240008412205,0.0016206375975626602,688051,13.27348721474965,0.0
2316,2.968904495239258,13.324406509610256,0.10535829991423548,13.450487270243578,13.216191602708658,0.0,0.16254506803490773,0.1,0.0032584667205810547,0.061852216720581055,0.05012251,0.9375946,13.216461434085666,0.0,0.1486550894247515,0.0,300,0.030121564865112305,0.000869056528722354,0.0007530383638504364,688351,13.56242420287028,0.0
2317,2.972674608230591,13.168339838149986,0.32328248577221025,13.628640965538642,12.714336091001716,0.0,0.16514052018193492,0.1,0.0031769275665283203,0.10310053825378418,0.0502016,0.96874726,13.211649274492098,0.0,0.14661212304098478,0.0,300,0.0299985408782959,0.0008711852710647932,0.0008335009419646429,688651,13.54789671893831,0.0
2318,3.010404586791992,13.175101572116215,0.23964001310157443,13.406321662327926,12.786012413725967,0.0,0.14702194730983678,0.1,0.0031881332397460938,0.05920243263244629,0.050425667,2.353024,13.20799450425451,0.0,0.14671498333058205,0.0,300,0.029621362686157227,0.001048527546201094,0.0008252682252405938,688951,13.274267822132964,0.0
2319,2.967522382736206,13.354443966250466,0.06392038139313126,13.458184592517226,13.299122995587096,0.0,0.15453178377776303,0.1,0.0031566619873046875,0.07890844345092773,0.050419904,0.9250965,13.222639450454105,0.0,0.14907921164107105,0.0,300,0.03042292594909668,0.0010128943320545408,0.0007450010968301432,689251,13.074792527126819,0.0
2320,2.914005756378174,13.031796772273802,0.47105608297660706,13.487025185582768,12.323698412935306,0.0,0.15120168468653128,0.1,0.003124237060546875,0.08082938194274902,0.04981579,1.3627131,13.203555182636075,0.0,0.1448197289235668,0.0,300,0.0432429313659668,0.0029710122347423665,0.0017630520375282977,689551,13.144581191052117,0.0
2321,2.9363436698913574,13.325923243150704,0.34448936159394916,13.573369176838613,12.731583320610115,0.0,0.14367820216288776,0.1,0.002949237823486328,0.05760025978088379,0.05009275,0.6268574,13.215791988687538,0.0,0.14870881449369314,0.0,300,0.0614771842956543,0.003362576684833755,0.0014869873156805476,689851,13.506596446890883,0.0
2322,2.950040102005005,12.69406683960406,1.1674029920374265,13.52034227860456,10.685737109732612,0.0,0.15025668135617648,0.1,0.0030455589294433594,0.05743598937988281,0.04991732,0.51360524,13.16361947377919,0.0,0.140243344747269,0.0,300,0.03661799430847168,0.0037854479298674625,0.0024577492204264154,690151,13.426979664869142,0.0
2323,3.013568878173828,12.991846744077778,0.6063483340976538,13.486104098698704,11.9600471709982,0.0,0.15001923960997812,0.1,0.003084897994995117,0.06429910659790039,0.05005513,1.3986119,13.14644220080905,0.0,0.14425212263142895,0.0,300,0.03324007987976074,0.0013590628960811293,0.0013381426622090114,690451,13.448761515054718,0.0
2324,2.9835987091064453,13.208001521551047,0.1878035048567755,13.45481961446327,12.935537650618485,0.0,0.15615352466230226,0.1,0.0031626224517822266,0.05982398986816406,0.049463544,0.9767118,13.15259813288325,0.0,0.14718842565241236,0.0,300,0.03140735626220703,0.0029114651714377527,0.001933351174078097,690751,13.136583311583614,0.0
2325,2.9892044067382812,13.21751600935243,0.14464792316743627,13.374021199087004,12.986864842422785,0.0,0.15685068034706426,0.1,0.0029578208923339844,0.05745506286621094,0.048696645,0.67742026,13.15908992053017,0.0,0.1472798718022439,0.0,300,0.0294191837310791,0.0007611769715604481,0.0007679240432874195,691051,13.555692794246204,0.0
2326,3.00334095954895,13.137664776996782,0.13737829203757854,13.331801816093353,12.97007723788309,0.0,0.16234987400304574,0.1,0.002862691879272461,0.0570826530456543,0.049810063,0.6276562,13.156947406176831,0.0,0.1461669066762881,0.0,300,0.031194210052490234,0.0008969893869150017,0.0005773131480104095,691351,13.337939187404684,0.0
2327,2.9419307708740234,13.23709295659315,0.2621796073307482,13.57013448810981,12.839544812379502,0.0,0.15416820979286255,0.1,0.004769563674926758,0.058695316314697266,0.050019283,0.7075174,13.164961961218463,0.0,0.1475265357798795,0.0,300,0.03194069862365723,0.0010673782420040532,0.0007845002606970075,691651,13.574491891156525,0.0
2328,3.012209892272949,13.02845315956295,0.27493149305975684,13.454383787855111,12.772700417133732,0.0,0.14785227077059193,0.1,0.003536224365234375,0.07924032211303711,0.049961824,1.374543,13.151311081052912,0.0,0.14476542317160854,0.0,300,0.04118227958679199,0.0012884912881731673,0.0008407547095988049,691951,13.50809790460094,0.0
2329,2.888212203979492,13.304166869490546,0.2025612405950173,13.513801024553523,12.976626180741528,0.0,0.1595159360936856,0.1,0.003252744674682617,0.06104469299316406,0.04928622,4.1398616,13.166596659896676,0.0,0.14840772880364078,0.0,300,0.02974247932434082,0.0009945467754774472,0.0005479025355787301,692251,13.406329208545722,0.0
2330,2.9223833084106445,13.253051303231981,0.11429534814790455,13.426039808118395,13.139526831107625,0.0,0.15532876810552132,0.1,0.0032629966735839844,0.0618593692779541,0.050082866,0.7287475,13.175242124230207,0.0,0.14772271908273,0.0,300,0.02871108055114746,0.0005916908874839613,0.0005792764246751753,692551,13.563706426513875,0.0
2331,2.9158883094787598,13.406469378409117,0.15019979486121707,13.53187519041386,13.156510030586976,0.0,0.15622530027113157,0.1,0.003138303756713867,0.05787062644958496,0.049755815,1.1162194,13.1983648496481,0.0,0.14977616328374246,0.0,300,0.03228950500488281,0.0006032453832220582,0.0005367821524842264,692851,13.617366022204854,0.0
2332,2.9926326274871826,12.19293326056337,1.8008311019660903,13.444666235760721,9.082817560211245,0.0,0.14702225796018206,0.1,0.003159761428833008,0.0590360164642334,0.050072838,0.49806032,13.097821690739625,0.0,0.13376262793174432,0.0,300,0.03018045425415039,0.010613642153088543,0.008299682590086349,693151,13.650486958594405,0.0
2333,2.9499382972717285,13.266803458360723,0.2184728765006343,13.447357267396784,12.899154726827138,0.0,0.1559928362905987,0.1,0.0032262802124023438,0.10412740707397461,0.050274227,0.7046414,13.114719867501735,0.0,0.14795946284586003,0.0,300,0.02988266944885254,0.002967809566924859,0.00172411244637748,693451,13.596489521642242,0.0
2334,2.9183545112609863,13.29503226681385,0.2618500409022653,13.589931441023738,12.908199787880584,0.0,0.14948915463581883,0.1,0.004705905914306641,0.057825565338134766,0.049975708,3.2585747,13.132751107432947,0.0,0.14830646651963916,0.0,300,0.03203892707824707,0.002221593913691482,0.0009930966757595021,693751,13.50867599042705,0.0
2335,2.985720157623291,13.050710679947816,0.33504948105652005,13.27687597485126,12.47411201692722,0.0,0.14737516672810122,0.1,0.003267526626586914,0.059967041015625,0.049780708,1.1412271,13.124547064684434,0.0,0.1450550050752571,0.0,300,0.030301570892333984,0.001666097861553348,0.001325198770120562,694051,13.590422129031603,0.0
2336,3.0550315380096436,13.211617071362767,0.02306409878270671,13.249300167291286,13.18657416420526,0.0,0.15547809085639677,0.1,0.0032324790954589844,0.05982160568237305,0.049607206,1.0475644,13.133254065352267,0.0,0.14716897489902275,0.0,300,0.030402421951293945,0.0009378278436547199,0.001024534261738503,694351,13.411149953558494,0.0
2337,2.9248735904693604,13.290904321122468,0.1545640082114996,13.442803457076074,13.040973447132345,0.0,0.15467657655021877,0.1,0.003184795379638672,0.06022524833679199,0.049960185,3.4409866,13.149019090929288,0.0,0.14823153114643467,0.0,300,0.030019521713256836,0.0022458226688588847,0.0015401666247286377,694651,13.59157012129842,0.0
2338,2.960604190826416,13.248767934412458,0.1693629412805238,13.43256434583366,12.972286335534028,0.0,0.15733856372764962,0.1,0.003208637237548828,0.05890798568725586,0.050182927,0.7152681,13.158993975277607,0.0,0.14775621524539173,0.0,300,0.03294110298156738,0.0011943483683104438,0.0009025101519434771,694951,13.551484178913965,0.0
2339,2.8810744285583496,13.187006990883791,0.17331091358036382,13.450279581736208,12.968816788825144,0.0,0.15722330743978474,0.1,0.0033457279205322266,0.06009721755981445,0.04978128,0.71747386,13.161795276838227,0.0,0.14687967650107708,0.0,300,0.06888794898986816,0.0009422125922798445,0.0008255625370668393,695251,13.563572119486517,0.0
2340,3.0110902786254883,11.745421212031635,2.9080261508178213,13.542615394404793,6.710871258371521,0.0,0.15167133396232185,0.1,0.002994060516357422,0.05868816375732422,0.048993707,0.383706,13.020157870357568,0.0,0.1279197956157823,0.0,300,0.030038833618164062,0.03577186225814501,0.024913396226280173,695551,13.561640046295373,0.0
2341,2.8971245288848877,13.202783378718609,0.24755350592705605,13.494554765965418,12.80962418819118,0.0,0.15079007329761307,0.1,0.0031855106353759766,0.05935311317443848,0.049747482,1.6980125,13.038420421193672,0.0,0.14713520753912313,0.0,300,0.030008316040039062,0.009863339746108027,0.00440033193633619,695851,13.642401005242371,0.0
2342,2.9605321884155273,13.092306221273526,0.24754608587667162,13.428028555001674,12.755528612323031,0.0,0.1450307381401344,0.1,0.003079652786254883,0.058594465255737305,0.050125185,1.7660753,13.043809001201659,0.0,0.1456728189646306,0.0,300,0.030053138732910156,0.004142358459370698,0.0013250591566148714,696151,13.533288840109632,0.0
2343,2.9403812885284424,13.331082479666149,0.11365347315772652,13.49615255801267,13.191732539383867,0.0,0.15491425766241618,0.1,0.0030546188354492188,0.05842471122741699,0.049847137,1.0255315,13.072536349048109,0.0,0.14877157720130849,0.0,300,0.029767513275146484,0.002852786892027106,0.0017879709290747512,696451,13.672283874409139,0.0
2344,3.0341217517852783,12.389827301077412,1.5261828653322684,13.347210205410416,9.747706632898307,0.0,0.15895046664594312,0.1,0.003034830093383789,0.05873465538024902,0.049587727,0.5393537,13.00426544425104,0.0,0.13626901471401212,0.0,300,0.0299530029296875,0.0058275070968548245,0.004524084579108313,696751,13.64751358545447,0.0
2345,3.1245689392089844,13.273585165602718,0.08517446645379272,13.360385422927243,13.147006271209097,0.0,0.1518496828781838,0.1,0.0030374526977539062,0.06201791763305664,0.050732058,4.5987387,13.031197416386208,0.0,0.1480067473526187,0.0,300,0.06045174598693848,0.0017306377420520916,0.0020102963680891477,697051,13.507550227105007,0.0
2346,2.879801034927368,12.8270509206764,0.4640219951116737,13.25231380638991,12.076785343137507,0.0,0.15079608187486185,0.1,0.0035178661346435547,0.06284952163696289,0.049906135,1.4970196,13.010782766815227,0.0,0.14213445276095124,0.0,300,0.030256032943725586,0.003003903486908357,0.002245510286979431,697351,13.580906735572093,0.0
2347,2.875429153442383,13.335485517945607,0.06576862909960267,13.409164980924793,13.239816515835281,0.0,0.16679008810828763,0.1,0.0034966468811035156,0.059876441955566406,0.049635097,1.0006648,13.043253041928265,0.0,0.14882572607504213,0.0,300,0.03042745590209961,0.0021857419755359478,0.0013128973031112689,697651,13.531232930501224,0.0
2348,2.9167959690093994,12.746732742826772,0.531058235750448,13.300600521748287,12.038478529062196,0.0,0.15252817814801528,0.1,0.0034034252166748047,0.06042027473449707,0.049880337,1.6159395,13.013601012018118,0.0,0.14106667375232984,0.0,300,0.030986785888671875,0.0030193783018321314,0.001878994837004777,697951,13.692090525608842,0.0
2349,3.013306140899658,13.39048608457776,0.08768411872802545,13.50548728875023,13.272246297473433,0.0,0.1665488429646697,0.1,0.003167390823364258,0.05957841873168945,0.050085325,0.71772367,13.051289519274082,0.0,0.1495814583663004,0.0,300,0.030254840850830078,0.0016378299044300488,0.0008194191172925362,698251,13.57823096319269,0.0
2350,2.922258138656616,13.044349401726745,0.42043155115797565,13.36498438985894,12.329067790928985,0.0,0.14554714678120784,0.1,0.0034210681915283203,0.08442187309265137,0.04939711,1.2074186,13.050595507519349,0.0,0.14496823232803396,0.0,300,0.030321121215820312,0.0009532075152624483,0.0007300563593461016,698551,13.554981327016046,0.0
2351,3.0095231533050537,13.424233642405555,0.11822131153493189,13.507980842407251,13.220200648282884,0.0,0.14689128528176476,0.1,0.0031969547271728516,0.059747934341430664,0.050004795,1.273059,13.08795932100797,0.0,0.15006020060640296,0.0,300,0.029930591583251953,0.0007621963518341786,0.0005329904065681124,698851,13.440424201477867,0.0
2352,2.981661796569824,13.224836109586432,0.31811018033813665,13.481354128556795,12.681482842867174,0.0,0.15273281456801796,0.1,0.003145456314086914,0.05821537971496582,0.04914415,2.4448214,13.101646999865817,0.0,0.14734181731387527,0.0,300,0.029779911041259766,0.0006950675642994047,0.0006195850909106938,699151,13.699411908654504,0.0
2353,2.920595407485962,13.264410823678949,0.2190964046183283,13.430463385188798,12.887969436135325,0.0,0.16246250150833555,0.1,0.0032966136932373047,0.09314799308776855,0.049576133,0.8067982,13.117923382247131,0.0,0.14788447911217137,0.0,300,0.03071880340576172,0.0008698659627544016,0.0007691421348940955,699451,13.539389094619482,0.0
2354,2.9531548023223877,13.32543135447402,0.26489772387040106,13.68889194733684,12.940964910455964,0.0,0.1621145514241154,0.1,0.0033178329467773438,0.059194087982177734,0.04981661,0.9284314,13.13867417946982,0.0,0.1487166205141295,0.0,300,0.030063152313232422,0.0015939392430043813,0.0013705127364218867,699751,13.560145679507107,0.0
2355,2.9430525302886963,13.36653843471008,0.06632483779471464,13.43598471873173,13.2904564618496,0.0,0.15046441504486663,0.1,0.0031435489654541016,0.08576393127441406,0.049892895,1.1827427,13.161460604993847,0.0,0.1492285907161255,0.0,300,0.03007221221923828,0.0006686784444279255,0.0005776404857975696,700051,13.579123936714524,0.0
2356,2.9506452083587646,13.194915580023938,0.10211972438997344,13.289108659409674,13.02398601547275,0.0,0.16138304054269512,0.1,0.003216981887817383,0.059320688247680664,0.050087806,0.80880064,13.164806102496856,0.0,0.1470598283894478,0.0,300,0.0306394100189209,0.001030036592637897,0.0008161420167838979,700351,13.480774403085368,0.0
2357,2.8876378536224365,13.197361807316756,0.1071531571837972,13.323677313537567,13.028161851566894,0.0,0.15499381729195652,0.1,0.003039836883544922,0.06010580062866211,0.050116286,0.5617303,13.168061672978846,0.0,0.14699257249151387,0.0,300,0.06863951683044434,0.0012820764516858713,0.000785490071571496,700651,13.454957807084488,0.0
2358,2.9058895111083984,13.332241418180702,0.038242774340840176,13.381745128966259,13.275116923326621,0.0,0.1620461504686104,0.1,0.002995014190673828,0.057437896728515625,0.049984697,0.8094419,13.184479647499032,0.0,0.14880668106171974,0.0,300,0.029657602310180664,0.0017612532208221387,0.0011165400420933304,700951,13.645130014703428,0.0
2359,2.929755687713623,13.13350476613142,0.3030131933518661,13.44849774590486,12.639819644070961,0.0,0.16058339506396302,0.1,0.0031180381774902344,0.05936026573181152,0.050034482,0.78934807,13.179382159362271,0.0,0.1461493141260662,0.0,300,0.029606103897094727,0.0008639363281108948,0.0007943695558366253,701251,13.617653926541502,0.0
2360,2.993842363357544,13.408956804876924,0.07316848880997757,13.492482015255625,13.293695306379004,0.0,0.16204407583589117,0.1,0.003077983856201172,0.06029391288757324,0.04990472,0.6055276,13.202339623913737,0.0,0.1497845856810523,0.0,300,0.030478715896606445,0.0009501991000488023,0.0009247622184097087,701551,13.459212705784347,0.0
2361,2.8932533264160156,13.083783112719324,0.2987643744748941,13.368747367679552,12.65973488508409,0.0,0.15400749621578888,0.1,0.011964559555053711,0.07739734649658203,0.049781498,1.0405989,13.190483972794295,0.0,0.14552092185810517,0.0,300,0.03245806694030762,0.0016260313376227915,0.0010849192599262753,701851,13.426373624850164,0.0
2362,2.870941162109375,13.183587695517277,0.2610495466497161,13.44261051386548,12.7518339158011,0.0,0.1571403685568708,0.1,0.0030355453491210938,0.0588076114654541,0.049833324,0.9394754,13.189794345066593,0.0,0.14689097805375495,0.0,300,0.030666112899780273,0.0011328333055882385,0.0007993172503548483,702151,13.537317667127686,0.0
2363,3.0775201320648193,13.383817079641236,0.07850118768703512,13.465249238065518,13.279331087408444,0.0,0.15694828475635708,0.1,0.002979755401611328,0.06121540069580078,0.05001545,0.92436665,13.209196618524057,0.0,0.14946534013775206,0.0,300,0.029829978942871094,0.0007431987496136832,0.0005605880067864001,702451,13.667683718350142,0.0
2364,2.849592685699463,13.16436735581005,0.3130823518761792,13.580682974266773,12.69866950910901,0.0,0.16349781837154093,0.1,0.003419160842895508,0.061925649642944336,0.04997248,0.5781367,13.204713692252657,0.0,0.14660627314427782,0.0,300,0.038747549057006836,0.0013742615592003654,0.00113173109397461,702751,13.54398874330528,0.0
2365,2.9935190677642822,13.115000872104211,0.24657898486683213,13.421538587867117,12.735705950580849,0.0,0.1560597506148766,0.1,0.003278017044067383,0.06203484535217285,0.050590694,0.8288219,13.195742410237813,0.0,0.14592686698288948,0.0,300,0.03011941909790039,0.0006878009517539271,0.0006544847223629459,703051,13.593429647677219,0.0
2366,2.847214698791504,12.678022729345336,0.4576370572696542,13.253470925069733,12.040856939172848,0.0,0.15361671152690062,0.1,0.006089210510253906,0.0842132568359375,0.050140154,1.7136385,13.143970442148564,0.0,0.14015717516557274,0.0,300,0.03185009956359863,0.0026377792720474386,0.0022494900064614696,703351,13.480478177598547,0.0
2367,2.856228828430176,12.837923322428477,0.6055567830387952,13.317568696420256,11.831195538719571,0.0,0.15029789861293094,0.1,0.0032868385314941406,0.05890464782714844,0.050265662,1.977332,13.113365730176557,0.0,0.14225288427740176,0.0,300,0.03102898597717285,0.0013146260080984466,0.0010915177027852995,703651,13.641246630988485,0.0
2368,2.884202480316162,13.3861921645485,0.05434024088624458,13.438935989774501,13.299177707794454,0.0,0.14881853521665783,0.1,0.00403904914855957,0.0773932933807373,0.049876433,1.0099664,13.140648373613752,0.0,0.1495480166762613,0.0,300,0.03199648857116699,0.0012730184146428672,0.000813918281769394,703951,13.539784728116153,0.0
2369,2.8990797996520996,13.18272632062798,0.3633801251589628,13.533798181457744,12.605943992153577,0.0,0.16050386923294577,0.1,0.0032453536987304688,0.06345486640930176,0.05013492,0.5522475,13.144856168315176,0.0,0.1468192630679861,0.0,300,0.03044581413269043,0.0019207789034218351,0.0011310043279174004,704251,13.620076999012156,0.0
2370,2.9067001342773438,12.726206850443106,0.601008834476361,13.41599768889024,11.762503807956982,0.0,0.1415845002749203,0.1,0.0031604766845703125,0.059714555740356445,0.04948463,0.6150644,13.10299123652797,0.0,0.14081834612620237,0.0,300,0.030768394470214844,0.0020815617696020423,0.001811809591521067,704551,13.657441080271504,0.0
2371,2.8916351795196533,13.007610698630982,0.2770801895593899,13.44008940591101,12.668471553454117,0.0,0.14484649823053533,0.1,0.008966207504272461,0.06462574005126953,0.050509486,1.702939,13.093453182738271,0.0,0.14446486002533235,0.0,300,0.03078937530517578,0.0012620151920912156,0.0008756316029911058,704851,13.578584577075139,0.0
2372,2.9155001640319824,12.970477107135745,0.5955723358383788,13.454832236023215,11.95896844187157,0.0,0.1544599175016842,0.1,0.0030372142791748047,0.06523919105529785,0.05019844,0.68631953,13.081155575178018,0.0,0.14395706164166994,0.0,300,0.05025434494018555,0.0023482202972718177,0.0014369521447928073,705151,13.578840837883439,0.0
2373,2.862302303314209,13.184329497583205,0.12102664593994919,13.273910998306281,12.975804135734442,0.0,0.1559900760790324,0.1,0.003019571304321289,0.06028866767883301,0.050109368,0.5401537,13.091472967418536,0.0,0.14681293540615087,0.0,300,0.029664993286132812,0.001256618087137556,0.0007625965564667134,705451,13.581521537735822,0.0
2374,2.875875234603882,13.271107764573976,0.26346493571339946,13.536207570684065,12.885487729320815,0.0,0.16030803080472592,0.1,0.0031342506408691406,0.09790301322937012,0.049901582,0.715645,13.10943644713408,0.0,0.14801352940124482,0.0,300,0.030197858810424805,0.0008679448271395511,0.0008248612431009791,705751,13.465142450179124,0.0
2375,2.8635568618774414,13.198472443471553,0.0698892844664979,13.278731880556292,13.093742483000424,0.0,0.14877942573379738,0.1,0.003129243850708008,0.05920100212097168,0.050627198,2.3371763,13.118340046767827,0.0,0.14707374966180403,0.0,300,0.03012228012084961,0.0010279861548676342,0.0006546522730720981,706051,13.492381612438388,0.0
2376,2.8277394771575928,13.156090065497757,0.3203772522702149,13.430171637349712,12.610756187642528,0.0,0.15973554479842267,0.1,0.0031087398529052734,0.05982089042663574,0.049748372,1.4994054,13.12211504864082,0.0,0.14653256395461906,0.0,300,0.029734134674072266,0.0008816745032274985,0.0008523541943103339,706351,13.606366091520542,0.0
2377,2.966665744781494,13.34547771174288,0.08944400421641854,13.498879882378075,13.274267094620122,0.0,0.15969425750512087,0.1,0.0030934810638427734,0.05869913101196289,0.049863193,0.7055438,13.144451314951025,0.0,0.14893159381582666,0.0,300,0.02927231788635254,0.0009526314754481094,0.000697142015258329,706651,13.597424239671406,0.0
2378,2.8882129192352295,13.382261018208538,0.07156772811104115,13.500099166292909,13.3075714094324,0.0,0.15594573368879122,0.1,0.0030188560485839844,0.06011056900024414,0.04998471,0.9414543,13.168232285276778,0.0,0.14944985793582416,0.0,300,0.05396461486816406,0.0008818844301562498,0.0005935812540356041,706951,13.593537262108294,0.0
2379,2.888639450073242,12.68137151446677,1.0093418420534932,13.427307629995797,10.9492301950253,0.0,0.1413091769322664,0.1,0.003690481185913086,0.05726337432861328,0.049581192,0.41061428,13.119546208195777,0.0,0.14022060096606337,0.0,300,0.030043840408325195,0.0030638333168977873,0.0026723281074628466,707251,13.503489091992627,0.0
2380,2.9969546794891357,12.998599977504268,0.5639421802421326,13.415508199710963,12.039265955437491,0.0,0.15250298089362982,0.1,0.009844541549682617,0.05988740921020508,0.05009655,2.9687774,13.107451585126626,0.0,0.1444256993257055,0.0,300,0.029564619064331055,0.0014168698423250392,0.0013886354060541183,707551,13.667348468470799,0.0
2381,2.920243740081787,13.250410472136096,0.07560572043129946,13.374353752914057,13.169293252928998,0.0,0.15294636280095214,0.1,0.0029425621032714844,0.05739569664001465,0.050217636,1.0738391,13.121747473827574,0.0,0.14768343095461114,0.0,300,0.02928471565246582,0.001422492521276131,0.0010586427792981374,707851,13.72990543142661,0.0
2382,2.8558509349823,13.31329512381074,0.1722578751636932,13.598957521995988,13.137893843958821,0.0,0.15830242814208997,0.1,0.003305673599243164,0.05898761749267578,0.050283775,1.6253124,13.140902238825891,0.0,0.14859417870181174,0.0,300,0.030370473861694336,0.0007346032677919077,0.0006179900422390365,708151,13.601986171524828,0.0
2383,2.8806636333465576,13.277102215419312,0.18984703558613958,13.584185034660056,13.108578350435238,0.0,0.15602617854809794,0.1,0.0034148693084716797,0.06006956100463867,0.050174903,0.5363112,13.154522236485233,0.0,0.14806144091912943,0.0,300,0.03412914276123047,0.000609865113630616,0.0005341186256223777,708451,13.318256401819903,0.0
2384,2.918327808380127,13.349782199673085,0.11099596496123215,13.461177206513165,13.226994987082243,0.0,0.1578668485288328,0.1,0.0034110546112060547,0.060395002365112305,0.04985739,2.0668225,13.174048232804019,0.0,0.14904731067956836,0.0,300,0.031728506088256836,0.0008829538572136738,0.0007053724413884099,708751,13.503951356408086,0.0
2385,2.9676616191864014,13.246826254543596,0.1869605081641003,13.486365631821558,12.96284616482016,0.0,0.15674900620159923,0.1,0.003511190414428711,0.0632467269897461,0.049677424,1.1370735,13.181326034977976,0.0,0.14764774328504277,0.0,300,0.03107929229736328,0.000557795571074168,0.0005323659140765502,709051,13.636621816466144,0.0
2386,2.9274213314056396,12.756163479862535,0.8281971335100807,13.510150746830975,11.436480212653583,0.0,0.14077378926073947,0.1,0.003230571746826172,0.06103968620300293,0.05052035,0.56393856,13.138809779466431,0.0,0.14112090643206923,0.0,300,0.030160903930664062,0.0017971149360693252,0.0015820650947684077,709351,13.69450404592029,0.0
2387,2.937321662902832,13.257696054959695,0.1879025683831822,13.445246947553992,12.944501900579034,0.0,0.1630644056010798,0.1,0.003231048583984375,0.08144187927246094,0.050294306,0.6603743,13.150698407015758,0.0,0.14780578037218617,0.0,300,0.03038620948791504,0.0007632155010362853,0.0005238562149692851,709651,13.400200056297374,0.0
2388,2.909952402114868,13.301254650456123,0.17034086747636357,13.537797493325565,13.061511526550943,0.0,0.15034254438007347,0.1,0.003225088119506836,0.05996513366699219,0.050021507,1.2742351,13.165754031359796,0.0,0.14839162933776223,0.0,300,0.06224989891052246,0.0008693367673624853,0.0005944233713666406,709951,13.502360126020479,0.0
2389,2.9126734733581543,13.069707850776474,0.23688450617242904,13.282339877709429,12.69558302560801,0.0,0.16078998231768396,0.1,0.0033369064331054688,0.06035780906677246,0.05031526,0.6798931,13.156149413301463,0.0,0.14546359581097926,0.0,300,0.030872106552124023,0.0023855357606996455,0.0018891613506128759,710251,13.548601346344016,0.0
2390,2.9656102657318115,13.076478989197685,0.45212610281407273,13.485937739206078,12.3743617778409,0.0,0.15149640559627142,0.1,0.0032651424407958984,0.06015610694885254,0.048361327,0.74813604,13.148182370891085,0.0,0.14546961168727185,0.0,300,0.03085470199584961,0.001315386348763834,0.0011692964832287311,710551,13.52613935321631,0.0
2391,2.8952901363372803,12.905885137856034,0.6727853147631263,13.342039061250858,11.744651495880271,0.0,0.14611956791588887,0.1,0.015499114990234375,0.07251310348510742,0.052844506,0.6729997,13.123952647587581,0.0,0.14323257674625844,0.0,300,0.03181934356689453,0.0018603213261181785,0.0017040540684221833,710851,13.53072244569905,0.0
2392,2.8973660469055176,13.37733937710285,0.05896879853047991,13.466661238134343,13.301779134054296,0.0,0.15660906178685677,0.1,0.005615711212158203,0.05877351760864258,0.05015849,1.3836801,13.149291320539108,0.0,0.1493793287092232,0.0,300,0.031697750091552734,0.0016148939000115254,0.0009664480126833641,711151,13.36247148132466,0.0
2393,2.923964262008667,13.311024629039954,0.09237548745588854,13.387100160452993,13.153999238749977,0.0,0.15647676216499218,0.1,0.003064870834350586,0.06147193908691406,0.05012128,0.71542704,13.165464651389193,0.0,0.14858503254926725,0.0,300,0.03021979331970215,0.0009060846509180184,0.0007645201449375782,711451,13.669654257159587,0.0
2394,2.924848794937134,13.325696171273899,0.03235506363892969,13.381465048342271,13.302189161535068,0.0,0.15464858011421675,0.1,0.0030498504638671875,0.05887889862060547,0.050531376,0.7493333,13.181487803377665,0.0,0.14872264939222882,0.0,300,0.02967691421508789,0.0006987957459324134,0.0005810980214736167,711751,13.450349470004278,0.0
2395,2.9778976440429688,13.147458082004592,0.11152656156399862,13.32769243834479,13.029437784516494,0.0,0.15699070212088442,0.1,0.003025054931640625,0.05947089195251465,0.05002303,0.62696785,13.178084831240358,0.0,0.14640539832759378,0.0,300,0.030472993850708008,0.0006523496270304322,0.0005722255699470579,712051,13.565535314725539,0.0
2396,2.9700169563293457,13.222640641709713,0.2493180041620879,13.587742163740863,12.936380616341655,0.0,0.1532747368897956,0.1,0.003117799758911133,0.05967068672180176,0.05017357,1.4944565,13.182540412287294,0.0,0.14739939932680907,0.0,300,0.030081748962402344,0.0007687659467028889,0.0006693617388651283,712351,13.417271376799677,0.0
2397,3.0079150199890137,13.352085242152107,0.07273372962706234,13.474301883390641,13.291131275811729,0.0,0.15739555722871598,0.1,0.0030748844146728516,0.05908060073852539,0.05001521,1.1844643,13.199494895273777,0.0,0.14902460157822928,0.0,300,0.06189441680908203,0.0006673787245452694,0.0005711394419990591,712651,13.466237268695842,0.0
2398,2.999018669128418,13.034124372359935,0.7653529843393476,13.490634742221314,11.708726784366746,0.0,0.15202929075323784,0.1,0.0030968189239501953,0.05842471122741699,0.049462646,0.5362459,13.182957842982391,0.0,0.14483780528236076,0.0,300,0.03433704376220703,0.001962040185349998,0.0016466810667435771,712951,13.511486039790435,0.0
2399,2.9507272243499756,12.815082835580563,0.555199190020317,13.385786207746403,12.1053874447913,0.0,0.1460199168503597,0.1,0.010971307754516602,0.09133243560791016,0.048970256,0.6578052,13.146170342242208,0.0,0.14194676300605272,0.0,300,0.030251741409301758,0.001671300522215843,0.001300967288506411,713251,13.495556775012945,0.0
2400,2.9198050498962402,13.167957977267505,0.1895370472998027,13.285894054466551,12.839814797016087,0.0,0.15537965126164596,0.1,0.003270864486694336,0.0599668025970459,0.049633253,1.411076,13.148349105744739,0.0,0.14664122496524148,0.0,300,0.030390501022338867,0.0010833965995507237,0.0008516547338894959,713551,13.432595484450848,0.0
2401,2.8970656394958496,13.328300806240941,0.118311484454246,13.475674949007376,13.163067930715263,0.0,0.167669826052538,0.1,0.006268024444580078,0.05988454818725586,0.050161753,0.8645142,13.166344275794359,0.0,0.14872827068208821,0.0,300,0.029585838317871094,0.0007705655729279463,0.000584286458676652,713851,13.466819778997738,0.0
2402,2.9125916957855225,12.81630736184811,0.555865674977947,13.19957339452987,11.859299885826728,0.0,0.15657726646186426,0.1,0.0031671524047851562,0.059180498123168945,0.050239455,0.6526085,13.131340584399734,0.0,0.14206151155349311,0.0,300,0.03333401679992676,0.0029653780532899535,0.0018502383367662205,714151,13.537326009907138,0.0
2403,2.900742530822754,13.274052768119558,0.1017090984732949,13.389366948846694,13.136010370531125,0.0,0.14735022550852378,0.1,0.0031876564025878906,0.05987715721130371,0.04973484,3.1378484,13.145611802771716,0.0,0.14804766611348114,0.0,300,0.03137803077697754,0.0020360750055798344,0.0011317202781406155,714451,13.363019516638408,0.0
2404,2.881988525390625,13.349194237598923,0.15380236259821845,13.607287596477892,13.2088306275101,0.0,0.15754123018677593,0.1,0.003153562545776367,0.10287261009216309,0.05021654,1.2596982,13.165970046254436,0.0,0.14904845879570008,0.0,300,0.033826351165771484,0.0012333586515583523,0.0007067364114041629,714751,13.374159251593213,0.0
2405,2.9102511405944824,13.054337087687333,0.36744317080778405,13.475508008601963,12.586233957030638,0.0,0.16191295754999732,0.1,0.003128528594970703,0.09344148635864258,0.049691245,0.6267497,13.154806750397727,0.0,0.14526586322484003,0.0,300,0.03955483436584473,0.0012922806025008554,0.0012629983596094117,715051,13.380442175203031,0.0
2406,2.915184736251831,13.141356756852067,0.3293849716115235,13.35229903372512,12.571427704561222,0.0,0.16059116061414994,0.1,0.0030965805053710938,0.0607447624206543,0.050218914,0.5652061,13.15346175104316,0.0,0.14625933667070504,0.0,300,0.03275346755981445,0.001924262085908396,0.0012151246770812799,715351,13.52120789455546,0.0
2407,2.8822438716888428,13.380499352643959,0.08650868264094815,13.520676613603907,13.285298096214557,0.0,0.1679654908860048,0.1,0.005395174026489258,0.07934761047363281,0.050112545,0.8315121,13.17616551120324,0.0,0.1494396189580312,0.0,300,0.030292749404907227,0.0015315702370616794,0.0008726428437388883,715651,13.547909699375742,0.0
2408,2.9588074684143066,13.4402161044951,0.10651749499705852,13.572714965891729,13.289120978477596,0.0,0.1512166206253421,0.1,0.0031723976135253906,0.05933880805969238,0.050172992,0.9516347,13.202570570532426,0.0,0.15023035423341,0.0,300,0.030167818069458008,0.0008308273242784369,0.00045289271431295784,715951,13.55793280370933,0.0
2409,2.963188648223877,13.266400685090835,0.26652294642083635,13.441184405331969,12.805444945222908,0.0,0.15069645687151123,0.1,0.0032248497009277344,0.059543609619140625,0.050344072,0.5753681,13.208953581988268,0.0,0.1478972490881832,0.0,300,0.0328214168548584,0.0007671119161547232,0.0005847890834498505,716251,13.49600942647426,0.0
2410,2.975003719329834,13.427799376925002,0.10657929911197354,13.57331055629421,13.310360140709522,0.0,0.15975226114680213,0.1,0.003080129623413086,0.06140303611755371,0.049802575,0.9557472,13.230838161481941,0.0,0.15005016247656305,0.0,300,0.03282761573791504,0.0005887483789955631,0.000535928196332809,716551,13.272852502796207,0.0
2411,2.9312784671783447,13.017057978462594,0.17230426464940427,13.257738122475823,12.8151071519412,0.0,0.1542198669260306,0.1,0.00822305679321289,0.06138467788696289,0.04975037,0.56862396,13.209460143180006,0.0,0.14463303143209025,0.0,300,0.030638694763183594,0.0009474965381779659,0.0006935037537188937,716851,13.255004979252869,0.0
2412,2.9306373596191406,13.340703884013987,0.04183343118047315,13.39179741261491,13.276110560903305,0.0,0.15756374835368098,0.1,0.003065347671508789,0.058686017990112305,0.04958156,1.6407274,13.222584517263405,0.0,0.14888913978649237,0.0,300,0.05975842475891113,0.0004951271313788213,0.00046185406651709396,717151,13.4503856576631,0.0
2413,2.9277281761169434,13.106377512394722,0.39023305640421707,13.483814212942553,12.480532985900492,0.0,0.1503849594584946,0.1,0.003130197525024414,0.06067466735839844,0.049900778,0.9767933,13.210963816776538,0.0,0.14583707828159187,0.0,300,0.030020475387573242,0.0007920684432170606,0.0006635106996961118,717451,13.431594307068139,0.0
2414,2.9041748046875,13.304115801986145,0.09609378274968791,13.388615571206643,13.151843487211204,0.0,0.13972638552172056,0.1,0.0040662288665771484,0.06135892868041992,0.049939275,1.585019,13.220279015297498,0.0,0.14844687998588146,0.0,300,0.06557059288024902,0.0007108770261357832,0.0006321278796440115,717751,13.424069957351684,0.0
2415,2.9534573554992676,13.364858232411045,0.18707957247295423,13.521207484873447,13.052537867003096,0.0,0.15272153513878048,0.1,0.0032100677490234375,0.09969210624694824,0.04929589,0.5808123,13.234736937008854,0.0,0.1492934406168455,0.0,300,0.03236889839172363,0.0011328449748445452,0.0009836132108576828,718051,13.414294309140383,0.0
2416,2.9196629524230957,13.094485831801197,0.5843298850096502,13.540983693365119,12.089805047298906,0.0,0.15299680956822695,0.1,0.00339508056640625,0.06046795845031738,0.050174426,0.64838624,13.220711826488088,0.0,0.14565284713982662,0.0,300,0.030614376068115234,0.0011928770756726567,0.0009760936683723457,718351,13.410991516907957,0.0
2417,2.9376044273376465,11.27894067524144,3.4729399040793147,13.447642689945965,5.266670145864309,0.0,0.1462851619856351,0.1,0.003509998321533203,0.05864238739013672,0.050217554,0.39201638,13.026534711363423,0.0,0.12172021782836775,0.0,300,0.02965402603149414,0.046252825703450025,0.027420110228504622,718651,13.130657912006425,0.0
2418,2.9443752765655518,13.29781321541276,0.05937077886932663,13.39197180627889,13.242980439785644,0.0,0.15374686476909447,0.1,0.003097057342529297,0.05864858627319336,0.04951165,1.7569197,13.053662561768357,0.0,0.14834046017030414,0.0,300,0.030035972595214844,0.011605677563358492,0.004906081952165557,718951,13.576932535400957,0.0
2419,2.960052967071533,13.178748108035906,0.2340488376415221,13.441623335575994,12.93662748252771,0.0,0.15465786647161087,0.1,0.0031709671020507812,0.05874514579772949,0.049823552,2.2273345,13.066171116395113,0.0,0.14674197550311394,0.0,300,0.031026601791381836,0.003957629800691688,0.0022714744175684957,719251,13.441606445612786,0.0
2420,2.872579574584961,13.199642136543881,0.2801523543354818,13.45131218973836,12.739099479640224,0.0,0.1543186581264283,0.1,0.0031652450561523438,0.05772209167480469,0.04965794,0.6199644,13.07951821840999,0.0,0.14718373367584153,0.0,300,0.029821395874023438,0.0032885783627132925,0.0017905822070232436,719551,13.580614683462839,0.0
2421,2.923450469970703,13.332595885664906,0.09617767112952845,13.44568629600242,13.181877745948006,0.0,0.14990809192335441,0.1,0.0031156539916992188,0.058522701263427734,0.049743056,1.390175,13.104825985135484,0.0,0.14879151273429075,0.0,300,0.032266855239868164,0.001595938242245993,0.001627771871348151,719851,13.519273399854486,0.0
2422,2.8972012996673584,13.315920668594696,0.08987099842810838,13.400716481357163,13.172987054702709,0.0,0.14528071248801316,0.1,0.0032095909118652344,0.0619654655456543,0.049864702,2.8459547,13.125935453481405,0.0,0.1485989830459065,0.0,300,0.030271530151367188,0.0012919856004127042,0.0009105682750515925,720151,13.494762142191533,0.0
2423,2.9971678256988525,13.112600166188795,0.49922712356445575,13.55432050576853,12.267445762886734,0.0,0.15834378559635678,0.1,0.003160715103149414,0.06216287612915039,0.04987053,0.7331551,13.124601924752145,0.0,0.1460501888589396,0.0,300,0.029798269271850586,0.0036372097302642824,0.0026979280439791077,720451,13.538769076931318,0.0
2424,2.8311514854431152,12.942092425907852,0.6222609826316445,13.315761873140243,11.86445702414693,0.0,0.1622196511963437,0.1,0.0032274723052978516,0.057744503021240234,0.049932614,0.53731346,13.106350974867716,0.0,0.14375620434637437,0.0,300,0.05213618278503418,0.004301302868687753,0.002519944069212084,720751,13.433204361330363,0.0
2425,2.914858341217041,12.977690118118808,0.43242863071701854,13.275483984032661,12.230501532538076,0.0,0.14485763573912577,0.1,0.0030851364135742188,0.05927705764770508,0.04986092,1.2497908,13.093484889192826,0.0,0.1441208856835307,0.0,300,0.030162572860717773,0.003962248608836276,0.002822822333677177,721051,13.350392601073137,0.0
2426,2.9640660285949707,13.206566918223656,0.06013956032457356,13.301938603397609,13.136026066154225,0.0,0.15538538456061113,0.1,0.003168344497680664,0.06273436546325684,0.050164647,1.4462006,13.10479309209591,0.0,0.1471518963373972,0.0,300,0.03233957290649414,0.002196742429336062,0.001529832769610684,721351,13.482742513823466,0.0
2427,3.0072340965270996,12.971196645647998,0.414985484847913,13.373710088234574,12.288020718616242,0.0,0.15771974745155648,0.1,0.004868984222412109,0.06062912940979004,0.04922372,0.9426847,13.09143344745112,0.0,0.14398382998515047,0.0,300,0.030530214309692383,0.0017870755894786872,0.0012765935596176295,721651,13.614844765522099,0.0
2428,2.955601215362549,13.255067503044046,0.10880260623906082,13.407299448301888,13.120188421872397,0.0,0.15455370474324365,0.1,0.0029745101928710938,0.05995440483093262,0.049590044,1.0299935,13.107796853010413,0.0,0.14776094397459993,0.0,300,0.0299832820892334,0.0014222903391377666,0.0009046487027506145,721951,13.322256677048463,0.0
2429,2.9540023803710938,13.270589306194633,0.22093753891619297,13.513364266004446,12.910830537029652,0.0,0.15971319973986386,0.1,0.0030672550201416016,0.09369421005249023,0.049902808,0.9926139,13.124076098328835,0.0,0.14795520209741236,0.0,300,0.030295610427856445,0.0011083385366607095,0.0008418962509454279,722251,13.48205157417968,0.0
2430,2.8279898166656494,13.377755951269057,0.11783201061160359,13.49617849631802,13.201150964590354,0.0,0.16587619780754131,0.1,0.0037751197814941406,0.06106829643249512,0.05003717,0.83918273,13.149444083622857,0.0,0.14939536758317246,0.0,300,0.031560659408569336,0.00048666636801332345,0.000385123361337532,722551,13.343820951657882,0.0
2431,2.799206256866455,13.238454007437532,0.06681935903036874,13.336996892919375,13.16558503897616,0.0,0.15718983091991867,0.1,0.003332853317260742,0.061183929443359375,0.049877502,0.9167629,13.158345076004325,0.0,0.14752135252383047,0.0,300,0.030191659927368164,0.0007546736412569237,0.0006444085735100677,722851,13.588651661181409,0.0
2432,2.9082047939300537,13.273464624329119,0.11471662546188734,13.390991342494386,13.096656758838002,0.0,0.1634081638419141,0.1,0.003237485885620117,0.09611177444458008,0.04989246,0.63193196,13.169857030836805,0.0,0.14801496579001588,0.0,300,0.02989816665649414,0.0007110721370101887,0.0005013454718028769,723151,12.367240925775112,0.0
2433,2.87180757522583,12.859690366822159,0.2505272806739631,13.173715600804071,12.54647396401206,0.0,0.151223991312036,0.1,0.0031213760375976562,0.06124687194824219,0.05013803,0.6699713,13.13884036443534,0.0,0.14252212105527864,0.0,300,0.030589818954467773,0.0016552156300326684,0.0012964526581267057,723451,13.506342073716887,0.0
2434,2.8972206115722656,13.242347204268158,0.28585509745109966,13.479039581019142,12.755416577575415,0.0,0.16738312950999934,0.1,0.005498170852661133,0.08728241920471191,0.05033467,0.8585907,13.149191048418622,0.0,0.14766053652296415,0.0,300,0.029985666275024414,0.0014279058964668078,0.000896098978963938,723751,13.554381417893042,0.0
2435,2.9222612380981445,11.961361725580653,2.2420951936208184,13.423852606211213,8.088549976500987,0.0,0.13683772531502958,0.1,0.0033652782440185547,0.061493873596191406,0.04959712,0.38156804,13.030408116134826,0.0,0.13070221619235917,0.0,300,0.06502699851989746,0.012789688480143743,0.009183270063620734,724051,13.18115940473912,0.0
2436,2.9987571239471436,13.27107662235801,0.20470090916839148,13.569908832560762,13.023733755876622,0.0,0.14396037162809155,0.1,0.0031960010528564453,0.06014275550842285,0.049967237,0.8788523,13.054474966757144,0.0,0.14799782709263837,0.0,300,0.03075242042541504,0.0032078943994366883,0.0014575513004736005,724351,13.548009756719468,0.0
2437,2.929703950881958,13.273481742156726,0.20745348660369642,13.629822084776416,13.129658219220346,0.0,0.14917227812004147,0.1,0.00492095947265625,0.05858182907104492,0.05011719,1.1143847,13.076375644297102,0.0,0.1480147669789924,0.0,300,0.029683351516723633,0.0011299139555055317,0.0010666381666850032,724651,13.524766194735433,0.0
2438,3.005441188812256,11.15241211108333,2.8913900163844684,13.479395327356968,6.26857049662737,0.0,0.1449119470496087,0.1,0.0030536651611328125,0.058730363845825195,0.049115025,0.5787611,12.883979290975725,0.0,0.12021494321316498,0.0,300,0.027939319610595703,0.04723107645938395,0.032098585685433,724951,13.417406868737908,0.0
2439,2.9180595874786377,12.821345095825873,0.33332891540248233,13.253855390464826,12.36042940012618,0.0,0.16041141539855516,0.1,0.0030565261840820312,0.09164094924926758,0.050377924,1.1607183,12.87771587146074,0.0,0.14207699939199733,0.0,300,0.03416895866394043,0.01954802158474464,0.006350248199391578,725251,13.372683054990668,0.0
2440,3.039469003677368,13.350662599186656,0.044658063588466856,13.420086303306803,13.309581775705077,0.0,0.16558757333632562,0.1,0.003000497817993164,0.062119483947753906,0.049828798,1.0644722,12.925010544233333,0.0,0.14902787197479872,0.0,300,0.04808378219604492,0.005111948107930872,0.0016243412306154845,725551,13.547455548048836,0.0
2441,2.9342236518859863,13.356409011550392,0.16628286873002868,13.585640144923708,13.188084178376105,0.0,0.14993515853825773,0.1,0.003022909164428711,0.05799388885498047,0.05078796,3.0721304,12.96815039096504,0.0,0.14909874968181708,0.0,300,0.05068778991699219,0.0026873710304958754,0.0038289291182385943,725851,13.612790248962886,0.0
2442,3.0137760639190674,13.239836618070681,0.07622140140370956,13.319810205973189,13.114190058811765,0.0,0.1424687533901954,0.1,0.011556386947631836,0.0702219009399414,0.04891258,0.5971855,12.995319013675603,0.0,0.14763597873607215,0.0,300,0.030167818069458008,0.0054884426518166055,0.0029127706936830627,726151,13.415987150857765,0.0
2443,2.9619925022125244,13.207792782077021,0.16975699519860982,13.374642944042888,12.945463801949368,0.0,0.1479703665198162,0.1,0.0035805702209472656,0.05891871452331543,0.04988159,0.93449044,13.016566390515745,0.0,0.14711088055965768,0.0,300,0.029797792434692383,0.002067221185199162,0.0016514086429922695,726451,13.353559505228949,0.0
2444,2.9455718994140625,13.060781953630801,0.35150466381492457,13.40938709408468,12.477495675640018,0.0,0.1392046058913455,0.1,0.003659963607788086,0.060932159423828125,0.050464682,1.1739146,13.020987946827251,0.0,0.1451634332065448,0.0,300,0.03651309013366699,0.002683793754543797,0.002272714171873064,726751,13.348574037705673,0.0
2445,2.9352900981903076,13.389941400907087,0.0903094381069775,13.53181434207932,13.282446378988283,0.0,0.15805748036372363,0.1,0.003450632095336914,0.09941482543945312,0.050774746,1.7555671,13.057883292235235,0.0,0.14957970441117466,0.0,300,0.030577421188354492,0.0026374039274834095,0.0013158594582617614,727051,13.505625038750788,0.0
2446,3.017906904220581,13.265981324427669,0.27548932947946225,13.540733855139953,12.807685407820431,0.0,0.14515132382427084,0.1,0.0033087730407714844,0.060864925384521484,0.04987592,1.488119,13.07869309545448,0.0,0.14790606993565364,0.0,300,0.03026723861694336,0.0017169285789731563,0.0013229908162707105,727351,13.510739362090897,0.0
2447,2.9343738555908203,13.23347869374165,0.17176446617818447,13.435404379826657,12.961199018322866,0.0,0.14596583362554472,0.1,0.0034151077270507812,0.059865713119506836,0.049564656,0.83099204,13.094171655283198,0.0,0.14754785020888228,0.0,300,0.03334951400756836,0.0020867469323828844,0.0015630781768970932,727651,13.34938927683259,0.0
2448,2.9319112300872803,13.261474619022119,0.047338743031573434,13.330695149176657,13.207356698816104,0.0,0.1655136456050899,0.1,0.0033385753631591797,0.08899879455566406,0.04994792,0.7022287,13.11090195165709,0.0,0.14785554115732724,0.0,300,0.029808759689331055,0.0010655230941491712,0.0007782328179674136,727951,13.472007139780638,0.0
2449,2.949788808822632,13.040448903512518,0.47817567267961203,13.332056145356,12.21242726687312,0.0,0.14686183084098167,0.1,0.003348827362060547,0.06243610382080078,0.050051246,0.93181986,13.103856646842631,0.0,0.14491210540336166,0.0,300,0.029904603958129883,0.0024040078890450907,0.0019340045883383594,728251,13.658089876309248,0.0
2450,2.984652042388916,13.218225839199755,0.16519730599100899,13.401287668961308,12.964349073548588,0.0,0.15208546045986537,0.1,0.003139495849609375,0.06280899047851562,0.050189506,0.89628714,13.115293566078343,0.0,0.14727196711542756,0.0,300,0.030420780181884766,0.0017181874094005197,0.0011957357738129383,728551,13.51362203338268,0.0
2451,2.9366261959075928,13.23750524136054,0.1749209790537554,13.397672428491507,12.966964997119655,0.0,0.15087634682004447,0.1,0.0031490325927734375,0.06064653396606445,0.050161727,1.3149319,13.127514733606564,0.0,0.1475443187499555,0.0,300,0.030336618423461914,0.000892239180197315,0.000720727082456026,728851,13.32193675809926,0.0
2452,2.903719186782837,13.25288355519389,0.11615535841439995,13.426737339974874,13.111562526500629,0.0,0.15674363479503114,0.1,0.0032858848571777344,0.05985593795776367,0.04991839,0.8087507,13.140051615765296,0.0,0.14774823935032716,0.0,300,0.030624866485595703,0.0010378311981269182,0.000895680780586225,729151,13.436708453400465,0.0
2453,3.0014147758483887,13.215879516056113,0.2703694910086935,13.561541403013571,12.815214112459977,0.0,0.15734872399246105,0.1,0.0031332969665527344,0.059256792068481445,0.049642827,0.71512026,13.147634405794378,0.0,0.14722336017984133,0.0,300,0.030151844024658203,0.0011124729075438406,0.0008918184095695105,729451,13.412559186924417,0.0
2454,2.9909677505493164,13.32263424827687,0.13848594852207546,13.532250748591045,13.178689858988408,0.0,0.16398282433294883,0.1,0.003084897994995117,0.062050819396972656,0.049941376,1.4173061,13.165134390042628,0.0,0.14863836904572195,0.0,300,0.029919862747192383,0.0011115492830519392,0.0009770585073960755,729751,13.550485212201878,0.0
2455,2.9452061653137207,13.245863347794614,0.09638259606309554,13.373559343703855,13.145244192979995,0.0,0.14591068467985063,0.1,0.003367185592651367,0.059168338775634766,0.04974663,1.6282434,13.173207285817826,0.0,0.14763618519734933,0.0,300,0.03024911880493164,0.0008329498920199934,0.0007478939091883592,730051,13.466417766064472,0.0
2456,3.0202438831329346,12.209537171458893,1.5911855927140444,13.353293314520998,9.49217337323642,0.0,0.1260546350496142,0.1,0.0030319690704345703,0.061036109924316406,0.049731027,0.31396404,13.076840274381933,0.0,0.1338407919110727,0.0,300,0.030046701431274414,0.005741989283993182,0.004404586653531571,730351,13.46976841953174,0.0
2457,3.0328311920166016,13.195144243839538,0.17848780002845346,13.394385334873375,12.905929442343162,0.0,0.1538965423178829,0.1,0.00308990478515625,0.09351253509521484,0.050335992,0.8523224,13.088670671327694,0.0,0.14697372145241344,0.0,300,0.029604196548461914,0.001996870763484717,0.0015011758833185962,730651,13.561309575917676,0.0
2458,2.9586312770843506,13.265857995023525,0.13971154925301135,13.462312864957031,13.080066967867742,0.0,0.14872694858504656,0.1,0.003139495849609375,0.05792832374572754,0.04945619,1.7252741,13.106389403697277,0.0,0.14791429324810323,0.0,300,0.030498504638671875,0.0011389636478337211,0.0006772193922728614,730951,13.383310046782496,0.0
2459,3.0538275241851807,13.343960116905443,0.22404667142653759,13.698948753516678,13.084883515513031,0.0,0.1621499126582456,0.1,0.0032045841217041016,0.0909736156463623,0.050100893,0.6429302,13.130146475018094,0.0,0.14892747496338693,0.0,300,0.03000354766845703,0.0008826456713598831,0.0008315370374571315,731251,13.392446746998004,0.0
2460,3.0332813262939453,13.09879286396296,0.35802736910952354,13.447491266304297,12.50670560242177,0.0,0.1459735900225714,0.1,0.003117799758911133,0.05889701843261719,0.04960505,0.5412539,13.12701111391258,0.0,0.1457620155935895,0.0,300,0.02982497215270996,0.0012532446769481036,0.0008563962025382786,731551,13.38214033257244,0.0
2461,3.102527618408203,13.039329878218386,0.408382993029357,13.507523748594185,12.38537633987451,0.0,0.14676256877522115,0.1,0.0029866695404052734,0.06137871742248535,0.049619783,0.95636344,13.11824299034316,0.0,0.14493222013833615,0.0,300,0.029712915420532227,0.0008174490421108766,0.000761100319901491,731851,13.491032346622509,0.0
2462,2.9327609539031982,12.738424583058237,0.910315357351256,13.335196153916211,11.164716299781327,0.0,0.13863057187293482,0.1,0.0036590099334716797,0.10067391395568848,0.049050525,0.96825784,13.08026114961467,0.0,0.1409119208873863,0.0,300,0.031128406524658203,0.0021442112984175797,0.002016592599140066,732151,13.44503955449719,0.0
2463,3.061488151550293,13.05970369529063,0.17106926453615798,13.240763777715495,12.77882457665076,0.0,0.14601907064170677,0.1,0.0033884048461914062,0.06032586097717285,0.04969806,1.0336255,13.078205404182267,0.0,0.145164883852792,0.0,300,0.029885530471801758,0.0006918470901350673,0.0005446197317958974,732451,13.54690278971262,0.0
2464,3.0013444423675537,12.264351524474318,1.6610004317478415,13.263772329207324,9.387778604043236,0.0,0.14454240425971582,0.1,0.0034554004669189453,0.05986428260803223,0.04965586,0.48499477,12.996820016211473,0.0,0.1345422388887178,0.0,300,0.030073165893554688,0.009485215554229246,0.007764835920456186,732751,13.364727781635404,0.0
2465,3.068352699279785,12.744917892936328,1.1952651188413979,13.479155632289643,10.675770249202216,0.0,0.1365537086667797,0.1,0.003266572952270508,0.05968070030212402,0.04948679,0.47223583,12.971629803883959,0.0,0.1410069849294608,0.0,300,0.03310656547546387,0.005200653546753604,0.0033681646610074735,733051,12.864687400244188,0.0
2466,3.11537504196167,12.63971652620837,0.9344413602618146,13.350278532642214,11.039540742437104,0.0,0.15229883613119924,0.1,0.003206968307495117,0.05929279327392578,0.049935803,0.9869211,12.9384384761164,0.0,0.13963091992995325,0.0,300,0.029969215393066406,0.008584331033550621,0.005818507150611332,733351,13.29768809109328,0.0
2467,2.9703528881073,12.809769724403083,0.7843949364279216,13.490576096085872,11.47939910715359,0.0,0.14631235899801442,0.1,0.0032143592834472656,0.05889582633972168,0.049635395,0.9465575,12.925571600945068,0.0,0.1418977894782585,0.0,300,0.02995610237121582,0.004177042239700398,0.0025984747260980085,733651,13.40211555837134,0.0
2468,3.018930435180664,13.313800534036893,0.14421463983185293,13.47438874986425,13.155141546826101,0.0,0.14894149201592483,0.1,0.0030994415283203125,0.05863642692565918,0.049404677,5.407778,12.96439449425425,0.0,0.14852948558496554,0.0,300,0.04258298873901367,0.0012120615412972212,0.0011750386299767504,733951,13.485669918828071,0.0
2469,3.0139200687408447,12.687806927898137,1.00351981777386,13.730117370906202,11.077344757914204,0.0,0.1484278166187158,0.1,0.005879402160644531,0.07641053199768066,0.049848262,1.0288697,12.93673573761864,0.0,0.14026093420921762,0.0,300,0.03030872344970703,0.0032727075757474325,0.002658036197480974,734251,13.261664355406603,0.0
2470,2.9667489528656006,12.884400598590544,0.6347413956562856,13.34221483284246,11.791424507286065,0.0,0.1490421341833281,0.1,0.0031096935272216797,0.059334754943847656,0.04982028,0.60828555,12.931502223715832,0.0,0.1428116968604091,0.0,300,0.029857873916625977,0.011576503956911453,0.007636176183104147,734551,13.401875181424792,0.0
2471,3.064115047454834,13.248573906214094,0.17108088809876085,13.464751303706336,12.98622489845222,0.0,0.14741907541472674,0.1,0.0030868053436279297,0.059572458267211914,0.049973298,2.33691,12.963209391965659,0.0,0.14769788797369912,0.0,300,0.030120849609375,0.005829222063554651,0.002396253569514753,734851,13.490530845969042,0.0
2472,2.999852180480957,13.237569690190048,0.1757609443850374,13.430988516387783,12.954180369162037,0.0,0.15896591768917817,0.1,0.0034699440002441406,0.05895638465881348,0.049765382,1.7779164,12.990645421788098,0.0,0.1475128813656664,0.0,300,0.05783653259277344,0.0017582250408438832,0.0009074640270443726,735151,13.61405784040395,0.0
2473,3.0099475383758545,13.368751963210087,0.1295325195897098,13.528930126796055,13.198129270617066,0.0,0.14735173581253994,0.1,0.0032312870025634766,0.06244397163391113,0.050188486,0.6461551,13.028456075930297,0.0,0.14925032939568428,0.0,300,0.03000640869140625,0.0012973872795384901,0.0012502306093657757,735451,13.533629029813312,0.0
2474,2.990898609161377,13.22776231469781,0.15543460449087687,13.330500178282762,12.958941948952523,0.0,0.1527756447922537,0.1,0.003195524215698242,0.059166908264160156,0.049705926,1.2831709,13.048386699807049,0.0,0.1474002429418494,0.0,300,0.0337224006652832,0.002109294210585453,0.0013756918115181353,735751,13.485851216836155,0.0
2475,3.0260674953460693,13.16637366112903,0.239530441463782,13.350172355272518,12.763777540039102,0.0,0.1457887522201525,0.1,0.0031065940856933594,0.05876898765563965,0.04968872,1.1652131,13.060185395939248,0.0,0.14658489680555725,0.0,300,0.030201196670532227,0.001705952354219527,0.000955973203371717,736051,13.478057644186626,0.0
2476,3.1083476543426514,13.39390190801928,0.0696230965258127,13.445814830771097,13.276096938077915,0.0,0.15283116521641432,0.1,0.0031135082244873047,0.05914735794067383,0.050228607,1.3810512,13.093557047147252,0.0,0.1495730982094714,0.0,300,0.03479886054992676,0.000682028623100375,0.0005611550517928832,736351,13.636554553424729,0.0
2477,3.00212025642395,13.379573731744872,0.08756057397663661,13.465369630570244,13.254226355916598,0.0,0.1565485455631659,0.1,0.0031404495239257812,0.08739161491394043,0.049832746,0.9764865,13.122158715607014,0.0,0.14939403048940628,0.0,300,0.03633284568786621,0.0006419668251803067,0.0005871537900315956,736651,13.067169103702403,0.0
2478,3.0209641456604004,12.828407138315066,0.7970148514434752,13.375378389349532,11.45165850678312,0.0,0.14782150296148158,0.1,0.003143787384033203,0.057016849517822266,0.05075812,0.5575633,13.09278355787782,0.0,0.14210244210545475,0.0,300,0.029801130294799805,0.0019402628825670194,0.0016692063373118012,736951,13.464578265012287,0.0
2479,2.9852523803710938,13.337966644374747,0.1020474872739047,13.513528942227529,13.268542024486496,0.0,0.15827727092763433,0.1,0.008188962936401367,0.08026719093322754,0.04981011,1.2223072,13.117301866527512,0.0,0.14885071414792372,0.0,300,0.0300295352935791,0.0010567958708211124,0.0007917550067485773,737251,13.536628891390903,0.0
2480,2.9136579036712646,13.335398514925446,0.20584769424495034,13.642848245526109,13.07158998482849,0.0,0.15625822786616575,0.1,0.004936933517456055,0.05865025520324707,0.049948033,1.2320311,13.139111531367305,0.0,0.1487625587007014,0.0,300,0.029921293258666992,0.0018505961790881433,0.0008508176891850372,737551,13.454690485284425,0.0
2481,2.9591007232666016,13.338731148885472,0.18833457499407302,13.591833267144377,13.0712827318482,0.0,0.15029552693254664,0.1,0.0032019615173339844,0.060459136962890625,0.050943963,0.5859505,13.159073493119122,0.0,0.14889214891654567,0.0,300,0.03573298454284668,0.0014750078837667394,0.0006213229635848207,737851,13.577858260975256,0.0
2482,2.9219141006469727,13.34843289818617,0.18807600781115053,13.576464693733783,13.092750130271762,0.0,0.1550593292414868,0.1,0.003331422805786133,0.05782127380371094,0.05068401,0.6654387,13.178009433625826,0.0,0.1489841975381031,0.0,300,0.030210256576538086,0.0008528023012146922,0.0007899382125316076,738151,13.556429899290405,0.0
2483,2.9699783325195312,13.379312226313406,0.09993676112340939,13.48882532829639,13.233961500733265,0.0,0.15315503605993427,0.1,0.003120899200439453,0.062229156494140625,0.05007348,1.2607318,13.198139712894584,0.0,0.14940584568583148,0.0,300,0.038277626037597656,0.000820325227873153,0.0006593371927495398,738451,13.547897659932515,0.0
2484,2.9517714977264404,13.393855142658563,0.13447166163497204,13.522916885764246,13.208343639838686,0.0,0.1600949477307236,0.1,0.003172636032104492,0.062296152114868164,0.049861267,0.9641201,13.217711255870983,0.0,0.14960071242708584,0.0,300,0.030429363250732422,0.0007414163133585891,0.0007184880747790678,738751,13.420736454631053,0.0
2485,3.0016815662384033,13.293166558433512,0.08812314284081114,13.423805650692621,13.17561539916288,0.0,0.1424524508393141,0.1,0.003256082534790039,0.06203174591064453,0.04847617,0.7427122,13.225256786127236,0.0,0.14825824153397205,0.0,300,0.030537128448486328,0.0013096765908855797,0.0008071355545523472,739051,13.546060876881393,0.0
2486,2.9663450717926025,13.121906667322742,0.300990671924721,13.475434231331954,12.731650622216431,0.0,0.14834019420617073,0.1,0.003199338912963867,0.06173539161682129,0.049923018,0.8478836,13.214921774246786,0.0,0.14596254524839805,0.0,300,0.0338292121887207,0.0006780265327380965,0.000670311623079173,739351,13.548998605608318,0.0
2487,3.002941131591797,13.398443885865781,0.17130044111687998,13.60202291590297,13.140013563153774,0.0,0.1614732957430923,0.1,0.003300189971923828,0.0610809326171875,0.049697734,1.1106831,13.233273985408687,0.0,0.14964200755435675,0.0,300,0.030292510986328125,0.0007317455551945507,0.0005370004400030465,739651,13.538880941252145,0.0
2488,2.985161542892456,13.334048548628441,0.12476815993079846,13.45450851128305,13.128273921426738,0.0,0.16410540369648713,0.1,0.0031540393829345703,0.059182167053222656,0.04977193,0.751784,13.243351441730663,0.0,0.148730827521062,0.0,300,0.030292987823486328,0.0007202606566897831,0.0007223783532680882,739951,13.591437863986558,0.0
2489,3.0380423069000244,13.220096383220524,0.0917599587020839,13.343454366486034,13.122984682856012,0.0,0.15090929988934587,0.1,0.0030603408813476562,0.06087327003479004,0.050156727,0.7796675,13.24102593587965,0.0,0.14732416090050715,0.0,300,0.030020475387573242,0.0007022557824233794,0.000549740126104132,740251,13.608374790319393,0.0
2490,2.950106620788574,13.35791517629286,0.11684308695071678,13.536893873520455,13.212319642722402,0.0,0.16336961332328398,0.1,0.003153085708618164,0.0592343807220459,0.050103646,0.94674873,13.252714859920971,0.0,0.14906872783118136,0.0,300,0.038849592208862305,0.0007056836754960412,0.0006489627831730472,740551,13.664437697842367,0.0
2491,2.9950132369995117,13.40327755101095,0.08471769872589421,13.488541084014964,13.262268513337228,0.0,0.16057529501345652,0.1,0.003292083740234375,0.060201406478881836,0.050160665,0.9269966,13.267771129029969,0.0,0.14976241075158844,0.0,300,0.033223867416381836,0.0005690964481110658,0.00043339101776435394,740851,13.539584442568517,0.0
2492,3.0466465950012207,13.267660298716807,0.2375196793087997,13.627535380603424,12.960678950777671,0.0,0.161890313511665,0.1,0.005395412445068359,0.05899548530578613,0.04897724,0.7876387,13.267760045998653,0.0,0.14791902137544716,0.0,300,0.030177593231201172,0.0008865350161098128,0.000715154840159121,741151,13.631625573165289,0.0
2493,2.998368263244629,12.492335201663833,1.1121755786573753,13.2498271128842,10.579650117193863,0.0,0.1474480868976337,0.1,0.0031099319458007812,0.06111454963684082,0.050430156,0.3986058,13.190217561565172,0.0,0.13772493051713924,0.0,300,0.03292584419250488,0.004238728558910344,0.0030845205955112526,741451,13.659088608124938,0.0
2494,3.078075408935547,13.31149256573154,0.12405386489327282,13.426253024978493,13.101975315411174,0.0,0.14249433175321574,0.1,0.003118753433227539,0.05840015411376953,0.049891636,2.7789493,13.20234506198181,0.0,0.1485058288826085,0.0,300,0.03052067756652832,0.0023159202461065067,0.001258092250237305,741751,13.570836176206862,0.0
2495,2.9471635818481445,13.387027507346865,0.06623366945633892,13.50059909599953,13.333978584720906,0.0,0.15204868871114713,0.1,0.012609481811523438,0.07793831825256348,0.04981509,1.3909138,13.220813306518314,0.0,0.14949237143741903,0.0,300,0.02985405921936035,0.0009924869363261062,0.0005013879724446663,742051,13.538186169802797,0.0
2496,3.0249946117401123,13.29502717846239,0.1038133940383047,13.465268765643643,13.185253231181164,0.0,0.15442814861489793,0.1,0.004095792770385742,0.06285905838012695,0.049947057,0.7018418,13.228234693712722,0.0,0.14827988716343862,0.0,300,0.029648542404174805,0.0011172501807978556,0.0007842363375409869,742351,13.512254709631952,0.0
2497,2.933338165283203,12.801796471008213,0.8581984795805687,13.534775932577364,11.33841779343033,0.0,0.140220298419975,0.1,0.007410764694213867,0.061670780181884766,0.049795248,0.66937727,13.18559087144227,0.0,0.1418009161667761,0.0,300,0.03392601013183594,0.002130560492459596,0.0016716522814222538,742651,13.492524685824925,0.0
2498,3.0304155349731445,13.040032535995866,0.4679131422822736,13.541952411256714,12.45792589257936,0.0,0.15165993043813034,0.1,0.0032596588134765625,0.05996346473693848,0.049350686,1.7138556,13.171035037897632,0.0,0.1449037182038363,0.0,300,0.02959275245666504,0.0014827209996117713,0.001304187477218886,742951,13.458162601840193,0.0
2499,2.994988441467285,13.158138169929986,0.24053626918656673,13.491495160810853,12.917012061882328,0.0,0.1470331698557263,0.1,0.003312349319458008,0.08925819396972656,0.050023798,2.7888153,13.169745351100866,0.0,0.14646547617058506,0.0,300,0.030176162719726562,0.0015337076475051066,0.0007633362762263318,743251,13.493840697275308,0.0
2500,2.925187110900879,13.371134606029788,0.11055305507266569,13.53111856124452,13.219952097092367,0.0,0.15740651889751794,0.1,0.003179788589477539,0.06235814094543457,0.0500207,0.69792867,13.189884276593759,0.0,0.14930813762214734,0.0,300,0.030604839324951172,0.0007808658045065121,0.0006805633382884231,743551,13.679672779815315,0.0
2501,2.934736967086792,13.231945334182805,0.22469937984053573,13.45277694293455,12.858922756482295,0.0,0.15109548042710938,0.1,0.0032601356506347656,0.05972099304199219,0.05015377,0.85509825,13.194090382352664,0.0,0.14749586971880035,0.0,300,0.030370235443115234,0.0007121798909925917,0.0005735015422496481,743851,13.449011210622226,0.0
2502,2.971893787384033,13.32600638861153,0.058069836046426175,13.42648256049157,13.289148842202138,0.0,0.17529885925351857,0.1,0.0031926631927490234,0.061403512954711914,0.05053799,0.61689746,13.207281982978552,0.0,0.14871521956182715,0.0,300,0.031085968017578125,0.0005810353326595883,0.0005388637195985955,744151,13.449790824554244,0.0
2503,2.954789638519287,13.480646915975397,0.07529227000935722,13.591665783981513,13.379550617914282,0.0,0.1582771291243039,0.1,0.0030667781829833984,0.05916190147399902,0.049765684,1.0822678,13.234618476278236,0.0,0.15073822520419922,0.0,300,0.029697418212890625,0.0007415271589650075,0.00043098581342871126,744451,13.534566228157743,0.0
2504,2.9785895347595215,13.197285958912463,0.36403581729866114,13.511364282440011,12.57765621230264,0.0,0.14807937762951778,0.1,0.003094911575317383,0.05980253219604492,0.04894224,0.6191557,13.230885224541659,0.0,0.14698864441770315,0.0,300,0.029682636260986328,0.0009976807168963753,0.0009319263121023428,744751,13.445691976473213,0.0
2505,2.959642171859741,13.35159710151815,0.149332129047067,13.47263611234882,13.098529363377807,0.0,0.15728030560236245,0.1,0.003011465072631836,0.057015419006347656,0.05013962,0.6126728,13.242956412239309,0.0,0.14903493171968465,0.0,300,0.02939915657043457,0.0006118740922014005,0.0005681839657391043,745051,13.633045757747832,0.0
2506,2.988982915878296,13.379225590695167,0.1404415135684511,13.555799777776459,13.1979643970418,0.0,0.160738509538381,0.1,0.0029680728912353516,0.057329416275024414,0.05050646,0.9091709,13.256583330084895,0.0,0.1494109610208802,0.0,300,0.03644585609436035,0.0008916503059777631,0.00070839828009119,745351,13.6597473162081,0.0
2507,2.9906585216522217,13.483177151236234,0.14051715972237477,13.673726887592384,13.287476170535406,0.0,0.14941404844856998,0.1,0.003110647201538086,0.056717872619628906,0.050519075,19.642712,13.27924271220003,0.0,0.15074952767141653,0.0,300,0.03500175476074219,0.00048805787541344314,0.000430818855185543,745651,13.558123611775025,0.0
2508,2.942816972732544,13.324876023921053,0.14390980167201517,13.560386431129624,13.179530065141417,0.0,0.16246274176106426,0.1,0.0029675960540771484,0.059316158294677734,0.050249003,0.6519949,13.283806043372135,0.0,0.14867166981371138,0.0,300,0.029633045196533203,0.0006504184869712119,0.0004868652124254221,745951,13.488575954754742,0.0
2509,2.941549777984619,13.33225683316509,0.14504466194681798,13.537908633538024,13.134106165590287,0.0,0.15565612506330792,0.1,0.0029213428497314453,0.05687069892883301,0.04978701,1.0958234,13.288651122351432,0.0,0.1488349705045315,0.0,300,0.05766797065734863,0.0007747545079295617,0.0006788257457440045,746251,13.516896014112836,0.0
2510,3.028217077255249,13.285133728377016,0.08020993686911833,13.395245697395767,13.175665946940097,0.0,0.15884732783497393,0.1,0.0031309127807617188,0.057178497314453125,0.050204594,0.9852193,13.28829938295399,0.0,0.14818484010413455,0.0,300,0.0306394100189209,0.0008575132574933194,0.0006562655938605633,746551,13.550439711824728,0.0
2511,3.0083439350128174,13.18553396208857,0.10358404715590895,13.264034690601616,13.007938510650483,0.0,0.15952578361565173,0.1,0.0031058788299560547,0.06209444999694824,0.050150476,0.86593956,13.278022840867449,0.0,0.14679303943943936,0.0,300,0.03455519676208496,0.000749674269240156,0.0007287774249118593,746851,13.51598841508202,0.0
2512,2.9815428256988525,12.724489888329598,0.8598018040035762,13.464195844444465,11.283090205878118,0.0,0.145497970932525,0.1,0.003078937530517578,0.05812239646911621,0.049726304,0.4156408,13.222669545613662,0.0,0.14082671654245507,0.0,300,0.03137040138244629,0.0025190765595535375,0.0018857305719302746,747151,13.533301165662357,0.0
2513,3.013145685195923,13.282496198362084,0.17421112085022447,13.505665210152493,13.016650799281875,0.0,0.14510336376597094,0.1,0.003051280975341797,0.05794191360473633,0.050219048,1.7395955,13.228652210888505,0.0,0.1481198740128684,0.0,300,0.029491186141967773,0.0010693874027806602,0.000754843973970504,747451,13.561998224677799,0.0
2514,2.985938310623169,13.59024636213763,0.1178919889761286,13.737814877526812,13.408217487167299,0.0,0.14973848258833347,0.1,0.003546476364135742,0.06417703628540039,0.049405072,1.8509351,13.264811626013419,0.0,0.15225689798776007,0.0,300,0.040392398834228516,0.000726008135086322,0.00048609003148532856,747751,13.316368463165533,0.0
2515,3.042015790939331,13.225051463710011,0.11258412365426526,13.383053821374732,13.069942889341151,0.0,0.15605681468569446,0.1,0.003398895263671875,0.059836387634277344,0.049648866,0.67407787,13.26083560978308,0.0,0.14737023597230917,0.0,300,0.03020501136779785,0.00136207066006476,0.0010173089739252863,748051,13.451286744624744,0.0
2516,2.967611074447632,13.275176473968042,0.10474098015452173,13.41461910374877,13.119681000392,0.0,0.1554759403045165,0.1,0.00322723388671875,0.058868408203125,0.049933236,0.69922996,13.262269696201576,0.0,0.14802109025303015,0.0,300,0.028758525848388672,0.0006895453228802613,0.0005010556370448328,748351,13.561729014256562,0.0
2517,2.9912116527557373,12.1487435264563,2.0075469851706025,13.407010957883749,8.673867933155915,0.0,0.1433578057822169,0.1,0.003323793411254883,0.08200430870056152,0.052752502,0.2632912,13.15091707922705,0.0,0.13324146033546347,0.0,300,0.04069089889526367,0.008492545194904322,0.006263325251712706,748651,13.633938130086847,0.0
2518,3.0006816387176514,13.055908654190757,0.42829454702647834,13.461575688767875,12.33520865280967,0.0,0.15914580548745771,0.1,0.003058910369873047,0.060051679611206055,0.050027393,1.1444732,13.14141623672342,0.0,0.1451219331559233,0.0,300,0.032285213470458984,0.0016589550225419337,0.0011579288289494927,748951,13.45258802352861,0.0
2519,3.015347719192505,12.703123655593249,0.9776482197368619,13.366046988209147,11.013126606296652,0.0,0.14680886652105246,0.1,0.0030641555786132812,0.058052778244018555,0.050108336,0.92092294,13.097586978610405,0.0,0.14045747908803025,0.0,300,0.03164386749267578,0.0027760390599490033,0.002646561850111499,749251,13.60979679086129,0.0
2520,2.978208065032959,13.163073451650831,0.2013326055236869,13.384171731298508,12.85532252279377,0.0,0.15091500313353917,0.1,0.0029757022857666016,0.06597352027893066,0.049990702,1.2667824,13.104135625914449,0.0,0.14653225463997724,0.0,300,0.0495762825012207,0.0012615384606220756,0.0008536293373689744,749551,13.394252877013173,0.0
2521,2.9405229091644287,13.139396565871657,0.40157057354238673,13.525158921741435,12.467636015262013,0.0,0.1464518670219297,0.1,0.003032684326171875,0.05847811698913574,0.049351253,1.370151,13.10766171991017,0.0,0.1462145812523961,0.0,300,0.029843807220458984,0.001244052388783699,0.000838240772355095,749851,13.567212708824657,0.0
2522,3.066291093826294,13.25407614383301,0.2335648398928122,13.442895525768105,12.85863340629579,0.0,0.14655209048125803,0.1,0.0030417442321777344,0.05810880661010742,0.050011173,1.0504407,13.122303162302456,0.0,0.14777213595459684,0.0,300,0.03265833854675293,0.0005018584653532126,0.00045224625867077643,750151,13.299783880930855,0.0
2523,2.9894559383392334,13.148982749654246,0.2197971825780424,13.363687482007045,12.782214232388034,0.0,0.15116979989657087,0.1,0.0032546520233154297,0.05730700492858887,0.050021432,1.6826075,13.124971121037635,0.0,0.14637444979982422,0.0,300,0.03298544883728027,0.0012392494723232669,0.0009951365118549935,750451,13.262308586524787,0.0
2524,3.019378423690796,12.447562186259637,1.4180295977878792,13.427767499956754,10.002391600392656,0.0,0.13364669723829445,0.1,0.011962652206420898,0.08653545379638672,0.049601946,3.4347587,13.057230227559836,0.0,0.13716824099888036,0.0,300,0.030850648880004883,0.004606447979723464,0.003456296724391636,750751,13.332264765675736,0.0
2525,2.99025821685791,13.39452720720264,0.07793690484439855,13.503409096691815,13.284986308216297,0.0,0.14856658159581868,0.1,0.0030088424682617188,0.05787229537963867,0.049998492,2.1094756,13.090959925524116,0.0,0.14961645336736978,0.0,300,0.03372550010681152,0.0013496322392566873,0.0011170254082076292,751051,13.481558637780156,0.0
2526,2.973395824432373,13.355679291548439,0.11259007390603697,13.485102149830698,13.208011337357386,0.0,0.14723514434906457,0.1,0.003041505813598633,0.058779239654541016,0.04987409,1.259913,13.117431862126548,0.0,0.14914338216238643,0.0,300,0.02969193458557129,0.0014026154900760935,0.0006697306703880379,751351,13.538923299564965,0.0
2527,3.0107545852661133,13.185710594298772,0.06007125757660124,13.249118581861573,13.086801019670729,0.0,0.1610973439056041,0.1,0.0029036998748779297,0.05812382698059082,0.04953497,0.674133,13.12425973534377,0.0,0.14682766426280686,0.0,300,0.03327798843383789,0.0011408011183951313,0.0007355682250234686,751651,13.563271308377958,0.0
2528,3.0793237686157227,13.310181293274004,0.08040157340928829,13.449179378397963,13.255841914634372,0.0,0.15186705802082343,0.1,0.0030045509338378906,0.06074643135070801,0.05014306,0.66702116,13.142851891136795,0.0,0.1485258348492028,0.0,300,0.030536174774169922,0.0007525460015754961,0.0004874330666294775,751951,13.461150896449658,0.0
2529,2.9688117504119873,13.344680485340312,0.03466660846925119,13.370766568725637,13.286165913725293,0.0,0.1533515895169978,0.1,0.0034422874450683594,0.0625162124633789,0.04971904,1.3162583,13.163034750557147,0.0,0.14894563616948417,0.0,300,0.029990196228027344,0.0008239212882959685,0.0004451880005913022,752251,13.470591405478737,0.0
2530,2.960095167160034,12.960659567446946,0.4306574577736224,13.43388782884616,12.278941994981054,0.0,0.15419540416714714,0.1,0.003384828567504883,0.08865165710449219,0.049485434,0.7637153,13.142797232246126,0.0,0.1438812120741142,0.0,300,0.02957010269165039,0.0010123668115669148,0.0008660915431365217,752551,13.665130761782583,0.0
2531,2.876473903656006,12.295072279050967,1.0009637840313124,13.426329311000895,11.189382157798503,0.0,0.14559437840157693,0.1,0.003100156784057617,0.05856728553771973,0.04998454,0.52400106,13.058024736926612,0.0,0.13517265817042431,0.0,300,0.051523685455322266,0.00845758582324159,0.006221460372088687,752851,13.61131863492304,0.0
2532,2.977527618408203,13.38760304845293,0.061062904977481146,13.434495675488947,13.284112681193491,0.0,0.16674077704722548,0.1,0.0031385421752929688,0.06039166450500488,0.049739227,1.1654544,13.090982568079244,0.0,0.14953958727289712,0.0,300,0.03005218505859375,0.01165373657369924,0.004007329549872301,753151,13.47132813038541,0.0
2533,2.924792766571045,13.134921543723298,0.37625059199674254,13.483096523762745,12.502884801777212,0.0,0.14564322489097795,0.1,0.0030176639556884766,0.057834625244140625,0.049847122,1.3929017,13.09537646564365,0.0,0.1461702607863311,0.0,300,0.02961254119873047,0.008065068793679764,0.0016772255270914435,753451,13.471133540789557,0.0
2534,3.1657941341400146,13.170379291211216,0.2926409306507713,13.47559980617157,12.687721254806082,0.0,0.15714761283625037,0.1,0.0031630992889404297,0.05818295478820801,0.049609717,1.6990117,13.102876748200407,0.0,0.146654941905978,0.0,300,0.031164884567260742,0.0015993783456364527,0.0016167343478374224,753751,13.401671879365152,0.0
2535,2.9589974880218506,13.37113936775077,0.10890437032985337,13.557125588649702,13.29231260119245,0.0,0.15807369417926567,0.1,0.0029671192169189453,0.05916595458984375,0.050273463,0.69124323,13.129703010155444,0.0,0.1493251449625958,0.0,300,0.029939889907836914,0.0017835484980323808,0.0019226437445425777,754051,13.500688084923977,0.0
2536,2.8958520889282227,13.052379902457265,0.329846527454129,13.392041736841646,12.68808426198291,0.0,0.15861335389859896,0.1,0.0031099319458007812,0.05996394157409668,0.050543208,1.113941,13.121970699385626,0.0,0.14508947409027553,0.0,300,0.03519582748413086,0.0034419466869259354,0.0021218021745075875,754351,13.479784338782586,0.0
2537,2.935392141342163,13.346883439609453,0.045089595550521215,13.407796410649393,13.30057524771994,0.0,0.16246760327398835,0.1,0.0030770301818847656,0.058367013931274414,0.05032462,0.83748454,13.144461973408008,0.0,0.14896803363751376,0.0,300,0.029729366302490234,0.0019317135172721848,0.0006424178690392955,754651,13.524511908238104,0.0
2538,2.970247745513916,12.803178599128952,0.9257812045768652,13.465023874386938,11.205554472101504,0.0,0.14104012230314703,0.1,0.0029535293579101562,0.05765199661254883,0.050333157,0.39848796,13.110333635980103,0.0,0.14181038682517222,0.0,300,0.029694557189941406,0.0025705581613302973,0.0016482461212799122,754951,13.458272123205697,0.0
2539,2.9410181045532227,13.10672080797256,0.46572337718592843,13.409978241788648,12.300955863287234,0.0,0.1567873658282568,0.1,0.0030908584594726562,0.05752754211425781,0.04972461,0.72395223,13.109972353179348,0.0,0.14578213266364493,0.0,300,0.030793428421020508,0.0010775810993409152,0.001146183645508616,755251,13.48841671634706,0.0
2540,3.0866847038269043,11.320727930687532,3.409395430874559,13.455989090656852,5.418290967143425,0.0,0.15520828558881253,0.1,0.0031087398529052734,0.05947613716125488,0.050012488,0.42927572,12.931047910930166,0.0,0.12237400351560385,0.0,300,0.03213095664978027,0.04332587906097074,0.025773117909718625,755551,13.468585764404489,0.0
2541,2.9925589561462402,12.257426294262016,1.7756199990836359,13.350196745407453,9.18280909222866,0.0,0.1410684324350636,0.1,0.0030059814453125,0.10582852363586426,0.049858958,0.8596356,12.863685749263352,0.0,0.1346283903273937,0.0,300,0.030415773391723633,0.0101138316372463,0.007284661269854088,755851,13.481144341663907,0.0
2542,2.936509847640991,13.28352226720267,0.3080673861456672,13.533204803482185,12.76217835577742,0.0,0.14116686421532704,0.1,0.003013134002685547,0.06262350082397461,0.049118485,2.3771038,12.905669401057285,0.0,0.14823492511979725,0.0,300,0.02977609634399414,0.005721679177714351,0.003523635116499057,756151,13.367232789893341,0.0
2543,3.0630197525024414,13.32821541009774,0.15515230038418903,13.589425372511325,13.18498394704248,0.0,0.14484807775986175,0.1,0.0029785633087158203,0.05764889717102051,0.049499113,1.1334583,12.947924001961331,0.0,0.14870467786559752,0.0,300,0.0605008602142334,0.002664450691717437,0.002021158175150537,756451,13.346233629276277,0.0
2544,3.118236541748047,13.294663818957456,0.15659785505256985,13.551442068668925,13.13173475436893,0.0,0.1485237332738813,0.1,0.0030355453491210938,0.06118512153625488,0.050735507,0.6213606,12.982597983660943,0.0,0.1483768561258133,0.0,300,0.029902219772338867,0.002157062117894659,0.0013659097294298186,756751,13.320497702555123,0.0
2545,2.94455623626709,13.373247349168658,0.07586064258893455,13.487426903254532,13.282474024849014,0.0,0.15329531982662528,0.1,0.0035910606384277344,0.06039929389953613,0.050112244,0.9701535,13.021662920211714,0.0,0.14934230985209207,0.0,300,0.03266787528991699,0.0015953683288063931,0.0012868001560873497,757051,13.575392051363224,0.0
2546,2.9342427253723145,13.013636913713063,0.26118250986726105,13.259346874878261,12.628762575851773,0.0,0.1600092683834028,0.1,0.003320932388305664,0.06132030487060547,0.05037827,0.70790267,13.020860319561848,0.0,0.14461119675510592,0.0,300,0.0299832820892334,0.001208033637574439,0.0011147738307883074,757351,13.54367445899876,0.0
2547,3.0794458389282227,13.308228847460779,0.14593733882516433,13.503852623533938,13.092529555950867,0.0,0.14837459683950924,0.1,0.003209829330444336,0.09979438781738281,0.050180797,2.4264965,13.049597172351742,0.0,0.14850512080815934,0.0,300,0.030778169631958008,0.0017305479078691993,0.0008342627224898934,757651,13.691788727747271,0.0
2548,2.98405385017395,13.323451232918998,0.10023323300920811,13.437495996407106,13.164179739419998,0.0,0.15095649402397648,0.1,0.003415346145629883,0.06068539619445801,0.04983043,0.6827582,13.076982578408467,0.0,0.14861990435782263,0.0,300,0.03022146224975586,0.0007523972725487133,0.0009137634242914165,757951,13.506818465260698,0.0
2549,2.9058430194854736,13.343981297975251,0.11692146476257356,13.509004060785664,13.224563550830915,0.0,0.15411300021491808,0.1,0.0032541751861572266,0.060099124908447266,0.050041858,0.47504064,13.103682450365147,0.0,0.1489818603762954,0.0,300,0.030352115631103516,0.0012162389025807956,0.000770073149074883,758251,13.515764501073441,0.0
2550,2.9759886264801025,13.033240968981913,0.3508044128007658,13.373353359374363,12.477593711249199,0.0,0.15556721107953211,0.1,0.010684490203857422,0.061322689056396484,0.05053095,0.6095406,13.096638302226824,0.0,0.14483602718892355,0.0,300,0.0315556526184082,0.0015551932427564103,0.001098261179905617,758551,13.467822191725022,0.0
2551,2.981851577758789,13.145544463676998,0.21721325537286457,13.419533832504259,12.811234228741846,0.0,0.15550656719896866,0.1,0.003276824951171875,0.06230306625366211,0.05024876,1.7221631,13.10152891837184,0.0,0.1463242421373958,0.0,300,0.030138492584228516,0.0017965625176843618,0.0012344864730658303,758851,13.267617385629029,0.0
2552,2.90097713470459,13.307647503043432,0.19402247046557491,13.564425895606442,13.111508315200025,0.0,0.15561136602686154,0.1,0.003172159194946289,0.10485005378723145,0.049968675,1.895249,13.122140776839,0.0,0.14846029367811941,0.0,300,0.0323946475982666,0.00177674987784456,0.0008949635434063793,759151,13.609923836805146,0.0
2553,2.9581212997436523,13.42054483080512,0.03704248695340442,13.479091255409147,13.380808090539889,0.0,0.15706729717474616,0.1,0.016309022903442383,0.06229138374328613,0.04978364,0.86351895,13.151981182235613,0.0,0.14999164097684167,0.0,300,0.03008723258972168,0.0006216679053530986,0.0006337878167758498,759451,13.63784901783402,0.0
2554,3.046783208847046,12.96926402311572,0.7663966170362393,13.530078181459503,11.648315212560533,0.0,0.14881004146255095,0.1,0.0030562877655029297,0.06095480918884277,0.04979048,0.6073243,13.133709466323623,0.0,0.1440820747157374,0.0,300,0.06653618812561035,0.003794847635411701,0.0028869798088960283,759751,13.49416409340497,0.0
2555,2.979334592819214,12.16690452613611,1.9919251747496753,13.377821776314647,8.71922275265055,0.0,0.14733979194947744,0.1,0.012346744537353516,0.0659487247467041,0.05033635,0.3554182,13.03702897230487,0.0,0.1333809179088064,0.0,300,0.030060291290283203,0.011337233387894089,0.009357020845466423,760051,13.31509763212429,0.0
2556,3.0193874835968018,13.361781996165389,0.061321635603053266,13.46438275918507,13.312070109632634,0.0,0.15711136446986707,0.1,0.003144502639770508,0.05732393264770508,0.049019296,1.6726556,13.069504274690923,0.0,0.14919077369793948,0.0,300,0.02963399887084961,0.0025159703813449363,0.0016577855974190235,760351,13.45791416406332,0.0
2557,2.92141056060791,13.310231082460843,0.08533795547650941,13.450091948031435,13.219977048624672,0.0,0.15548441758058545,0.1,0.003108501434326172,0.06182861328125,0.05002078,1.8448844,13.093576955467915,0.0,0.14851606200197776,0.0,300,0.029711246490478516,0.0021457475736386985,0.0011695735390507146,760651,13.269844164193815,0.0
2558,2.920992136001587,13.213288750700308,0.2668003875412921,13.522408153632213,12.8585001612542,0.0,0.1672716169460688,0.1,0.0036444664001464844,0.061467885971069336,0.050319407,0.5449908,13.105548134991153,0.0,0.14727060372550388,0.0,300,0.02996206283569336,0.00108663377653477,0.0008957759025589741,760951,13.230881091536185,0.0
2559,2.8942973613739014,13.220155484219378,0.11530816762277629,13.316122364741009,13.032004616528763,0.0,0.14993262720048067,0.1,0.019196033477783203,0.0739130973815918,0.050520822,2.55429,13.117008869913976,0.0,0.14723025172174023,0.0,300,0.03019881248474121,0.0012563889282853245,0.001073613248304633,761251,13.47001361844224,0.0
2560,2.9856643676757812,13.410709877695547,0.19091403065546736,13.571538285513888,13.085306190035439,0.0,0.1596665482408157,0.1,0.0033016204833984375,0.060092926025390625,0.05008405,1.3475778,13.146378970692133,0.0,0.14982942787117076,0.0,300,0.030128002166748047,0.001116614865955368,0.0008802323792030652,761551,13.552092760609378,0.0
2561,2.9187097549438477,13.306768623159584,0.09944978309343054,13.4601700003197,13.194340362617863,0.0,0.1619684543518476,0.1,0.003119945526123047,0.0596160888671875,0.050290246,0.9008239,13.16241793593888,0.0,0.14846490884015484,0.0,300,0.03025650978088379,0.0005666660399115306,0.0005094201734343104,761851,13.581644804402323,0.0
2562,2.9466402530670166,12.821801279228195,0.8094524722083206,13.432067394398928,11.43146442563687,0.0,0.1430373593471845,0.1,0.0034301280975341797,0.061681509017944336,0.0493273,0.41099313,13.128356270267812,0.0,0.14199749420963362,0.0,300,0.030260801315307617,0.00223731110466965,0.001542451466635421,762151,13.394594302714516,0.0
2563,2.8723604679107666,13.403036125669416,0.07443561334182318,13.512670860381249,13.305603862968074,0.0,0.16263446245412205,0.1,0.003173351287841797,0.06213951110839844,0.049832504,1.1897043,13.155824255807973,0.0,0.14971018925668567,0.0,300,0.030408143997192383,0.0010196828862054097,0.0009229264356336161,762451,13.516576977182027,0.0
2564,2.9924752712249756,12.4588405684019,1.0896383552591562,13.363920285570943,10.601995510189685,0.0,0.15116139127678552,0.1,0.003142118453979492,0.059639692306518555,0.050445057,0.62289804,13.086125887067366,0.0,0.13724093735610982,0.0,300,0.030081987380981445,0.002968418454122151,0.0024355368832801316,762751,13.429507705167225,0.0
2565,2.9456722736358643,13.145171645650311,0.3063616553549569,13.446386493187955,12.63298131946719,0.0,0.14782507640288103,0.1,0.0032758712768554688,0.05932283401489258,0.049857803,1.1051921,13.09203046292566,0.0,0.1463178841083198,0.0,300,0.032625436782836914,0.001244220951168202,0.0011039366604233742,763051,13.525071211566283,0.0
2566,2.936899185180664,13.048446258477195,0.18811780505560943,13.272965699698617,12.75225913241705,0.0,0.158494098389665,0.1,0.0030930042266845703,0.058217525482177734,0.04943921,0.91357034,13.087672042480813,0.0,0.14504410752285773,0.0,300,0.03094196319580078,0.000611304770371427,0.0005811253187534662,763351,13.274717305621104,0.0
2567,2.934821367263794,13.205520013645103,0.17294687806246767,13.389725043829594,12.924276687053007,0.0,0.15790540596428054,0.1,0.004252195358276367,0.07396888732910156,0.049929835,0.83330125,13.099456839597241,0.0,0.1471118505134491,0.0,300,0.02999401092529297,0.0008224182349092801,0.000748111469524332,763651,13.320571849884884,0.0
2568,3.0100083351135254,12.415204945519385,1.3069281348153654,13.284403853831527,10.159772805821305,0.0,0.13873369242778957,0.1,0.0030968189239501953,0.0588223934173584,0.049669895,0.4357992,13.031031650189457,0.0,0.1365564822388955,0.0,300,0.030037403106689453,0.00298799481693887,0.0026181085834928713,763951,13.42981685729031,0.0
2569,2.969082832336426,13.303138534817702,0.20909733274670242,13.59931291907765,13.038446453900024,0.0,0.15495586282267532,0.1,0.0031871795654296875,0.06181931495666504,0.049800184,1.3542289,13.058242338652281,0.0,0.14840010981860993,0.0,300,0.029944658279418945,0.0013446528265449594,0.0010283823815969866,764251,13.560621007189804,0.0
2570,2.992544174194336,13.363063628005346,0.06909411628016209,13.456155309016172,13.287986154602438,0.0,0.1707744605572957,0.1,0.0030672550201416016,0.05930662155151367,0.049956728,0.86234367,13.08872446758759,0.0,0.1491986504941555,0.0,300,0.03011298179626465,0.0006754478748984199,0.0006217207184592112,764551,13.364692447011114,0.0
2571,2.976379871368408,13.129908290627904,0.46151461366709723,13.462307512532336,12.344245296610785,0.0,0.16394100303320272,0.1,0.003096342086791992,0.06158900260925293,0.050131485,0.60414034,13.092842849891621,0.0,0.1461463371769356,0.0,300,0.04223990440368652,0.0012758001667208115,0.0011599074923966267,764851,13.529215478462083,0.0
2572,2.9536116123199463,13.409907148104978,0.07556408837556852,13.501326672595399,13.29229158514837,0.0,0.1553805277623575,0.1,0.0031371116638183594,0.05760312080383301,0.050130833,0.8060604,13.124549279712959,0.0,0.14987513377610967,0.0,300,0.03021097183227539,0.0007194560035630836,0.0005437592377248869,765151,13.498828227014203,0.0
2573,2.9957199096679688,13.460317041362648,0.13523502844993077,13.636437180433159,13.290214058590687,0.0,0.16830952869709212,0.1,0.003095388412475586,0.057387351989746094,0.050536424,0.98379743,13.15812605587793,0.0,0.15046205800591456,0.0,300,0.041754722595214844,0.0006212188059930528,0.00037164869085518987,765451,13.614986987268281,0.0
2574,2.9393091201782227,13.242629492098263,0.18593009175139658,13.462750424988077,12.96611994149871,0.0,0.14209555351317946,0.1,0.004217624664306641,0.06112194061279297,0.049773462,7.6731358,13.166576399499963,0.0,0.14759697845716985,0.0,300,0.033167123794555664,0.0008484352677366318,0.0008558141255546306,765751,13.432980546587116,0.0
2575,3.0179786682128906,13.449673948460005,0.19467034897688587,13.621385718444817,13.120293756991963,0.0,0.16837909563338124,0.1,0.0034613609313964844,0.05968594551086426,0.049671147,0.67407066,13.194886154395967,0.0,0.1503635374946025,0.0,300,0.030117034912109375,0.0011766549143986881,0.0009238112563438861,766051,13.350190284151404,0.0
2576,2.922410011291504,13.373708890635612,0.0780659613813294,13.496561104907043,13.284746150475627,0.0,0.1564479504539308,0.1,0.003187417984008789,0.06286954879760742,0.049854863,0.76384497,13.212768428019931,0.0,0.14931151210673346,0.0,300,0.03087615966796875,0.0014387055621248727,0.0008517078393246359,766351,13.500914021435285,0.0
2577,2.9213309288024902,13.00477520334277,0.3780270762083584,13.283875114969371,12.353639763343558,0.0,0.1501954440778801,0.1,0.0033075809478759766,0.05980730056762695,0.05010018,0.57498443,13.191969105552216,0.0,0.14448996022442215,0.0,300,0.03326749801635742,0.001393030860118239,0.0010799789216578684,766651,13.534704610009525,0.0
2578,2.986980438232422,13.260826103669045,0.16648990061708044,13.410149488367221,12.980876034673562,0.0,0.15926279257411477,0.1,0.003554821014404297,0.05926370620727539,0.049849514,0.89504445,13.198854805363899,0.0,0.1478590052763802,0.0,300,0.0302426815032959,0.0005993386806071037,0.0006128366094392521,766951,13.669497075952108,0.0
2579,2.9804904460906982,13.304186039160726,0.18049779508447858,13.516045016147284,13.025113872254867,0.0,0.1585280068902373,0.1,0.003234386444091797,0.0609583854675293,0.049730178,1.5890917,13.209387928743581,0.0,0.14837523668234145,0.0,300,0.0323491096496582,0.0008975354564516412,0.0007093218105016095,767251,13.610451033370282,0.0
2580,3.014950752258301,13.372381459550358,0.06372909049270416,13.450870570565348,13.30333706396543,0.0,0.16200038503595296,0.1,0.005918741226196289,0.08482050895690918,0.049722034,0.74288875,13.225687281824259,0.0,0.14936936160392805,0.0,300,0.030232667922973633,0.00040834077782248994,0.00040170361505825953,767551,13.51677600793473,0.0
2581,2.924449920654297,13.319242143451735,0.09031367436366554,13.392410629450916,13.168713047268097,0.0,0.16597207694023575,0.1,0.0030755996704101562,0.0598294734954834,0.050052293,0.55357987,13.235042767987007,0.0,0.14860072261507595,0.0,300,0.029831886291503906,0.0007714958448471963,0.0005731103870496441,767851,13.702060448234308,0.0
2582,2.896991014480591,13.371258559905407,0.11291206308208916,13.56448371680453,13.291243835945494,0.0,0.1627524372169863,0.1,0.0029973983764648438,0.05765128135681152,0.049865667,0.9844917,13.248664347178847,0.0,0.14932500560903478,0.0,300,0.029937267303466797,0.0008265213258692273,0.0006581337172302354,768151,13.393128934509344,0.0
2583,2.9413645267486572,13.302956001139735,0.12260083713228108,13.446189512535552,13.123849964862341,0.0,0.1646023174989484,0.1,0.003125429153442383,0.05736589431762695,0.049581565,0.76766753,13.254093512574936,0.0,0.14840205355073055,0.0,300,0.030972719192504883,0.0008508762635473916,0.0005919243841885644,768451,13.517253417997006,0.0
2584,2.9598052501678467,13.419241406021765,0.09473616460747855,13.555048168958196,13.327263937809644,0.0,0.1564896709554015,0.1,0.002996206283569336,0.0573277473449707,0.05035965,1.5186026,13.27060830191962,0.0,0.14993818140782456,0.0,300,0.029503822326660156,0.0007107156588601313,0.0004204675211899025,768751,13.551731084321013,0.0
2585,2.9514050483703613,13.380706235031624,0.1728091343017833,13.623483419192528,13.138769786457825,0.0,0.15982184097962088,0.1,0.0031766891479492188,0.06074953079223633,0.049514722,0.7659647,13.28161809523082,0.0,0.14942720830317674,0.0,300,0.02962803840637207,0.0007932608670940916,0.0006878768839649327,769051,13.542992551933686,0.0
2586,2.9137821197509766,12.74978182003295,1.0122362757580774,13.422811224960208,10.99912139456697,0.0,0.1489651458382993,0.1,0.003087282180786133,0.05691218376159668,0.057996776,0.34897923,13.228434467711034,0.0,0.1410696406123765,0.0,300,0.029682397842407227,0.0028895774383099876,0.002145465754052085,769351,13.73380134157725,0.0
2587,2.916581869125366,13.416185801532254,0.11809926828787055,13.597929586349817,13.272769905644584,0.0,0.14224668669505502,0.1,0.002980470657348633,0.05702400207519531,0.049414158,3.079725,13.247209601093157,0.0,0.14990572083776887,0.0,300,0.06789875030517578,0.001057203979194944,0.0005817340840205828,769651,13.44044496033429,0.0
2588,2.8514955043792725,13.373444072800982,0.04055743530492286,13.416705238676792,13.309534839471198,0.0,0.15377729593943645,0.1,0.0053822994232177734,0.05919599533081055,0.050812732,0.96448046,13.259833048263939,0.0,0.149304332126743,0.0,300,0.029696226119995117,0.0004971106424122237,0.0005273653661752718,769951,13.56300523810365,0.0
2589,2.9173309803009033,13.25622594046932,0.16803229023742117,13.441440172301888,12.983414388838623,0.0,0.15170851516665576,0.1,0.015750408172607422,0.07431840896606445,0.04989725,0.72696996,13.259472337484477,0.0,0.14785999654941673,0.0,300,0.03007984161376953,0.0009970164928238612,0.0006321618665025451,770251,13.625031757725873,0.0
2590,2.9116365909576416,11.529243493257244,3.199374491691629,13.495038590730285,5.990087677619534,0.0,0.138630794196874,0.1,0.0032892227172851562,0.10062146186828613,0.05015582,0.40332305,13.086449453061753,0.0,0.12511604186441194,0.0,300,0.031062602996826172,0.03815599295691016,0.024781912270480263,770551,13.55657931352851,0.0
2591,2.916471481323242,13.323734223341212,0.10404620556082189,13.417285235488723,13.1627025633867,0.0,0.16264387314694764,0.1,0.003385782241821289,0.06128096580505371,0.049839415,1.0112495,13.1101779300897,0.0,0.14867750885278672,0.0,300,0.055875301361083984,0.013644544738506516,0.005504609674516725,770851,13.553681636242205,0.0
2592,2.9226620197296143,13.463544053650281,0.058542476017736066,13.559587903593092,13.410801701935242,0.0,0.15782871300675522,0.1,0.003069639205932617,0.05869245529174805,0.05032837,1.5128773,13.145514542445758,0.0,0.15055746426221106,0.0,300,0.030057430267333984,0.005681041330002315,0.002075797981547614,771151,13.576105460821084,0.0
2593,2.94592547416687,12.775592509537333,0.5075248125761749,13.268184091562931,11.964293560572415,0.0,0.13990167032951675,0.1,0.003359556198120117,0.06145191192626953,0.050227318,2.5071874,13.108522339154916,0.0,0.1413922726170606,0.0,300,0.03040456771850586,0.003113722756357054,0.0034120295024576437,771451,13.549321050688887,0.0
2594,2.9187850952148438,13.213386340833999,0.19437941356085034,13.342933758236205,12.877324838800934,0.0,0.14391383077605555,0.1,0.003058910369873047,0.059015750885009766,0.04978151,1.005425,13.119008739322824,0.0,0.14722636521773047,0.0,300,0.030054330825805664,0.002451483678623421,0.0021300242546542793,771751,13.634252613083993,0.0
2595,2.9425010681152344,13.024614760780793,0.49827956796770173,13.403704159204423,12.170229438866844,0.0,0.15392914069065108,0.1,0.0031888484954833984,0.061591386795043945,0.04962489,1.2269866,13.109569341468621,0.0,0.14483615718312676,0.0,300,0.02984762191772461,0.004920484449970306,0.003631736436180296,772051,13.507166346493994,0.0
2596,2.984600782394409,11.631982147431938,1.7422262481562782,13.063987197126446,8.717014125120354,0.0,0.1406083645634923,0.1,0.003428220748901367,0.06769490242004395,0.05002593,0.6051053,12.961810622064952,0.0,0.12634579765973977,0.0,300,0.06631088256835938,0.01785116677395437,0.013591784671541499,772351,13.63113442389721,0.0
2597,3.0258255004882812,13.14076274099321,0.326034676343064,13.471195280136115,12.60731660173573,0.0,0.15473683719462347,0.1,0.0029916763305664062,0.057509660720825195,0.049339887,1.3761328,12.979705833957778,0.0,0.14621841249232254,0.0,300,0.03162217140197754,0.0030496105395687524,0.0017707689796847082,772651,13.43539980748798,0.0
2598,2.9453272819519043,13.315588948269053,0.2819687892694389,13.571960860170014,12.838466620580714,0.0,0.14735297155036917,0.1,0.0029621124267578125,0.059148550033569336,0.04949884,1.5607907,13.013294145388906,0.0,0.14853863293248357,0.0,300,0.05766892433166504,0.0018318134914813977,0.0010932876586730103,772951,13.676933462674052,0.0
2599,3.007439374923706,13.241661853857265,0.1464571590114885,13.385303458452206,12.997029241260872,0.0,0.14300337796480161,0.1,0.003150463104248047,0.062131404876708984,0.04906597,0.9182149,13.036130916235741,0.0,0.14756519241683663,0.0,300,0.030024051666259766,0.0008194800462785272,0.0008497532547608023,773251,13.56266801378886,0.0
2600,3.0540671348571777,13.420694286192418,0.03265103774629119,13.465380197573618,13.37512256091557,0.0,0.16434157334222538,0.1,0.0031456947326660156,0.05935955047607422,0.050078608,1.1016628,13.07458725323141,0.0,0.14997799298692374,0.0,300,0.04288625717163086,0.0006820813235039632,0.0006882066316229611,773551,13.479736507067955,0.0
2601,2.9920082092285156,13.335530024270296,0.09290157021988708,13.440650954544669,13.226971562112672,0.0,0.1654186662263723,0.1,0.003121614456176758,0.06148719787597656,0.050206218,0.51812583,13.100681530335299,0.0,0.14879873264373475,0.0,300,0.031139373779296875,0.0011053274866431948,0.0009010990433053107,773851,13.654498236374424,0.0
2602,2.950330972671509,13.292907401573093,0.19264661077631956,13.486766556121967,13.017670482651399,0.0,0.15716427015177722,0.1,0.003520965576171875,0.06189608573913574,0.049903557,1.2576457,13.119904117459079,0.0,0.1482298307646514,0.0,300,0.030335426330566406,0.0014907427476481701,0.0009162706839597246,774151,13.503818212969746,0.0
2603,2.931838035583496,13.356165483444457,0.12215036420665447,13.552440432188192,13.235476989762867,0.0,0.1599948000581928,0.1,0.0034973621368408203,0.062038421630859375,0.049379095,1.8685861,13.143530254057616,0.0,0.14912450300802432,0.0,300,0.02975177764892578,0.0008565754559233265,0.0004564634155501103,774451,13.584833519876694,0.0
2604,2.894709348678589,13.374447688278767,0.13620679740793087,13.568930352505495,13.18890214557076,0.0,0.15600059281694725,0.1,0.003404378890991211,0.059748172760009766,0.050384022,1.4244455,13.166621997479732,0.0,0.14934390121120314,0.0,300,0.03275346755981445,0.0005659749937123303,0.0005259904412354963,774751,13.612465167342718,0.0
2605,2.886303663253784,13.355769877687438,0.1045418780541249,13.529461586433015,13.252009986706831,0.0,0.15272135679438256,0.1,0.0032575130462646484,0.06114959716796875,0.049803067,0.6695404,13.185536785500503,0.0,0.14908708611523575,0.0,300,0.02992701530456543,0.000564968533065334,0.00047782574565494667,775051,13.443733444880314,0.0
2606,2.9234063625335693,12.581921111107452,0.8116854495919537,13.326832864176792,11.373453549844522,0.0,0.15258772337642565,0.1,0.0031974315643310547,0.05953073501586914,0.05002161,0.46017903,13.125175218061198,0.0,0.1387967843231683,0.0,300,0.03295183181762695,0.0035380937277807775,0.0024592365965308703,775351,13.588957415309915,0.0
2607,3.0006542205810547,13.131227434875353,0.4494109893189637,13.408988670427808,12.3532981006929,0.0,0.14999453306284652,0.1,0.013809919357299805,0.08053731918334961,0.05017575,2.5947351,13.125780439742613,0.0,0.14617442055336966,0.0,300,0.030588388442993164,0.0015507480355549566,0.0013254200343543,775651,13.53762931725092,0.0
2608,2.9515397548675537,13.329888157418534,0.04262849521619831,13.374393648932655,13.269502377699153,0.0,0.1615331849546701,0.1,0.0031316280364990234,0.06057238578796387,0.05042045,1.1187339,13.146191211510205,0.0,0.14872844631828155,0.0,300,0.030281543731689453,0.000924792108833613,0.0007897852876004922,775951,13.498020627745154,0.0
2609,2.91164493560791,13.376063682978664,0.12917269585636795,13.592580617339662,13.261914958369317,0.0,0.15035743784752428,0.1,0.003184795379638672,0.05940127372741699,0.04952733,0.9999166,13.16917845865705,0.0,0.14933917813085384,0.0,300,0.03015422821044922,0.0006256321376570715,0.0004843262105470954,776251,13.597955004460053,0.0
2610,2.9284698963165283,13.100169272131756,0.30924407393428677,13.305758310197033,12.566340038400726,0.0,0.1444332193547684,0.1,0.0031337738037109375,0.07125282287597656,0.04925312,1.8049961,13.16227754000452,0.0,0.14572598076496054,0.0,300,0.06464767456054688,0.0017149401058905724,0.001278081915262116,776551,13.526887283392453,0.0
2611,2.9731712341308594,13.193426887184591,0.2554655955614462,13.472175590066426,12.77661311733054,0.0,0.1551062735179381,0.1,0.014923095703125,0.059561967849731445,0.04988309,0.8764126,13.165392474722529,0.0,0.1470192957483539,0.0,300,0.029581785202026367,0.0010325659083205685,0.0008816691490443897,776851,13.544746517609473,0.0
2612,2.9609203338623047,13.325788265140039,0.11186983248575776,13.468208904198816,13.169183036223005,0.0,0.15467382386373857,0.1,0.0032105445861816406,0.05917954444885254,0.04998215,1.1055195,13.18143205376428,0.0,0.14873992483423815,0.0,300,0.029569149017333984,0.0008160785528238811,0.0005528586070630416,777151,13.519869629697611,0.0
2613,3.0016965866088867,13.204086785694697,0.302619728399512,13.422251209007174,12.682654637685387,0.0,0.16487433956766087,0.1,0.0031015872955322266,0.061530351638793945,0.04999025,0.62986773,13.183697526957321,0.0,0.1471205665330789,0.0,300,0.029557228088378906,0.000944556407627421,0.0008981375318193148,777451,13.644132624383838,0.0
2614,2.931197166442871,13.222933648860266,0.2853713827350341,13.481525385955733,12.740781183460465,0.0,0.13989513582829163,0.1,0.0030095577239990234,0.057262420654296875,0.049579218,0.4742429,13.187621139147616,0.0,0.14736917207418757,0.0,300,0.029462099075317383,0.0015335311867735687,0.001119475927481151,777751,13.501631346736138,0.0
2615,3.0269851684570312,13.288754191978079,0.25471444732857296,13.475198283843772,12.856409912307239,0.0,0.16101620643906733,0.1,0.003052949905395508,0.06427383422851562,0.049801104,1.1451225,13.197734444430662,0.0,0.1481445418197979,0.0,300,0.030346155166625977,0.0015651768681104775,0.0009106036287636467,778051,13.603079852763244,0.0
2616,2.9398422241210938,13.331412825208634,0.11765850956719807,13.510600665877472,13.194462538226428,0.0,0.1590310751501121,0.1,0.003397703170776367,0.06000638008117676,0.049796037,1.5510964,13.21110228250846,0.0,0.14874760426594927,0.0,300,0.031795501708984375,0.0011625156661072382,0.000766269602919353,778351,13.588679328639339,0.0
2617,2.916562795639038,13.458743392505717,0.11798515546178624,13.639587173361619,13.324970688800704,0.0,0.1637345155975531,0.1,0.006654500961303711,0.08763003349304199,0.049730252,0.60576135,13.235866393508186,0.0,0.15045044139373437,0.0,300,0.030414819717407227,0.0005435444120696971,0.0006043872433482818,778651,13.446849245552054,0.0
2618,3.0051441192626953,13.207655821167632,0.3519170412937103,13.515370005793168,12.633899929309452,0.0,0.14547132821175116,0.1,0.0032176971435546875,0.07215499877929688,0.050215647,0.7829295,13.233045336274131,0.0,0.14709433474426944,0.0,300,0.0547337532043457,0.0008182131511958233,0.0007982961232818228,778951,13.557400711785581,0.0
2619,2.9740960597991943,13.184048614196204,0.21355150094609232,13.330592402801095,12.815082694417036,0.0,0.1624157543025498,0.1,0.0032918453216552734,0.06018519401550293,0.04969857,1.5510426,13.22814566406634,0.0,0.14678616448614923,0.0,300,0.03000330924987793,0.0007161531955536703,0.0006864217831047531,779251,13.456798346086666,0.0
2620,2.9472062587738037,13.132021031280328,0.31849423505140245,13.435701148233845,12.5967795489354,0.0,0.15101681969907757,0.1,0.0031189918518066406,0.05936574935913086,0.05010487,1.0559036,13.21853320078774,0.0,0.1461254368225053,0.0,300,0.030404329299926758,0.0006801387248225728,0.0006452090732665403,779551,13.427863465550324,0.0
2621,2.9632933139801025,13.069102947631945,0.324884397994489,13.516948120063432,12.730669016981702,0.0,0.14352921102754204,0.1,0.0033054351806640625,0.061550140380859375,0.048655614,0.59070474,13.203590175472161,0.0,0.14526359364437996,0.0,300,0.030585050582885742,0.0007630671510084934,0.0006953746291611803,779851,13.523295540208617,0.0
2622,2.9350008964538574,12.39846018869293,1.6114128721097885,13.381897264794333,9.608264260315227,0.0,0.13838415924719294,0.1,0.0037841796875,0.06115078926086426,0.049754262,0.42431453,13.12307717679424,0.0,0.13640563031238237,0.0,300,0.030748367309570312,0.004567661156400992,0.004104075393329805,780151,13.55268060491745,0.0
2623,2.9377095699310303,13.32733817695318,0.13888655036990308,13.551590741494127,13.173604384253089,0.0,0.15480470362308812,0.1,0.0034208297729492188,0.06004500389099121,0.049902506,0.92621386,13.143503276810135,0.0,0.14871389426831183,0.0,300,0.030173540115356445,0.001608046278045765,0.0009469887562147141,780451,13.534083083265948,0.0
2624,2.9629480838775635,13.152010968919877,0.16657129648007835,13.383079563125813,12.959396389483654,0.0,0.15057211738556725,0.1,0.003162860870361328,0.09622335433959961,0.049792446,1.1956744,13.144354046021109,0.0,0.1463727005541397,0.0,300,0.03125929832458496,0.0009074707554626777,0.0006488353778127989,780751,13.445562864891151,0.0
2625,2.9766995906829834,13.437892110736755,0.17919374217393547,13.647327017725713,13.160826772390305,0.0,0.17042204988421228,0.1,0.0033135414123535156,0.05918145179748535,0.049949564,0.52835864,13.173707852492672,0.0,0.1502133398743959,0.0,300,0.030225753784179688,0.0011441239241553453,0.000721988387331094,781051,13.502428710415591,0.0
2626,3.0023510456085205,13.30959230674123,0.22459663712378483,13.50069633377989,12.935203878468897,0.0,0.14597802492365708,0.1,0.0034868717193603516,0.059752464294433594,0.049304765,1.0829003,13.187296297917529,0.0,0.14854375692955757,0.0,300,0.039411067962646484,0.0010608885327325803,0.0006234004182932816,781351,13.504170598878096,0.0
2627,3.0469977855682373,13.241310226984496,0.1366621297593591,13.459506604075287,13.0985974061835,0.0,0.1635816038148934,0.1,0.011719465255737305,0.06249809265136719,0.04973074,0.898824,13.192697690824225,0.0,0.1475473723020225,0.0,300,0.03179359436035156,0.0008510702854167778,0.000548537296918033,781651,13.446057423856566,0.0
2628,3.0378403663635254,12.81099915917304,0.48859435231741805,13.431393202989439,12.330899520099917,0.0,0.15277365544844734,0.1,0.00313568115234375,0.05897355079650879,0.05077831,1.8317218,13.154527837659106,0.0,0.1418535341200741,0.0,300,0.030214786529541016,0.002166255659626539,0.0015406385218438552,781951,13.547383491707174,0.0
2629,2.926140308380127,13.353994769819685,0.08218140174700674,13.49486718113075,13.28917800257805,0.0,0.15643423966111672,0.1,0.0029790401458740234,0.05844712257385254,0.050376985,1.4803824,13.174474530875166,0.0,0.14909010154482014,0.0,300,0.07386159896850586,0.0008982124631688952,0.0003892324821975951,782251,13.423645919646779,0.0
2630,3.108750343322754,13.45251239606865,0.03097074933064943,13.49161952242551,13.412616000679588,0.0,0.16770036353142384,0.1,0.0031812191009521484,0.11188459396362305,0.05042822,0.9314355,13.202278317394516,0.0,0.15037237907504775,0.0,300,0.029485464096069336,0.0007147079529559288,0.0007163337096635559,782551,13.549273394055087,0.0
2631,2.9147183895111084,12.910945270318383,0.6021312346821902,13.292674383362526,11.86881274289093,0.0,0.15263841797311736,0.1,0.01917576789855957,0.07921934127807617,0.05012823,0.6916235,13.173145012686902,0.0,0.14328382641666468,0.0,300,0.030387163162231445,0.005605272654803842,0.004130971780683142,782851,13.63664099745233,0.0
2632,2.9986753463745117,12.770692040293625,0.759458015404581,13.3135438366602,11.46016207659793,0.0,0.14558320987935883,0.1,0.003263711929321289,0.05892801284790039,0.050654486,0.5070154,13.132899715447575,0.0,0.14136190968206147,0.0,300,0.03145718574523926,0.002783826063618761,0.0021313258463816986,783151,13.536980072359173,0.0
2633,2.925422191619873,12.297040127479658,1.6638002244679804,13.341876933460203,9.419515342882553,0.0,0.14513142275450497,0.1,0.004927396774291992,0.05838465690612793,0.050491035,0.5040499,13.049313756650784,0.0,0.13504540520250877,0.0,300,0.03216385841369629,0.007129555623672509,0.00606057551036002,783451,13.650683394393857,0.0
2634,2.9114511013031006,13.269431170387655,0.15368175960873198,13.501232214138229,13.093713496495052,0.0,0.14760402721255514,0.1,0.014281511306762695,0.06011009216308594,0.049976263,3.016248,13.071325498024473,0.0,0.147941946151267,0.0,300,0.03014206886291504,0.0021753734157287656,0.0008395626863875637,783751,13.516994093219902,0.0
2635,2.9226229190826416,13.458576093577127,0.10886193391664956,13.6123192668395,13.304411811081732,0.0,0.15224682150129346,0.1,0.0031697750091552734,0.05991411209106445,0.050650023,1.4616704,13.11005055757974,0.0,0.15048656821194856,0.0,300,0.030126094818115234,0.0007989078472565711,0.0008147038122144187,784051,13.446913142116756,0.0
2636,2.9024648666381836,13.441504055194539,0.12069642566574887,13.586043819531453,13.315693533608705,0.0,0.14896319921223464,0.1,0.003309011459350586,0.060375213623046875,0.049749542,0.637901,13.14319590734122,0.0,0.15024610737473382,0.0,300,0.02993321418762207,0.0010576466655487539,0.0006961763777357771,784351,13.507833048662514,0.0
2637,2.9345016479492188,13.372226014456547,0.054662752566668006,13.449143994128123,13.295178340940822,0.0,0.1517823094007814,0.1,0.0032129287719726562,0.06101346015930176,0.051519692,0.63946444,13.166098918052752,0.0,0.14934587358927578,0.0,300,0.030684947967529297,0.0007725345773287364,0.0006137731227808715,784651,13.498171572525687,0.0
2638,3.0595152378082275,13.314743289227218,0.13285199785300006,13.531733173829682,13.182284283525656,0.0,0.15816773280783433,0.1,0.0031905174255371094,0.10768628120422363,0.04992584,0.9133465,13.1809633551702,0.0,0.14855978415569845,0.0,300,0.033580780029296875,0.0016873781965910265,0.0011145624491733428,784951,13.54286127606651,0.0
2639,3.0762953758239746,13.318171127276312,0.16222700095892917,13.510594710296893,13.064631810508443,0.0,0.15912677619534582,0.1,0.0031168460845947266,0.12850093841552734,0.049888887,0.8086598,13.19468413238081,0.0,0.14857398910756178,0.0,300,0.030149459838867188,0.001267784093587936,0.0009710947619760242,785251,13.41022439691813,0.0
2640,2.9425487518310547,12.909699068300398,0.33215512705133643,13.457384584084103,12.626754346448601,0.0,0.14878657137834286,0.1,0.025116443634033203,0.0681765079498291,0.050731104,0.78667575,13.16618562597277,0.0,0.14323873790099434,0.0,300,0.030295372009277344,0.001114072060157554,0.0009452330216624388,785551,13.478771193756224,0.0
2641,3.0605714321136475,12.656742511466788,1.0824148118562433,13.421371271455593,10.790528013568165,0.0,0.14214550108247004,0.1,0.0032765865325927734,0.05892324447631836,0.0488273,0.37932318,13.115241314522171,0.0,0.1397989235765801,0.0,300,0.07561016082763672,0.002403373055978462,0.0022120581490619475,785851,13.554687758879654,0.0
2642,2.929192304611206,12.79194076390621,0.5994733095475987,13.59596549178984,11.936014253545345,0.0,0.14653289048775225,0.1,0.0031816959381103516,0.058385372161865234,0.049829714,1.1130038,13.082911259460575,0.0,0.14169686580300123,0.0,300,0.029807329177856445,0.0022233802915027686,0.0020418473284909587,786151,13.604345534307251,0.0
2643,3.0154993534088135,12.735893581272439,0.923632285758592,13.327545804656797,11.13748142458385,0.0,0.14473388358117595,0.1,0.004438638687133789,0.05796504020690918,0.05004782,0.84987164,13.048209491641762,0.0,0.14096259617896395,0.0,300,0.03738522529602051,0.005257003782991046,0.004836585031923219,786451,13.51619885265987,0.0
2644,3.08723521232605,13.156505846791234,0.26491050378497766,13.53386032833617,12.820943561885338,0.0,0.15526959845410535,0.1,0.003242015838623047,0.060855865478515625,0.04946869,1.1939056,13.059039127156709,0.0,0.14646883213195797,0.0,300,0.029757261276245117,0.002159253947376597,0.0011428338699756339,786751,13.53816779377897,0.0
2645,2.960745334625244,12.138337207027867,1.3107257747399421,13.388410474487918,10.2817860576892,0.0,0.14278245620081673,0.1,0.0037119388580322266,0.06112933158874512,0.049623813,0.3847054,12.966968935143825,0.0,0.13300432389398686,0.0,300,0.03061223030090332,0.005482798157577755,0.003814221094322695,787051,13.512744722201028,0.0
2646,3.0437185764312744,13.046564258125441,0.4056932434326866,13.463521177559537,12.384451584366195,0.0,0.15545767317310122,0.1,0.003442049026489258,0.06066131591796875,0.049738005,1.067864,12.974928467441988,0.0,0.14501301012098347,0.0,300,0.030199050903320312,0.0012151314962548132,0.0008840573423967123,787351,13.410207475164789,0.0
2647,2.9456708431243896,12.996259259374067,0.5808377900730743,13.386156838012923,11.997322759366664,0.0,0.14831915492440192,0.1,0.003455638885498047,0.059691667556762695,0.049704347,1.2001345,12.977061546635197,0.0,0.14444848247530645,0.0,300,0.033359527587890625,0.0025355679140126905,0.0018763755156990089,787651,13.615365253864887,0.0
2648,2.9405713081359863,12.635683050636064,0.7291365715488834,13.19717241840417,11.384650208320654,0.0,0.15443995096636967,0.1,0.0033867359161376953,0.06104779243469238,0.05047801,0.53592104,12.942923697035283,0.0,0.13966871771757566,0.0,300,0.02989935874938965,0.0028246778235766824,0.0022057084199452394,787951,13.550855103047061,0.0
2649,2.9575035572052,13.240680425494121,0.15273912172243348,13.437823643470137,13.014798992730862,0.0,0.15898867392584792,0.1,0.0033779144287109375,0.06060338020324707,0.04945736,1.2334253,12.972699369881166,0.0,0.1475912731486959,0.0,300,0.030354738235473633,0.0007162600534741158,0.0007488357482254174,788251,13.600757155332095,0.0
2650,3.068312644958496,13.313489102637504,0.05638956475497337,13.408298031838454,13.262658908996853,0.0,0.16775784147768125,0.1,0.011991500854492188,0.08474445343017578,0.050159678,0.91534466,13.006778343156801,0.0,0.14848727864549938,0.0,300,0.031461238861083984,0.0007522654035144662,0.0005267166509752548,788551,13.59515340770208,0.0
2651,3.02205228805542,13.140854839217594,0.1401059328780458,13.290976133630537,12.926885509175992,0.0,0.15283540382465086,0.1,0.004221677780151367,0.06197690963745117,0.049873494,0.8752303,13.020185992762881,0.0,0.14627434757910798,0.0,300,0.030125856399536133,0.0008587975466268318,0.0007719173487135976,788851,13.523477558953184,0.0
2652,2.9755523204803467,13.242991036345508,0.15362930476376876,13.379697214120553,12.987238528369467,0.0,0.16856969122597512,0.1,0.005925416946411133,0.1327512264251709,0.04976644,0.8861386,13.042466497121145,0.0,0.14758809148658647,0.0,300,0.02997422218322754,0.0007882748976111736,0.0006509744120134535,789151,13.607393926074815,0.0
2653,2.962951898574829,13.217629079146189,0.11305394314255438,13.352977591995018,13.039659462035772,0.0,0.1531618629246953,0.1,0.0031723976135253906,0.06202530860900879,0.0495934,1.0792449,13.05998275532365,0.0,0.14721050374885436,0.0,300,0.03511786460876465,0.0004396736322961506,0.0003897700276100466,789451,13.581300390000512,0.0
2654,2.9427335262298584,13.35610827376761,0.08033197153523562,13.47460168809502,13.267789253813108,0.0,0.15359326892248099,0.1,0.0031507015228271484,0.05972623825073242,0.049573164,0.83059466,13.089595307168047,0.0,0.1490965868631276,0.0,300,0.05977964401245117,0.0007794586338899616,0.0006481211310365157,789751,13.608053206253205,0.0
2655,2.9673047065734863,13.27523020511298,0.10122361749069088,13.3866870945812,13.173333402383731,0.0,0.1678356866501957,0.1,0.0031745433807373047,0.08703112602233887,0.04987787,0.7018507,13.108158796962542,0.0,0.14805099818039358,0.0,300,0.0615694522857666,0.0008435489792425003,0.0007426890692869534,790051,13.521349752945943,0.0
2656,2.9946701526641846,13.11520930839367,0.4092955917632546,13.600196995209016,12.480741945780636,0.0,0.15104118054012064,0.1,0.0029854774475097656,0.0583500862121582,0.0495064,0.58270985,13.108863848105656,0.0,0.14601402913842398,0.0,300,0.029877424240112305,0.0011603415056566774,0.0010335006609623828,790351,13.52262484107633,0.0
2657,3.0322418212890625,13.21022849581398,0.20147840957598073,13.440265613247016,12.895583844154068,0.0,0.16283239985352752,0.1,0.0030984878540039062,0.06057572364807129,0.050140314,0.77416134,13.119000312876489,0.0,0.1471712113852341,0.0,300,0.029989957809448242,0.0007456608637576068,0.0005179496376987477,790651,13.51632059089072,0.0
2658,3.0021958351135254,13.264599994151041,0.21853661634797314,13.444126593024,12.89441043425787,0.0,0.1611243189298752,0.1,0.010115623474121094,0.05922055244445801,0.050154503,1.4363155,13.133560281003945,0.0,0.1478945252175953,0.0,300,0.03232836723327637,0.0008997603698253471,0.0005252135905537705,790951,13.560208546404596,0.0
2659,2.985607624053955,13.302101487631043,0.15071384715048589,13.469130188083819,13.08683045937643,0.0,0.1544945281038647,0.1,0.003047466278076172,0.05910205841064453,0.05010124,0.7413837,13.150414401666655,0.0,0.14842825073590263,0.0,300,0.02984905242919922,0.00045832512336116757,0.0003976936925348507,791251,13.490934238753086,0.0
2660,2.981642484664917,13.333440722570064,0.22195644180608956,13.558342148518417,12.96496243868692,0.0,0.1510014667634028,0.1,0.013114452362060547,0.1091156005859375,0.04932967,1.632848,13.168717033756996,0.0,0.14880985447707373,0.0,300,0.0312654972076416,0.0006953618199706096,0.0005692713578925056,791551,13.584152529457128,0.0
2661,2.8840885162353516,13.281541487227972,0.0990835682414225,13.394571583861898,13.160417252492193,0.0,0.1735804411919272,0.1,0.003450155258178711,0.06397461891174316,0.05041193,1.1143296,13.179999479104094,0.0,0.14807941020723986,0.0,300,0.056063175201416016,0.0011611939962531336,0.0009372263094025347,791851,13.539483032154457,0.0
2662,2.95408034324646,13.340165766806383,0.160775514394766,13.48524029873776,13.090094700133955,0.0,0.15631840790434084,0.1,0.0033414363861083984,0.08714652061462402,0.0496677,1.1606323,13.196016107874325,0.0,0.14895880162148165,0.0,300,0.05949711799621582,0.0007402768523166158,0.0005291843228604766,792151,13.243165666371448,0.0
2663,2.967189073562622,13.312881931885325,0.08994727416626619,13.404840043737874,13.177094526996594,0.0,0.1641979001134971,0.1,0.0033884048461914062,0.05919981002807617,0.050006136,0.60336286,13.207702690275426,0.0,0.14857653809824817,0.0,300,0.030224323272705078,0.0004718437044570432,0.000482729315849725,792451,13.425013927933891,0.0
2664,2.949861764907837,13.347189969645493,0.059932308401897644,13.425726757946968,13.264252832773213,0.0,0.16042318178940582,0.1,0.00330352783203125,0.06002330780029297,0.049870513,0.7855306,13.221651418212431,0.0,0.1489521327974876,0.0,300,0.028448104858398438,0.000594579737850379,0.0004440313032819175,792751,13.430845152377286,0.0
2665,3.004103183746338,13.185267833768572,0.12845337181773045,13.403229645251356,13.078910205941554,0.0,0.15893553699323676,0.1,0.0031006336212158203,0.05945444107055664,0.049781803,0.94965535,13.218013059768046,0.0,0.146816389156688,0.0,300,0.03331327438354492,0.0006199357930004727,0.0005822508798738616,793051,13.430030884249673,0.0
2666,2.9389500617980957,13.326420648993228,0.05002606432040688,13.381686198399862,13.256052097451922,0.0,0.15756108110190847,0.1,0.0031790733337402344,0.06516480445861816,0.0498338,1.8828562,13.228853818690565,0.0,0.14868647485512088,0.0,300,0.03030681610107422,0.0009946077899872427,0.0004931374466677545,793351,13.381255414072163,0.0
2667,2.9481680393218994,13.260945615105323,0.11360970953216147,13.394376806167298,13.109947946345002,0.0,0.16226992705019175,0.1,0.0031054019927978516,0.11577200889587402,0.049931876,0.6930237,13.23206299833204,0.0,0.1478272702320032,0.0,300,0.047818899154663086,0.0006857356881149688,0.0007313256068057928,793651,13.558093093128397,0.0
2668,2.9691290855407715,13.05229111804658,0.5527574146666863,13.539715432345306,12.129204643632042,0.0,0.14624588263003904,0.1,0.005425214767456055,0.07005929946899414,0.05020977,1.5678257,13.214085810303494,0.0,0.14518336077987698,0.0,300,0.030280113220214844,0.0018244182117093403,0.0012931044648606701,793951,13.567768631426565,0.0
2669,2.93934965133667,13.204994273062121,0.17423122383867076,13.385642245860645,12.917113989666884,0.0,0.1589358385124046,0.1,0.0033042430877685547,0.05966019630432129,0.04992871,0.5335533,13.213176656579357,0.0,0.14712709171148658,0.0,300,0.030400514602661133,0.0017397966941695498,0.0009383849045550624,794251,13.489743830594277,0.0
2670,3.0423331260681152,13.247195340971302,0.1501298054794732,13.409201667431896,13.007716294853765,0.0,0.15516723393253087,0.1,0.0032019615173339844,0.06053042411804199,0.049505983,3.5340178,13.216578525018553,0.0,0.1476578794100829,0.0,300,0.030117034912109375,0.0010163788281397036,0.0005153934585495691,794551,13.3442649310399,0.0
2671,2.9494667053222656,13.328604315395056,0.0515563739902542,13.39605850545697,13.261702805702306,0.0,0.14636294111110063,0.1,0.003039121627807617,0.05836677551269531,0.050453823,2.443732,13.227781104056202,0.0,0.14872404131332861,0.0,300,0.04669594764709473,0.00046937621231274586,0.0004096488607006577,794851,13.310175193428597,0.0
2672,2.924597978591919,13.334661568614662,0.13520113507271314,13.495334759226546,13.147806066453995,0.0,0.16397692674245248,0.1,0.0030307769775390625,0.05921053886413574,0.049828347,0.9142265,13.238469150512048,0.0,0.1488207426033601,0.0,300,0.029405593872070312,0.0005692558558825393,0.0005018633378603946,795151,13.536595087495295,0.0
2673,2.971010684967041,13.362446409688497,0.08954855604974625,13.494668427045028,13.245726485112376,0.0,0.15784504404117453,0.1,0.0031855106353759766,0.05927538871765137,0.049840763,0.766394,13.250866876429694,0.0,0.14923864753453567,0.0,300,0.030747175216674805,0.0006998211182429398,0.0006395480930958972,795451,13.45910490660141,0.0
2674,3.004197597503662,13.183731809455212,0.3390052750616912,13.492547041953813,12.610005000800747,0.0,0.15657198590092572,0.1,0.003052949905395508,0.05889558792114258,0.05024755,0.5746667,13.244153369732246,0.0,0.14683649300336984,0.0,300,0.03280067443847656,0.0005584634562430934,0.000523320664915686,795751,13.445122541425603,0.0
2675,2.9508094787597656,13.31430843309402,0.1697830421419455,13.483803283504976,13.04512297550562,0.0,0.1616856135246034,0.1,0.0036537647247314453,0.06305193901062012,0.049829546,1.0860348,13.251168876068423,0.0,0.1485600319531871,0.0,300,0.05509686470031738,0.0007526299683504907,0.000595314641655827,796051,13.369225849270059,0.0
2676,2.9919750690460205,13.326191133309237,0.09713096858716434,13.432860038889789,13.176025104397498,0.0,0.15898949795103048,0.1,0.02319622039794922,0.1057577133178711,0.049917642,0.76378876,13.258671101792505,0.0,0.14867177700351725,0.0,300,0.03273797035217285,0.00042213635453794055,0.00040765419885927456,796351,13.495671335357164,0.0
2677,2.978085517883301,13.154295339782182,0.3972688704524758,13.465550914330619,12.472422129988662,0.0,0.15828926886960093,0.1,0.0034449100494384766,0.06019473075866699,0.04988008,0.5866188,13.248233525591473,0.0,0.1464135295535101,0.0,300,0.030331850051879883,0.0010976598507663213,0.0009397284754158821,796651,13.553155311655127,0.0
2678,2.9196977615356445,13.15159011185759,0.24757950807308457,13.424616102723277,12.822491437271294,0.0,0.1469407079071861,0.1,0.0034422874450683594,0.060984134674072266,0.05014232,1.3495884,13.238569184218086,0.0,0.14643631743651628,0.0,300,0.03060603141784668,0.0007506501179676955,0.0007081422224769613,796951,13.485642596901693,0.0
2679,3.03438663482666,13.313107246879182,0.17259462561102434,13.469061000126688,13.049692851651072,0.0,0.15313754906060878,0.1,0.0032444000244140625,0.05878639221191406,0.04820465,1.7291846,13.246022990484196,0.0,0.1484883595691528,0.0,300,0.030173540115356445,0.0010062360109875615,0.0007677927555105544,797251,13.560375972440537,0.0
2680,2.919264554977417,13.200844800930733,0.23117256095917854,13.453943405320613,12.864476781790753,0.0,0.16147467597000198,0.1,0.003266572952270508,0.059979915618896484,0.049947068,0.7043897,13.24150517152885,0.0,0.14712307316885023,0.0,300,0.029861927032470703,0.0012669880918046439,0.0009060582760479951,797551,13.642605669783515,0.0
2681,2.9657845497131348,13.304289800017632,0.0861053053870127,13.405025331176512,13.17649888844706,0.0,0.16550410625744588,0.1,0.0035979747772216797,0.11160564422607422,0.04999212,1.0282878,13.247783634377727,0.0,0.14839534285453768,0.0,300,0.03033280372619629,0.0005848335592024137,0.0006215740159259392,797851,13.514238561354718,0.0
2682,2.974114418029785,13.305722170701685,0.08514154788173327,13.441967723357763,13.216088931505451,0.0,0.16299181730602905,0.1,0.003226041793823242,0.06019735336303711,0.049869314,0.68578297,13.253577488010123,0.0,0.14845361096054882,0.0,300,0.030483007431030273,0.0005997231115331716,0.00048191918423955756,798151,13.470732414965148,0.0
2683,2.9801535606384277,13.363557576575777,0.062415619116290975,13.418966168307382,13.26056752668862,0.0,0.16263381633024188,0.1,0.0032248497009277344,0.05962204933166504,0.050050277,1.0358474,13.264575496866687,0.0,0.14921005701993162,0.0,300,0.030692338943481445,0.0006725494452221411,0.0005601992387349794,798451,13.352431276003097,0.0
2684,2.9679994583129883,13.043296277446869,0.3882208317070645,13.370925760239952,12.386331886284323,0.0,0.15453251403306603,0.1,0.003226757049560547,0.060120582580566406,0.050212916,0.526585,13.242447574924705,0.0,0.1450746483964897,0.0,300,0.03181004524230957,0.0007223618729206587,0.0006127812165560211,798751,13.465754350256882,0.0
2685,2.9455482959747314,12.377366364476096,1.6503326274269228,13.419177806412916,9.52054131763451,0.0,0.15643812797515586,0.1,0.003011941909790039,0.059110403060913086,0.049994625,0.37509623,13.155939453879844,0.0,0.13609241990643722,0.0,300,0.0298154354095459,0.007787615491822799,0.006112633754252202,799051,13.459413848572074,0.0
2686,2.918816089630127,13.204059147712856,0.1819205909642129,13.49430439435078,13.019183142802413,0.0,0.1518855836018368,0.1,0.0030755996704101562,0.05706429481506348,0.05002152,2.500387,13.160751423263145,0.0,0.14709765164512836,0.0,300,0.03092050552368164,0.0029158318319818083,0.0015777540965805589,799351,13.475661049404417,0.0
2687,2.9758126735687256,13.033103615816632,0.5186434232692534,13.44312595345654,12.160882392144144,0.0,0.15433043538996566,0.1,0.003015279769897461,0.07602262496948242,0.049846098,0.79169345,13.147986642518495,0.0,0.14499892113163043,0.0,300,0.06329917907714844,0.0030123477033351,0.002308745727958256,799651,13.55400540817133,0.0
2688,3.052583694458008,11.71266615584748,2.9072175272999607,13.474965763658888,6.678465930709158,0.0,0.14532246775083696,0.1,0.003038167953491211,0.05890083312988281,0.049757097,0.35526976,13.004454593851394,0.0,0.1274967082646458,0.0,300,0.029998064041137695,0.027492800360662147,0.02173660177504499,799951,13.451073028328816,0.0
2689,3.0443222522735596,13.154967163900269,0.19585347405938305,13.324917164804392,12.821537152982422,0.0,0.15434105827050718,0.1,0.003290891647338867,0.0591893196105957,0.049828626,2.6352284,13.01950585085628,0.0,0.1463984075364211,0.0,300,0.03025054931640625,0.00578271436517678,0.0034090058499922134,800251,13.412113484134586,0.0
2690,2.996340751647949,13.128285421192638,0.3361326733805773,13.389209536488154,12.560012938225423,0.0,0.15080459321144438,0.1,0.003093242645263672,0.12140727043151855,0.049663473,1.4588605,13.030383807889915,0.0,0.1460918048813007,0.0,300,0.030153274536132812,0.003107842515288512,0.0016874160616513064,800551,13.503715343397923,0.0
2691,2.9594500064849854,13.17337168323354,0.19697868040905256,13.427193675551226,12.952180098229247,0.0,0.15345063287917576,0.1,0.015096426010131836,0.08945870399475098,0.049910326,0.82023764,13.044682595424279,0.0,0.1467248220378085,0.0,300,0.030888080596923828,0.0014134490145043229,0.0011935953819298942,800851,13.41511457905739,0.0
2692,2.918421506881714,13.370048616713571,0.02687478738144985,13.396529857645145,13.33112535938962,0.0,0.15132350205131292,0.1,0.0033884048461914062,0.0633854866027832,0.050540835,0.74163353,13.077219197553207,0.0,0.14930834951204097,0.0,300,0.03057575225830078,0.001513081009942008,0.0012104775377000706,801151,13.590788378775729,0.0
2693,2.904221296310425,13.066517592300068,0.49662116879091805,13.484974031399492,12.22016035199814,0.0,0.14690378554409914,0.1,0.003265380859375,0.05841398239135742,0.04963705,0.95460624,13.076149037027895,0.0,0.14529936718895675,0.0,300,0.029727935791015625,0.003749366238779751,0.0021145864491907223,801451,13.46582482716385,0.0
2694,2.9307117462158203,12.94602856397767,0.7346525651808633,13.487745246730745,11.680108695713391,0.0,0.1456912653084998,0.1,0.003335714340209961,0.06025528907775879,0.04951902,1.5917637,13.06313698972287,0.0,0.1437832834221354,0.0,300,0.03009033203125,0.0036769418263114147,0.0022992176280097463,801751,13.42325141096657,0.0
2695,2.981112241744995,13.282758575550247,0.06758884202031044,13.34662592110261,13.169156379329323,0.0,0.15511485063314362,0.1,0.003247499465942383,0.05925464630126953,0.05011977,0.8063179,13.08509914830561,0.0,0.1481449105467102,0.0,300,0.030417203903198242,0.0006986723150950578,0.0006935441634814474,802051,13.382426091107426,0.0
2696,2.9654362201690674,13.215603250152682,0.29815457130093115,13.53608939938977,12.731038954998983,0.0,0.1524665730949015,0.1,0.003275632858276367,0.05920124053955078,0.050287478,0.50043315,13.098149558490316,0.0,0.14738792957516472,0.0,300,0.029942750930786133,0.0016317561773421985,0.0012793953016358242,802351,13.369669073984255,0.0
2697,2.9731574058532715,13.227692795479369,0.2377913449322704,13.510711361409268,12.856601632074337,0.0,0.15386337409612347,0.1,0.0068950653076171875,0.07191038131713867,0.049761053,0.64175963,13.111103882189223,0.0,0.14745919821645154,0.0,300,0.032492637634277344,0.0011337288716472783,0.0011011906481577184,802651,13.495024880861758,0.0
2698,2.9990177154541016,13.284604364525835,0.13641889626251144,13.465712146889045,13.132325287101459,0.0,0.16005391395696283,0.1,0.0030634403228759766,0.058960676193237305,0.04990128,0.98062044,13.128453930422886,0.0,0.1481752440667561,0.0,300,0.035494089126586914,0.0009948739011909587,0.0007915883990783945,802951,13.507151288955763,0.0
2699,2.987474203109741,13.38138943491769,0.06309248209518716,13.445421018052482,13.283593174372477,0.0,0.1568466783943636,0.1,0.009055376052856445,0.06647634506225586,0.050125245,0.9253212,13.153747480872367,0.0,0.1495166811823438,0.0,300,0.030035734176635742,0.0008048391294594087,0.0006271968948874618,803251,13.61149078391139,0.0
2700,2.98545503616333,13.424864599168677,0.131181693451878,13.595180197661056,13.294084857741264,0.0,0.16141919364996643,0.1,0.0031671524047851562,0.05881071090698242,0.05045037,1.2734423,13.180859192701998,0.0,0.15005822456895354,0.0,300,0.04369544982910156,0.0006168580596232481,0.0005707840105779789,803551,13.444989295118214,0.0
2701,3.0269699096679688,13.22683787124427,0.23095826096140268,13.461040910942517,12.85180596622903,0.0,0.15615881746987229,0.1,0.0030908584594726562,0.05923032760620117,0.050166685,0.5855485,13.185457060556226,0.0,0.14744309416782486,0.0,300,0.030411720275878906,0.0012112045557250398,0.0009518320702729937,803851,13.471160318316857,0.0
2702,2.931299924850464,13.46838731520945,0.15973012040932127,13.568149666940407,13.191853325705614,0.0,0.1563333180290943,0.1,0.00307464599609375,0.06183648109436035,0.04984489,0.54152757,13.213750086021548,0.0,0.15059019975001386,0.0,300,0.03009629249572754,0.000857770260812491,0.0005610782757919779,804151,13.563083860669709,0.0
2703,3.010293483734131,13.236869489684707,0.30453436970645553,13.56370633456179,12.767231146252337,0.0,0.15101360094172964,0.1,0.0030732154846191406,0.05884861946105957,0.049939558,0.7624395,13.216062026387863,0.0,0.1475164139149989,0.0,300,0.032384395599365234,0.001542454413840038,0.0011789514594087852,804451,13.46142729954891,0.0
2704,2.954969644546509,13.070513341982291,0.1994631647194676,13.214102710267655,12.726556666884743,0.0,0.1624690858411062,0.1,0.003211498260498047,0.06018233299255371,0.0501223,0.7866817,13.201507157947306,0.0,0.14537523023149357,0.0,300,0.02967524528503418,0.0006642007947404899,0.0005379938794829674,804751,13.56283702380727,0.0
2705,3.0273308753967285,13.10294719019075,0.323181898780502,13.512192142742,12.765172855448082,0.0,0.1493171596418294,0.1,0.003063678741455078,0.05904507637023926,0.049728688,0.7675537,13.191651161171652,0.0,0.1459488848144312,0.0,300,0.07345414161682129,0.0018429315295974112,0.00122632890278372,805051,13.379415595586531,0.0
2706,2.9668288230895996,13.447183065599418,0.09991756634565455,13.584367340536243,13.305851605107236,0.0,0.15713800027415803,0.1,0.0036013126373291016,0.061309099197387695,0.0500978,0.7852285,13.217204351614429,0.0,0.15029834994125146,0.0,300,0.05808544158935547,0.001087218342429067,0.0007782653302352338,805351,13.47396249337576,0.0
2707,2.9030728340148926,13.144085702306032,0.273679312182549,13.400857446876032,12.688744470955282,0.0,0.15583142497387542,0.1,0.00898885726928711,0.0865328311920166,0.049883757,0.8130241,13.20989248668359,0.0,0.14648952853277017,0.0,300,0.03115248680114746,0.001483290045391778,0.001049461631953734,805651,13.429696981694606,0.0
2708,2.947267770767212,13.395757837711669,0.046205534495677755,13.431555293694192,13.316780604772385,0.0,0.15774438235790433,0.1,0.003450632095336914,0.08938908576965332,0.050076243,0.86311525,13.228479021786399,0.0,0.14962054164793417,0.0,300,0.029867887496948242,0.0011819720807605045,0.0007822810465238541,805951,13.432921312833288,0.0
2709,2.9294114112854004,13.201089129539923,0.20488491654672794,13.425595949056149,12.94285892888721,0.0,0.16356290008787716,0.1,0.003288745880126953,0.06125640869140625,0.050171938,0.85285896,13.225740032561752,0.0,0.14702803020688673,0.0,300,0.029900550842285156,0.0011484335156937684,0.0010429723839375982,806251,13.528777417673206,0.0
2710,3.0335004329681396,12.274392173729314,2.0464088486430243,13.48813787924887,8.730199921273393,0.0,0.1351956084805802,0.1,0.0032906532287597656,0.06180143356323242,0.050096214,0.95894176,13.13060524667851,0.0,0.13477661924988005,0.0,300,0.0300900936126709,0.011298487009698585,0.007975232863941714,806551,13.215938497287459,0.0
2711,2.9410452842712402,13.18089722301584,0.13691406584520022,13.330703816922105,12.989812115211357,0.0,0.15800734515793177,0.1,0.0034034252166748047,0.05988478660583496,0.05001985,1.1588913,13.135634444312243,0.0,0.14680682865162864,0.0,300,0.03056168556213379,0.004407028231025879,0.002532658150517601,806851,13.565698150554345,0.0
2712,2.9205374717712402,13.339719991885532,0.04878921689416099,13.39454297107105,13.27924355765398,0.0,0.14840638935665285,0.1,0.0033540725708007812,0.11492538452148438,0.04983365,1.7293961,13.156042999069573,0.0,0.14888573014619386,0.0,300,0.03281354904174805,0.002299541212788328,0.0011380345940302467,807151,13.42363662187814,0.0
2713,2.9980738162994385,13.37723037583154,0.18356229764705428,13.55373373174272,13.076598089277468,0.0,0.15975482737651164,0.1,0.003180265426635742,0.06057000160217285,0.05004108,0.7696106,13.178161736745771,0.0,0.1493587571009951,0.0,300,0.030254840850830078,0.0015965035512742207,0.001087077461014833,807451,13.465733152932875,0.0
2714,3.008495330810547,11.716156829229185,2.4457914951513997,13.364479362529275,7.491354249796882,0.0,0.1601249704816184,0.1,0.003324270248413086,0.11649203300476074,0.050247245,0.33075193,13.031961245994113,0.0,0.12764007878476655,0.0,300,0.03008413314819336,0.018162530567249445,0.011111503805206646,807751,13.39446422280764,0.0
2715,2.9656617641448975,13.40851046676396,0.0471104566754055,13.476313009214904,13.359079436664743,0.0,0.14999402618333796,0.1,0.0031561851501464844,0.06918907165527344,0.04956084,2.1752398,13.069616168071098,0.0,0.14980284103909908,0.0,300,0.032556772232055664,0.004754065414022167,0.0023928716331497067,808051,13.554634717763527,0.0
2716,2.9623167514801025,13.257896745960593,0.22171128194529885,13.462984403984288,12.884108488395995,0.0,0.1430394246781872,0.1,0.003042936325073242,0.05942702293395996,0.050947502,1.416981,13.088444225860048,0.0,0.1478199851700137,0.0,300,0.029605388641357422,0.001820780793042491,0.001204448481245507,808351,13.588317008295464,0.0
2717,2.964815139770508,13.313100150616314,0.06799654785785351,13.392215233598131,13.205838251226629,0.0,0.15177643224155943,0.1,0.0028769969940185547,0.056958675384521484,0.04998774,0.66770524,13.110909818335676,0.0,0.14857438442978593,0.0,300,0.02980351448059082,0.0011965842698564628,0.0009747698579778096,808651,13.553472649433013,0.0
2718,2.983797073364258,13.193191715928014,0.22418875404918137,13.437853563156255,12.833780801363792,0.0,0.14158888540432754,0.1,0.0030384063720703125,0.057436466217041016,0.04933998,1.6451973,13.119138008094911,0.0,0.14702770703480583,0.0,300,0.0526430606842041,0.0011145590797330125,0.0010759092516490535,808951,13.642810532811152,0.0
2719,3.068262815475464,13.22775642494279,0.2135687945676485,13.509369929615291,12.911795175170374,0.0,0.16133566178881303,0.1,0.0032324790954589844,0.060976266860961914,0.049738612,0.9136862,13.1299998497797,0.0,0.14738894861236668,0.0,300,0.02954244613647461,0.0012709215961715045,0.0010227068226492239,809251,13.635188832361814,0.0
2720,3.065183401107788,13.246251074860153,0.21987648118916342,13.489312874918031,12.903591468074858,0.0,0.16098209879913347,0.1,0.003083944320678711,0.061367034912109375,0.0497183,0.7536352,13.141624972287747,0.0,0.14766387834981035,0.0,300,0.029819011688232422,0.0012890058030100703,0.0010599112761805402,809551,13.528149090768295,0.0
2721,3.0857064723968506,13.458495272457515,0.12139471316622401,13.561190650157641,13.251288264818486,0.0,0.16031971060050162,0.1,0.0031023025512695312,0.05905508995056152,0.049934473,0.9569522,13.173312002304725,0.0,0.1504249934195017,0.0,300,0.03110647201538086,0.0017017359373017067,0.0008747991542265189,809851,13.638001197019205,0.0
2722,2.9758191108703613,12.84371299749196,0.6349682276141216,13.54653054270027,11.82120404889449,0.0,0.1415752305862723,0.1,0.0036993026733398438,0.05986309051513672,0.050012555,0.46306604,13.14035210182345,0.0,0.14236927898153767,0.0,300,0.02990412712097168,0.00547905057932348,0.003973164411210353,810151,13.627034818544358,0.0
2723,3.005781412124634,13.370554194575917,0.07658987078087458,13.487110521627363,13.286946424473829,0.0,0.14861402133251372,0.1,0.009035348892211914,0.05926394462585449,0.04895645,3.1589308,13.163372311098696,0.0,0.1493202743150902,0.0,300,0.03229045867919922,0.002575550278680038,0.0011832372415816147,810451,12.854535088420311,0.0
2724,2.9826607704162598,13.095795873507589,0.3998269205797025,13.492405704419676,12.625700750871266,0.0,0.15453239965504567,0.1,0.0032889842987060547,0.06119036674499512,0.050112817,1.0794829,13.156614667339586,0.0,0.14574199656528208,0.0,300,0.04144883155822754,0.0016569773354611819,0.0011396028970635933,810751,13.629664260069832,0.0
2725,2.966017484664917,13.299043249953103,0.0771326918556037,13.37697871459501,13.213305297505153,0.0,0.15602458473084466,0.1,0.0033152103424072266,0.06026887893676758,0.050072927,2.0987818,13.170857525600937,0.0,0.14841795791108336,0.0,300,0.033019065856933594,0.0006104538328096101,0.0005813838224190565,811051,13.668540868926906,0.0
2726,2.9392707347869873,13.270683270681907,0.05098820396785748,13.338001145979426,13.194596934320938,0.0,0.15908308414880556,0.1,0.0033566951751708984,0.061782121658325195,0.04976869,0.74298155,13.180840100109034,0.0,0.14799131004020433,0.0,300,0.05222821235656738,0.0006897189709580625,0.0005565523013270671,811351,13.336953568514021,0.0
2727,2.9362025260925293,13.43873373135387,0.09396880469443068,13.585307486254484,13.336064503084907,0.0,0.16007774706117167,0.1,0.0031859874725341797,0.07095932960510254,0.050923813,0.9613132,13.206629463233519,0.0,0.1501578127625206,0.0,300,0.0319368839263916,0.0007289907421057996,0.000679335479919115,811651,13.626931240060893,0.0
2728,3.015207052230835,12.195520876518808,1.9584310924770916,13.478328817499417,8.814407453401225,0.0,0.1381378367160489,0.1,0.0030298233032226562,0.0590815544128418,0.04952179,0.41720885,13.105518604562048,0.0,0.1337491251181302,0.0,300,0.030399322509765625,0.014847391946220902,0.011518807162148653,811951,13.167697713532656,0.0
2729,3.0141682624816895,13.027622054066846,0.4880126305385881,13.387885799709734,12.187336482545508,0.0,0.14259582224296397,0.1,0.0032126903533935547,0.06312727928161621,0.04967391,0.6191806,13.097728949512529,0.0,0.14476937964175454,0.0,300,0.029931068420410156,0.01039452974655633,0.004549257668164522,812251,13.655925645080046,0.0
2730,2.980909824371338,13.159433661805757,0.28417772535750646,13.363646387036658,12.67039961624607,0.0,0.1567915378491373,0.1,0.0031991004943847656,0.058838844299316406,0.049078144,1.2205253,13.103899420741852,0.0,0.1464583132567215,0.0,300,0.032410383224487305,0.006546323759567172,0.0018785266512909209,812551,13.578158024069316,0.0
2731,3.0027427673339844,13.356014213739213,0.07894300816747862,13.415089951569021,13.22045503923634,0.0,0.14759959579170925,0.1,0.003187417984008789,0.05887961387634277,0.049688224,1.0631759,13.129110900041589,0.0,0.14910612394463765,0.0,300,0.030062198638916016,0.002341077724168752,0.0006184652182573045,812851,13.639011774302881,0.0
2732,2.9835398197174072,13.351552326920254,0.22301523580869947,13.51338181019655,12.969904436988225,0.0,0.15948262772945626,0.1,0.003252267837524414,0.0844581127166748,0.049844816,1.0252577,13.151355042729456,0.0,0.14901656569669894,0.0,300,0.05331110954284668,0.0009228021639729337,0.0011305174994631433,813151,13.675204668563309,0.0
2733,2.9489622116088867,13.295706539518555,0.1803131356094519,13.41195596561863,12.98401693051277,0.0,0.15714578085486747,0.1,0.0030846595764160156,0.05940508842468262,0.05049748,1.5410558,13.165790192408366,0.0,0.14831087617307484,0.0,300,0.029845476150512695,0.0012952446751102475,0.0013435500115571927,813451,13.59266038223786,0.0
2734,2.9804675579071045,13.332422315175066,0.13770536152852045,13.505624401790392,13.121801738659087,0.0,0.14533750670464593,0.1,0.008623361587524414,0.07042145729064941,0.04952209,1.1762754,13.182453404685038,0.0,0.14878257182601798,0.0,300,0.030461549758911133,0.0019828103202729195,0.0012413582017994636,813751,13.659381542345185,0.0
2735,2.982093095779419,13.15004773878476,0.26164929446848834,13.47228762383076,12.742259042035558,0.0,0.15923200555197228,0.1,0.0031070709228515625,0.12266683578491211,0.05018578,0.94315076,13.17921283809501,0.0,0.1464766161765064,0.0,300,0.029554128646850586,0.0016876491483924206,0.0010889963771869824,814051,13.628738673116432,0.0
2736,2.909224033355713,13.173713782073513,0.2984764718877904,13.44552423204893,12.695399011310629,0.0,0.15795359318380234,0.1,0.0036950111389160156,0.06095099449157715,0.04969741,1.412809,13.17866293249286,0.0,0.14668272038710722,0.0,300,0.04723620414733887,0.0013167627239031078,0.0009631074881189076,814351,13.53070195753835,0.0
2737,2.910007953643799,12.96104756414322,0.24551573062513132,13.288973417269352,12.668508832154737,0.0,0.14422549516521196,0.1,0.003580808639526367,0.0623626708984375,0.050161216,1.0283713,13.156901395657897,0.0,0.14385472118715126,0.0,300,0.03005218505859375,0.0009220811069074932,0.0008061257392775298,814651,13.162649781601468,0.0
2738,2.985830307006836,13.193153203159888,0.13415992145745378,13.422757864580019,13.083642290627028,0.0,0.15502984524866226,0.1,0.007440805435180664,0.06339550018310547,0.049961504,1.1542047,13.160526576408095,0.0,0.14693113544843928,0.0,300,0.03110337257385254,0.0007251245653965096,0.0006537161228208196,814951,13.502079819589346,0.0
2739,2.985326051712036,13.233145492297519,0.17855045907275424,13.4138224389997,13.040382716342046,0.0,0.15531116909702306,0.1,0.005388021469116211,0.06051921844482422,0.05031384,1.152564,13.167788467997038,0.0,0.14750838920690082,0.0,300,0.03031635284423828,0.0008198879227548811,0.0007475670704604891,815251,13.056085422108216,0.0
2740,2.951900005340576,13.312653870976124,0.1494242460458752,13.493887379945669,13.078437342544701,0.0,0.15341696863369608,0.1,0.013239622116088867,0.07367467880249023,0.04997644,1.146656,13.182275008294948,0.0,0.14850383997096833,0.0,300,0.030187606811523438,0.0006478311658548821,0.0005518972262183197,815551,13.532330927735154,0.0
2741,2.974432945251465,13.093789685714192,0.5227526407805909,13.4487616166797,12.190870243620434,0.0,0.15421086033907974,0.1,0.0032045841217041016,0.059934139251708984,0.04990038,0.4503889,13.173426476036873,0.0,0.14563105308846175,0.0,300,0.03180384635925293,0.0019087727932850045,0.0015730978582756128,815851,13.597934499372522,0.0
2742,2.9686875343322754,13.32807858953863,0.1402535513198937,13.450096884475572,13.106210482324776,0.0,0.1502264251783229,0.1,0.0032529830932617188,0.058258056640625,0.050159786,1.9878641,13.18889168738705,0.0,0.1487337130393586,0.0,300,0.03603363037109375,0.00045808921816755895,0.00045399553677453325,816151,13.554939777158843,0.0
2743,2.9500954151153564,13.276365169368143,0.23159260646076543,13.454133080015287,12.878250782237696,0.0,0.15362799164982538,0.1,0.0032083988189697266,0.05824875831604004,0.05049139,0.9594866,13.197639035585158,0.0,0.14798697835666416,0.0,300,0.029700040817260742,0.0008628334144504758,0.0007348339927831373,816451,13.368887538517527,0.0
2744,3.001936912536621,13.197213680935755,0.23676603187425335,13.366943559329293,12.79120532496797,0.0,0.1574345238527889,0.1,0.003522157669067383,0.1201930046081543,0.050132718,0.72635275,13.19759650012022,0.0,0.1469873250318541,0.0,300,0.03107476234436035,0.0009642594917481673,0.0008529610771196874,816751,13.451088708962972,0.0
2745,3.0213184356689453,12.673182369088938,1.0256849818262217,13.555486852075926,10.928343429145096,0.0,0.14597406464149995,0.1,0.0031976699829101562,0.06054830551147461,0.049931627,0.60765314,13.145155087017091,0.0,0.1402037002783744,0.0,300,0.030121803283691406,0.005420174341204835,0.0044477319401941716,817051,13.606264268305983,0.0
2746,2.979722261428833,12.684548312944273,0.6497179561195618,13.533961296172185,11.796362251498095,0.0,0.15092994443772012,0.1,0.0031006336212158203,0.060068607330322266,0.04990044,0.6853597,13.09909440960981,0.0,0.14019144440579034,0.0,300,0.02999258041381836,0.0023162625260561703,0.0015951059423308569,817351,13.46259849688578,0.0
2747,3.006910562515259,13.33927251307472,0.042688398041850664,13.381696572053666,13.27930590904232,0.0,0.15278964040692689,0.1,0.0032258033752441406,0.06171536445617676,0.049423534,1.3554047,13.123112219956301,0.0,0.14885797150382285,0.0,300,0.03214216232299805,0.0013500472567351332,0.0008474726863760137,817651,13.465072087117562,0.0
2748,3.0850627422332764,13.234545248349422,0.16306363989985248,13.450123999268323,13.011427406636868,0.0,0.15129964020445852,0.1,0.003023386001586914,0.059673309326171875,0.050149325,1.1248509,13.134255522795613,0.0,0.14750333538946106,0.0,300,0.03055882453918457,0.0010313835828716007,0.0009645432616404153,817951,13.504556032715724,0.0
2749,3.0508692264556885,13.285987740192281,0.08441034318487411,13.355348837069426,13.141754121714612,0.0,0.15839445501887192,0.1,0.003101825714111328,0.059694766998291016,0.051644936,0.5500392,13.14942874453528,0.0,0.14824150656681814,0.0,300,0.030533313751220703,0.0016365300909243108,0.0009203666585893011,818251,13.569192957148962,0.0
2750,3.101259469985962,13.432454394808989,0.0590326298968623,13.509933415146927,13.3723454047652,0.0,0.16516679561612307,0.1,0.0029654502868652344,0.0587308406829834,0.050025646,0.9668509,13.17773130956265,0.0,0.15011905439559078,0.0,300,0.03125286102294922,0.0011146874792295255,0.0006785410835400152,818551,13.494210410108186,0.0
2751,2.971404790878296,13.2299569922608,0.36698737340444304,13.540252101320737,12.604424655469439,0.0,0.15638119223563027,0.1,0.0034580230712890625,0.059587717056274414,0.050015192,1.082003,13.182953877832466,0.0,0.14744520386042398,0.0,300,0.029808998107910156,0.0015508398611679287,0.0012777559842164334,818851,13.579399330940683,0.0
2752,2.970327854156494,13.034586299793252,0.8442390325904205,13.626008342943194,11.576873327694456,0.0,0.15470818121307198,0.1,0.0034193992614746094,0.06508135795593262,0.05011921,0.514707,13.168117120028544,0.0,0.1448250878476432,0.0,300,0.030492305755615234,0.003318075321354904,0.0028609458890611456,819151,13.56034634137072,0.0
2753,2.9173834323883057,13.33438519042494,0.0930029615551703,13.466087871560807,13.2054025604562,0.0,0.15268441051716397,0.1,0.0035734176635742188,0.06438374519348145,0.049929943,0.8056998,13.184743927068183,0.0,0.1488304414714736,0.0,300,0.07649493217468262,0.0008019980999776047,0.0005587387780983105,819451,13.52879691635691,0.0
2754,3.02207612991333,13.35824646511588,0.18753052385094396,13.536487434959179,13.0432576848125,0.0,0.1496722323710536,0.1,0.00325775146484375,0.0625002384185791,0.05014324,1.0395477,13.202094180872953,0.0,0.1491363143762724,0.0,300,0.030899524688720703,0.0007988600574953104,0.0007286585337084951,819751,13.485619804471382,0.0
2755,2.993577241897583,13.359380204326301,0.07240156962528656,13.471794554591483,13.281390216495979,0.0,0.15865469851226455,0.1,0.0032138824462890625,0.06077980995178223,0.050116006,0.7600321,13.217822783218288,0.0,0.14912488887928646,0.0,300,0.03033161163330078,0.0005691575981208915,0.0005218923259370545,820051,13.472847459728506,0.0
2756,2.9910686016082764,13.449978968626823,0.05991115914925062,13.522897737868877,13.359491537970284,0.0,0.16518156863616246,0.1,0.003181934356689453,0.12211942672729492,0.049939964,0.85843986,13.241038401759143,0.0,0.15047061448540805,0.0,300,0.030039310455322266,0.00062734749756726,0.0006041968348273506,820351,13.495214678833165,0.0
2757,2.965834140777588,13.319733546801087,0.11984991444214411,13.445550402557984,13.122560863263447,0.0,0.15315305755332506,0.1,0.0033059120178222656,0.059818267822265625,0.049080025,4.352367,13.248907916263338,0.0,0.1486678093399318,0.0,300,0.030160903930664062,0.0012765684295521526,0.0011464139128061518,820651,13.588384416938348,0.0
2758,3.0428905487060547,13.258776503185306,0.029663788050998865,13.30684710247817,13.228253772208731,0.0,0.14360350035683683,0.1,0.003242015838623047,0.059532880783081055,0.050437618,1.5054928,13.249894774955536,0.0,0.14783065434122505,0.0,300,0.03221011161804199,0.00043699086561608646,0.0003629983015149088,820951,13.654967021698157,0.0
2759,3.070850372314453,13.397760324443617,0.08637655537301456,13.525379307437898,13.284439082491039,0.0,0.16798153064684207,0.1,0.0031480789184570312,0.061699867248535156,0.04971803,0.6416752,13.264681329904345,0.0,0.14960663360479104,0.0,300,0.030318260192871094,0.0005805571022282246,0.0005588617591007288,821251,13.50924165564007,0.0
2760,2.9615867137908936,13.153185298468376,0.20099007186208087,13.369848961328211,12.917378581055619,0.0,0.1541324124147806,0.1,0.0029916763305664062,0.06218147277832031,0.050000537,0.9448281,13.253531726760748,0.0,0.14645715178191748,0.0,300,0.02974700927734375,0.0007275403153958596,0.0005988879442693865,821551,13.688232015677565,0.0
2761,3.0609261989593506,13.16894457903862,0.5046824183388228,13.58132563589661,12.310213265656282,0.0,0.1548128769508846,0.1,0.003095388412475586,0.059387922286987305,0.049788542,0.8942812,13.245073011988536,0.0,0.14667840179460237,0.0,300,0.031781673431396484,0.0019867919976243958,0.0019264207899850195,821851,13.560729482417647,0.0
2762,3.065645217895508,13.419694533543144,0.07688286313095351,13.527332328067848,13.339657060308648,0.0,0.16054140261636543,0.1,0.003072023391723633,0.05856513977050781,0.05014121,0.873638,13.262535164143998,0.0,0.14997247626719895,0.0,300,0.02988576889038086,0.0008700260440809412,0.0005316908443023959,822151,13.550384013871602,0.0
2763,2.961421012878418,13.256129224770255,0.1999388833825834,13.511537982363397,12.976694128238314,0.0,0.15829584573139302,0.1,0.003088712692260742,0.058579444885253906,0.04994439,0.7086835,13.261894570206625,0.0,0.14780036256800683,0.0,300,0.029750347137451172,0.0007308895890929106,0.0006130708780783757,822451,13.552834825396046,0.0
2764,3.013585090637207,13.441680336313624,0.07673429807392587,13.553931735849243,13.340020911178629,0.0,0.16508693956493195,0.1,0.0031037330627441406,0.058320045471191406,0.04983012,0.6298452,13.279873146817325,0.0,0.15021063775390173,0.0,300,0.057846784591674805,0.0006939317818703099,0.0004234578776138866,822751,13.618088409226806,0.0
2765,3.0779895782470703,13.424800327212239,0.10494454378921982,13.534744771321424,13.254258503096137,0.0,0.16208240091947732,0.1,0.0029985904693603516,0.05813908576965332,0.04940114,0.86342466,13.294365864856818,0.0,0.15002883336985323,0.0,300,0.030913591384887695,0.0007546959680024771,0.000626921597805447,823051,13.564615002750392,0.0
2766,2.984760046005249,12.476241820122727,1.105658246820901,13.365327473719121,10.613771239824489,0.0,0.14410780682391255,0.1,0.01131892204284668,0.0592801570892334,0.049663115,0.3886232,13.212553460383411,0.0,0.1374041318078103,0.0,300,0.0292055606842041,0.004496460919828093,0.0032893783971979667,823351,13.512073600802475,0.0
2767,2.956223487854004,13.06073684035147,0.18308789502646736,13.371985452654732,12.922775423986138,0.0,0.15339514048811187,0.1,0.0040662288665771484,0.061396121978759766,0.04975838,0.99163616,13.197371798380217,0.0,0.14527837900754179,0.0,300,0.07513260841369629,0.0022577421478104263,0.0016497615760648215,823651,13.445243823075506,0.0
2768,3.0139870643615723,13.449217183061148,0.16056532981324007,13.667370529796118,13.21604836702512,0.0,0.15873291238112452,0.1,0.003482341766357422,0.06310343742370605,0.050342463,1.7062086,13.22255633684831,0.0,0.15033010336273153,0.0,300,0.03124237060546875,0.0009748682723548619,0.0005264402019159455,823951,13.50164617196581,0.0
2769,3.0319244861602783,13.294810659613958,0.20860444443875512,13.468564061346623,12.94287895704636,0.0,0.15430084838551633,0.1,0.0036423206329345703,0.06186795234680176,0.049652778,1.1808994,13.229781769124875,0.0,0.14825731129734704,0.0,300,0.0330967903137207,0.0006705857317923332,0.0006283673866997814,824251,13.568721886750923,0.0
2770,3.0795135498046875,13.233367731776912,0.3286815925627274,13.58337174808312,12.695267610794417,0.0,0.15471939444673757,0.1,0.0034759044647216797,0.06199073791503906,0.049892344,0.66225785,13.23014036539008,0.0,0.14738028288502733,0.0,300,0.03008127212524414,0.0012641555600717512,0.0010797873136240944,824551,13.48960690312496,0.0
2771,3.0145509243011475,13.410999884335208,0.029068862169407614,13.458952377320298,13.382642143133245,0.0,0.16643902142421507,0.1,0.008738279342651367,0.06788325309753418,0.050118446,0.98011434,13.248226317284594,0.0,0.14989386204946017,0.0,300,0.0299379825592041,0.0008352955122876778,0.0006678734635398154,824851,13.50698649690248,0.0
2772,3.0820436477661133,13.269909619180497,0.2188059442575412,13.547472782005867,12.992427201839527,0.0,0.1652440674254421,0.1,0.0034711360931396484,0.06113243103027344,0.049952563,0.69104886,13.250394647474184,0.0,0.14806912741452452,0.0,300,0.0373682975769043,0.0010841021698118718,0.000878796656148645,825151,13.63424684646055,0.0
2773,3.0220327377319336,13.323892120705409,0.02622042765595427,13.357387915430502,13.284050664666031,0.0,0.16001244285758112,0.1,0.0032656192779541016,0.06130194664001465,0.04986276,0.8347603,13.257744394797308,0.0,0.14867538360065216,0.0,300,0.03011035919189453,0.0007984699322842912,0.0006667960130854479,825451,13.525308603958772,0.0
2774,3.0395281314849854,13.356039932763245,0.0685426105365796,13.446763455237722,13.288733356913946,0.0,0.16389348782872293,0.1,0.003245115280151367,0.07023215293884277,0.049847107,0.59085697,13.267573948593903,0.0,0.14902044294164163,0.0,300,0.030310630798339844,0.0006175855323418957,0.0005645151730073971,825751,13.48836075782611,0.0
2775,2.964878559112549,13.0004607427926,0.6032769481454162,13.380836004743536,11.956335724608996,0.0,0.15141436952697196,0.1,0.0031189918518066406,0.06081891059875488,0.049533952,2.2728195,13.240862628013772,0.0,0.14432908602622269,0.0,300,0.07442975044250488,0.001583556206063122,0.001490958655781512,826051,13.578757658838938,0.0
2776,2.966747283935547,13.280192509704552,0.15149802245142863,13.380874334993337,13.018172655917489,0.0,0.15795155435880331,0.1,0.003167390823364258,0.06113433837890625,0.049647752,0.76018107,13.244795616182852,0.0,0.14809607372583142,0.0,300,0.0295865535736084,0.0007642922993871137,0.0006337029751639889,826351,13.636922563114744,0.0
2777,2.975846767425537,13.38679055710414,0.15345497890533075,13.554467744324333,13.163977293836796,0.0,0.15768355985073912,0.1,0.003370046615600586,0.05852055549621582,0.04988013,0.8299494,13.25899511027498,0.0,0.14949869868385485,0.0,300,0.030215740203857422,0.00048359035657997274,0.0004348861296264974,826651,13.46472408401518,0.0
2778,3.0584797859191895,13.421068731912158,0.06391465921567925,13.47469090730586,13.316210684885881,0.0,0.15999958007977813,0.1,0.003659963607788086,0.0588841438293457,0.049885858,0.8624831,13.2752024724387,0.0,0.149950361205882,0.0,300,0.029932260513305664,0.0005411536886582124,0.0004545788004708422,826951,13.512809173301543,0.0
2779,3.0261738300323486,13.32591800399514,0.09145729128548286,13.409007413604265,13.175882262665807,0.0,0.16879399941365905,0.1,0.006627082824707031,0.1118776798248291,0.049511854,0.75214,13.280274025594345,0.0,0.14864455466465276,0.0,300,0.029999256134033203,0.0006617318031911409,0.0004967567242992573,827251,13.500765594979995,0.0
2780,3.039146900177002,12.85308766890879,0.7672681217485449,13.490351669565909,11.553261671809004,0.0,0.14132688693869122,0.1,0.0030727386474609375,0.05902814865112305,0.04999681,0.42088968,13.23755538992579,0.0,0.14245440852667707,0.0,300,0.05157828330993652,0.002382525249114294,0.0018370435964458365,827551,13.551777748237049,0.0
2781,3.070761203765869,13.300499388570053,0.06802909950771216,13.36399604100887,13.188304642048807,0.0,0.1646886014118777,0.1,0.003092050552368164,0.05887794494628906,0.04934488,0.95644987,13.243849789790216,0.0,0.14833409017247687,0.0,300,0.02971506118774414,0.0008893361842108307,0.0007426095449798172,827851,13.487724083085617,0.0
2782,3.8067009449005127,13.429585322973853,0.04665463373513095,13.472861852348757,13.360798003521385,0.0,0.16528545692264168,0.1,0.004361629486083984,0.1122591495513916,0.050320946,1.5148733,13.262423343108582,0.0,0.15001965776821283,0.0,300,0.02983689308166504,0.0009110957275325596,0.0005027393835812415,828151,13.746404764173716,0.0
2783,2.9198200702667236,13.34073077698932,0.06690321553824827,13.442855283283357,13.272598378054452,0.0,0.15599787744856317,0.1,0.0037178993225097656,0.06110215187072754,0.04999062,0.8566566,13.270254086496655,0.0,0.1488761762923048,0.0,300,0.03133225440979004,0.0008941576562059279,0.0007863939264768854,828451,13.511599305668136,0.0
2784,2.994654655456543,13.243322990840735,0.247328619935255,13.655827481661094,13.02396653364039,0.0,0.15149521187085435,0.1,0.003670930862426758,0.06282615661621094,0.04997837,0.6642628,13.267560976931062,0.0,0.1476392923878471,0.0,300,0.030238866806030273,0.0006882009123949912,0.00046414109884082653,828751,13.705283563381633,0.0
2785,2.9832770824432373,13.270716368998295,0.17742922474386483,13.455222421517076,12.98362837787395,0.0,0.14982495122538247,0.1,0.0036416053771972656,0.060308218002319336,0.050221838,1.7003347,13.267876516137784,0.0,0.14796244346546927,0.0,300,0.03273439407348633,0.0013451934775794456,0.001015082662120043,829051,13.535497565541762,0.0
2786,3.039336919784546,13.405253257983755,0.1331257902999167,13.543726702956207,13.186362911916126,0.0,0.15234632632374778,0.1,0.004593372344970703,0.05967354774475098,0.050178662,0.70293546,13.281614190322383,0.0,0.14976432893656935,0.0,300,0.06281375885009766,0.0006803333250831134,0.0006258311851073229,829351,13.674511705172483,0.0
2787,3.0110647678375244,12.947009411210345,0.5737189737210903,13.536999801364393,12.270816240827926,0.0,0.16571831402310713,0.1,0.00442957878112793,0.05841231346130371,0.04977995,0.71552134,13.24815371241118,0.0,0.14369971538849335,0.0,300,0.029581069946289062,0.0018636689991653526,0.0016327147977945502,829651,13.447236442151706,0.0
2788,2.9757916927337646,13.267859785358063,0.21629483929247842,13.54161936520168,12.948401241472757,0.0,0.15305020382386883,0.1,0.0033562183380126953,0.058843374252319336,0.050122686,0.5388397,13.250124319705868,0.0,0.1479054559905122,0.0,300,0.030349016189575195,0.001052546770070985,0.0006759212947768924,829951,13.481316142309211,0.0
2789,2.9619312286376953,13.178861795544691,0.4158804627469033,13.557856827570731,12.475276931198286,0.0,0.15008540378626603,0.1,0.0030655860900878906,0.05798149108886719,0.050120298,1.193758,13.24299806728975,0.0,0.14672655871254983,0.0,300,0.02973484992980957,0.0014307236051305985,0.0011419574549281174,830251,13.437068089243475,0.0
2790,3.0164554119110107,13.320509581757793,0.1357887250612339,13.496267166219285,13.116243997349779,0.0,0.16538301627155183,0.1,0.003026247024536133,0.05804300308227539,0.04984243,0.79664904,13.250749218736555,0.0,0.14862257179429694,0.0,300,0.030436038970947266,0.0011251756076836109,0.0007666249783371298,830551,13.52906819322706,0.0
2791,3.0382509231567383,11.37804000129481,3.4745340789502315,13.46478166596819,5.360946282913233,0.0,0.14062005094390065,0.1,0.003058910369873047,0.060044288635253906,0.051193796,0.3674997,13.06347829699238,0.0,0.12305854216730694,0.0,300,0.029555559158325195,0.04190672705786794,0.026529825109276223,830851,13.46027354225569,0.0
2792,2.9412362575531006,13.386426293325279,0.06649516302670506,13.443949344775238,13.27336949560495,0.0,0.14808856761834627,0.1,0.0030117034912109375,0.09954094886779785,0.049813475,1.6473973,13.09577309662567,0.0,0.14947700755994195,0.0,300,0.04334211349487305,0.012676280260616606,0.005620053909900492,831151,13.535712785129467,0.0
2793,3.1109156608581543,13.003520757145758,0.6575087477175724,13.607492639315302,11.95755046250006,0.0,0.1515718913933538,0.1,0.0030167102813720703,0.05817747116088867,0.04985284,0.9091398,13.08654786267768,0.0,0.14436241349412465,0.0,300,0.0297853946685791,0.006115820740707139,0.005454302013299561,831451,13.620056270268295,0.0
2794,3.014101505279541,12.605988143165392,1.001811981839489,13.512369035778688,11.017015090600264,0.0,0.14163832072268523,0.1,0.0032529830932617188,0.05992627143859863,0.049403287,0.55471116,13.038491890726451,0.0,0.1391709965256327,0.0,300,0.03226137161254883,0.008888305646606271,0.006902665437338184,831751,13.688141706725721,0.0
2795,2.999958038330078,12.601180151218283,1.2483762852141471,13.45127505303515,10.446494143326337,0.0,0.13923638111506237,0.1,0.0030672550201416016,0.08616948127746582,0.049795765,1.2212167,12.994760716775634,0.0,0.13917548247733022,0.0,300,0.030515193939208984,0.009501659134227666,0.006995832079468132,832051,13.246959321641853,0.0
2796,3.0360422134399414,13.046032007828224,0.7266393278629487,13.614588435308042,11.797896177128047,0.0,0.1527193950472411,0.1,0.0031347274780273438,0.06815266609191895,0.05007437,1.6991824,12.999887845880892,0.0,0.14509485884025028,0.0,300,0.07790184020996094,0.004363291721528084,0.0028223681491261763,832351,13.647824760711536,0.0
2797,3.023955821990967,13.513145220588521,0.031089263074806563,13.566969142668782,13.493686331518974,0.0,0.15735324752230984,0.1,0.003076314926147461,0.059153079986572266,0.05027704,1.2105695,13.051213583351654,0.0,0.15114981301533303,0.0,300,0.030106782913208008,0.0017401162051168151,0.0007222618223418063,832651,13.74240316860216,0.0
2798,2.9971656799316406,13.07464563426551,0.1986650328003027,13.326445312226117,12.862394671536299,0.0,0.15218947278078362,0.1,0.012768983840942383,0.09701299667358398,0.049961317,0.52137494,13.05355678844304,0.0,0.14539184134713606,0.0,300,0.029898881912231445,0.0032996695411842544,0.0022158280310668544,832951,13.594531299961893,0.0
2799,2.930291175842285,13.429482640821911,0.08522479023615322,13.513327233053978,13.298737100762947,0.0,0.15814927379135613,0.1,0.003313779830932617,0.059310197830200195,0.049872525,1.2474545,13.091149373680926,0.0,0.1500733891058902,0.0,300,0.032608747482299805,0.0019282852645591021,0.001180190764312461,833251,13.420868116442362,0.0
2800,3.0217971801757812,13.11293532059933,0.26613283957680717,13.485821659661223,12.756069064791152,0.0,0.1458766646266388,0.1,0.0033702850341796875,0.12277078628540039,0.049848653,0.83061045,13.093327968372767,0.0,0.14585181191920474,0.0,300,0.029962539672851562,0.002963471055079852,0.0014619177709379275,833551,13.62372577087875,0.0
2801,2.970989227294922,13.261532784240611,0.1492502615235229,13.423399621249702,13.096342177355563,0.0,0.1521899686282142,0.1,0.0031309127807617188,0.059096574783325195,0.0500116,0.9509185,13.110148449959553,0.0,0.14785489238289265,0.0,300,0.029584646224975586,0.0012930365314136995,0.0007654309830398969,833851,13.636327182052243,0.0
2802,3.0069024562835693,13.146975741638599,0.29656047591197,13.415593229677851,12.66496865943109,0.0,0.15884358198360965,0.1,0.003201723098754883,0.062113285064697266,0.049659565,0.9768813,13.113831179127459,0.0,0.14627175974319329,0.0,300,0.030364274978637695,0.0015374076225987516,0.0012977684501286183,834151,13.462840566102953,0.0
2803,3.0435590744018555,13.376163587637814,0.10600984938773725,13.528047380725972,13.249029728398163,0.0,0.15418004876238123,0.1,0.0031354427337646484,0.0611567497253418,0.049531315,0.94189465,13.140064419978495,0.0,0.14931365600909283,0.0,300,0.03006887435913086,0.0007417026729765687,0.0005963363473347493,834451,13.549046693578932,0.0
2804,2.979635238647461,13.038823451260658,0.5667226730025647,13.438391387403572,12.065921524965427,0.0,0.1553040865145386,0.1,0.003143310546875,0.11627316474914551,0.05005701,0.97509694,13.129940323106712,0.0,0.14486074343530675,0.0,300,0.03329920768737793,0.0015649929023292247,0.0013536924036662062,834751,13.5093857954939,0.0
2805,2.974519968032837,13.347794989484226,0.1885110275859827,13.563146950594026,13.093202614732096,0.0,0.1688419361489084,0.1,0.0031502246856689453,0.05982804298400879,0.050079916,0.9251643,13.151725789744464,0.0,0.14904947694558768,0.0,300,0.030205965042114258,0.0015622487712532655,0.0010990390635725713,835051,13.741658756035996,0.0
2806,3.0235962867736816,13.053980982622665,0.5811647876873537,13.550612210248783,12.080856316891484,0.0,0.15122243298977137,0.1,0.0031714439392089844,0.05974292755126953,0.049806107,1.1099977,13.141951309032285,0.0,0.14509627667770927,0.0,300,0.030146360397338867,0.0016027823105030292,0.0012068231532511738,835351,13.523483720742865,0.0
2807,3.0420761108398438,12.813631399852213,1.0759759031657519,13.603486128354746,10.96404718151319,0.0,0.14435196258656927,0.1,0.011873245239257812,0.06769490242004395,0.04981534,0.46317255,13.109119318114278,0.0,0.14185641681536365,0.0,300,0.03228306770324707,0.003482094143467378,0.0031844601948297223,835651,13.703132839149864,0.0
2808,3.1084072589874268,13.38772289550862,0.17826596343127815,13.497584931934028,13.0791411852815,0.0,0.1640537872020163,0.1,0.003114938735961914,0.05940580368041992,0.05000718,0.76023954,13.136979675853713,0.0,0.14954553573207724,0.0,300,0.029866933822631836,0.0010315330490314,0.0008983462450464232,835951,13.50665854245907,0.0
2809,3.004220485687256,13.315531879523668,0.06567683438835703,13.422060630634459,13.250243677363544,0.0,0.1589532433838882,0.1,0.012624979019165039,0.07939600944519043,0.04990854,0.708925,13.15483489622071,0.0,0.1485579948929641,0.0,300,0.0308530330657959,0.0009245068091439999,0.0006298319745699964,836251,13.618640136756888,0.0
2810,3.1068835258483887,13.541056718079696,0.14697077019019855,13.735545786793026,13.328220650016105,0.0,0.1551943901396152,0.1,0.010801076889038086,0.06295251846313477,0.049957063,0.6056871,13.193457078406608,0.0,0.15151379396851258,0.0,300,0.031697750091552734,0.0010929566875124764,0.0007606194095369046,836551,13.64601081544973,0.0
2811,3.131535053253174,13.257202618268796,0.22641416189876812,13.494912317713242,12.896523310152185,0.0,0.17185912597076633,0.1,0.003071308135986328,0.05813479423522949,0.049832888,0.6159069,13.199831632392826,0.0,0.14775029622728916,0.0,300,0.03174185752868652,0.000944163477643659,0.0005896174999519678,836851,13.565075437729293,0.0
2812,2.9714841842651367,13.461274130964362,0.04886257747828383,13.529617609807138,13.392538805365264,0.0,0.15774954845082215,0.1,0.0037229061126708984,0.05962944030761719,0.049877588,1.0349656,13.22597588224998,0.0,0.15053162863419667,0.0,300,0.0298309326171875,0.0008242071804807581,0.0006603518710785641,837151,13.564010199301487,0.0
2813,2.948354959487915,13.357552425135665,0.23213470287021098,13.581345729252295,12.970681326926124,0.0,0.15456642511534224,0.1,0.003354310989379883,0.0855712890625,0.050523806,0.9900726,13.23913353653855,0.0,0.14915517347428323,0.0,300,0.043358564376831055,0.0007381238904341921,0.000626052001219265,837451,13.601297925947646,0.0
2814,2.974400520324707,12.867355632344069,0.7935641499414192,13.444952127664871,11.500303495465054,0.0,0.1625498652623155,0.1,0.0033223628997802734,0.0585482120513916,0.049935352,0.4950879,13.201955746119102,0.0,0.1427505069251497,0.0,300,0.029871225357055664,0.0032329109633097417,0.0026981752419435925,837751,13.645527798133033,0.0
2815,2.975738525390625,13.484565147810375,0.11692128014095926,13.60990582995919,13.31442750406581,0.0,0.16907394246299576,0.1,0.0032112598419189453,0.059790611267089844,0.049945842,0.67507386,13.23021668628823,0.0,0.15077639974239782,0.0,300,0.03049492835998535,0.0024208535791764353,0.0013922468023783207,838051,13.551648327561367,0.0
2816,2.937272310256958,13.238100373304864,0.2138495125756704,13.592879273546991,13.021836330442708,0.0,0.1546193826436477,0.1,0.0031921863555908203,0.05965471267700195,0.049760632,1.1094371,13.231005054989895,0.0,0.1475162578827601,0.0,300,0.0315704345703125,0.0014429907502622622,0.0007986141245679387,838351,13.672612969778868,0.0
2817,2.9905824661254883,13.436999252526896,0.14908201012547095,13.679313099526105,13.276958074975028,0.0,0.15297392268914406,0.1,0.003131866455078125,0.05929422378540039,0.049869005,0.713104,13.251604474743596,0.0,0.15021025384458403,0.0,300,0.03370094299316406,0.0010974396967063386,0.0007363464230709175,838651,13.597838530250565,0.0
2818,3.1179358959198,13.293977458265797,0.26575236538154295,13.619717069812626,12.87924708694755,0.0,0.15135293812408182,0.1,0.003201723098754883,0.07041358947753906,0.050176173,0.5046385,13.255841773095815,0.0,0.1482342833092428,0.0,300,0.031157970428466797,0.0008802247966472641,0.0006887268205611742,838951,13.586326853723866,0.0
2819,2.9929609298706055,13.395082713043472,0.16073565132489886,13.585171113184296,13.211493688186914,0.0,0.1554437822799754,0.1,0.0034003257751464844,0.06305360794067383,0.050343696,1.0290229,13.26976586709058,0.0,0.14959135642222027,0.0,300,0.03181290626525879,0.0006443696243905477,0.0006108077793231596,839251,13.566046213455943,0.0
2820,3.0023508071899414,13.37771244417754,0.05216956632601526,13.42982073605148,13.306703197879308,0.0,0.16059856189127383,0.1,0.01060342788696289,0.06363940238952637,0.049976464,0.90840405,13.280560524799276,0.0,0.1493845875991343,0.0,300,0.031058549880981445,0.0005929892168133028,0.0005220854584762648,839551,13.510947864296163,0.0
2821,3.069760799407959,13.40662227055759,0.12207828970809233,13.548771238141434,13.255959518197159,0.0,0.15388694930235583,0.1,0.0031723976135253906,0.08471155166625977,0.05011497,1.6012865,13.293166699375107,0.0,0.1497546685376719,0.0,300,0.0319056510925293,0.0003970784823620862,0.00030558700870008364,839851,13.552107501380531,0.0
2822,3.0517778396606445,13.402448412420918,0.19666767448035857,13.583355114139703,13.07329432478255,0.0,0.15940410727814314,0.1,0.0030431747436523438,0.05829572677612305,0.050271105,1.3949711,13.304094870679688,0.0,0.14976426569525408,0.0,300,0.029640913009643555,0.0008284032118854311,0.000615478923755462,840151,13.540915222555894,0.0
2823,3.055924415588379,13.029742889263872,0.2406849241739153,13.338461940490406,12.736016656558707,0.0,0.1600708331425698,0.1,0.01073145866394043,0.07385683059692383,0.050515812,0.63292176,13.276659672538107,0.0,0.14473123163542173,0.0,300,0.03257155418395996,0.0012535653291804786,0.0008596356748733171,840451,13.561356307015215,0.0
2824,3.0793118476867676,13.23188562113485,0.30638036091592835,13.430918181716446,12.701747675335836,0.0,0.14935285030694245,0.1,0.003066539764404297,0.05860567092895508,0.050864026,0.83133334,13.272182267397781,0.0,0.14742256724256458,0.0,300,0.031016111373901367,0.0005636214828449206,0.0006310669320931714,840751,13.524810619128507,0.0
2825,3.0565967559814453,11.556630617634003,3.295503132156341,13.564755754602658,5.850028390015217,0.0,0.14376164801883431,0.1,0.011748313903808594,0.0904998779296875,0.050472774,0.38532293,13.100627102421404,0.0,0.1254889174210166,0.0,300,0.03077244758605957,0.04313089355858376,0.028326651601543722,841051,13.590541686502524,0.0
2826,2.9662861824035645,13.410555232716618,0.14817184767328406,13.578633113648868,13.175345304271378,0.0,0.15063591924006461,0.1,0.003154277801513672,0.06252646446228027,0.050132193,1.2767363,13.131619915450925,0.0,0.14984619616323203,0.0,300,0.03042745590209961,0.013724946484469903,0.005548401595270373,841351,13.207980308477412,0.0
2827,2.988973617553711,13.342635149881636,0.05975005829737313,13.41365261392457,13.2757713545648,0.0,0.15846645879303156,0.1,0.0032508373260498047,0.06014585494995117,0.04955408,1.1895576,13.152721438893996,0.0,0.14890121110910423,0.0,300,0.030765533447265625,0.004832072805801218,0.001881667767390984,841651,13.423344291396253,0.0
2828,3.0635645389556885,12.785413453561135,1.1337376586956125,13.733611312842715,10.848107565058413,0.0,0.14043405166537065,0.1,0.003155231475830078,0.05961012840270996,0.04807003,0.46030354,13.11599064036071,0.0,0.14168658324615563,0.0,300,0.029690980911254883,0.008925838950503544,0.008114109614949717,841951,13.637042652678383,0.0
2829,3.0553014278411865,13.367085872572481,0.11139990499303173,13.498931834805633,13.233472234958176,0.0,0.14445026183962756,0.1,0.0031349658966064453,0.059354543685913086,0.0503044,0.9677441,13.14110016358189,0.0,0.14918983562612464,0.0,300,0.030077219009399414,0.006926729826542025,0.004575513255056331,842251,13.592084238580734,0.0
2830,3.035315990447998,13.450917089347998,0.047359462708885094,13.48909879703063,13.37104443335766,0.0,0.15965402580483914,0.1,0.006214141845703125,0.10488271713256836,0.05002829,1.0453273,13.1720818561585,0.0,0.15038433547966742,0.0,300,0.029588937759399414,0.005857035342454747,0.0018286044702180532,842551,13.555603268586983,0.0
2831,3.018085479736328,13.380430037372546,0.022175848978824263,13.418194627905644,13.361844647787715,0.0,0.15358705795589184,0.1,0.003071308135986328,0.05858564376831055,0.050275106,0.6637469,13.192916674279905,0.0,0.14940772303299799,0.0,300,0.029662132263183594,0.002694788762814059,0.0011020806358199276,842851,13.420574298399847,0.0
2832,3.017775535583496,13.219970616236893,0.17817699913293916,13.440931822876001,13.022679361924238,0.0,0.14400601068881635,0.1,0.0031135082244873047,0.0582118034362793,0.04830042,0.9668248,13.195622068475604,0.0,0.14728570997637286,0.0,300,0.029552936553955078,0.0011034664429356777,0.0007725335275595456,843151,13.504629274040584,0.0
2833,2.9844746589660645,12.905156044498263,0.34455414409059587,13.425215123388806,12.460823382027115,0.0,0.15005903717543934,0.1,0.011668920516967773,0.06703019142150879,0.049951233,2.0007343,13.16657546607787,0.0,0.14334637517724552,0.0,300,0.029871225357055664,0.0013712453399993229,0.0018512362664391334,843451,13.364343705185036,0.0
2834,3.0581789016723633,13.29245513020767,0.20467908465065096,13.43974644945068,12.94238723574578,0.0,0.15925076930854007,0.1,0.009228944778442383,0.08600258827209473,0.04991561,2.0793293,13.179163432490851,0.0,0.14825689542863446,0.0,300,0.030703067779541016,0.002116738551402501,0.0012580951739883815,843751,13.52426790710595,0.0
2835,2.971544027328491,13.011829737689471,0.6865915181325492,13.603880877875026,11.887856735559224,0.0,0.1420706063018315,0.1,0.0050106048583984375,0.0578765869140625,0.049344875,1.6031618,13.162430063010714,0.0,0.14447485907251423,0.0,300,0.03289914131164551,0.003085984984068264,0.002575206813598886,844051,13.520356364000603,0.0
2836,2.9874701499938965,13.364801271029362,0.08254077490321444,13.491930058172949,13.279073728479297,0.0,0.16138177790362304,0.1,0.0030891895294189453,0.0851435661315918,0.04959643,0.7612217,13.182667183812578,0.0,0.1492365829731292,0.0,300,0.05561351776123047,0.001511548828739311,0.0009208056544243772,844351,13.489756627123748,0.0
2837,3.0207061767578125,13.420520006951707,0.06570394599453272,13.493464895518962,13.354387060501551,0.0,0.15260079473126076,0.1,0.0031745433807373047,0.10393595695495605,0.049381793,1.2781179,13.20645246612649,0.0,0.1499368001793026,0.0,300,0.03040456771850586,0.0006015623202843598,0.00045779512547572827,844651,13.389428162955689,0.0
2838,3.0405001640319824,13.33813712863932,0.15727618470392088,13.533115519291735,13.119911412044996,0.0,0.15823660789971875,0.1,0.00318145751953125,0.05964946746826172,0.05018157,0.9295951,13.219620932377774,0.0,0.1488814512584798,0.0,300,0.02987360954284668,0.0008128418095067862,0.0006093713130456697,844951,13.443947022613086,0.0
2839,3.0670907497406006,13.35618269328929,0.14309473351955207,13.592209158590892,13.214577202605359,0.0,0.14771567264620913,0.1,0.0033600330352783203,0.06435704231262207,0.0502671,0.7161174,13.233277108468926,0.0,0.14907451237341018,0.0,300,0.08708763122558594,0.0008925868834115176,0.0006462325744093835,845251,13.325783763663736,0.0
2840,3.0568981170654297,13.26098888438834,0.14614259772561286,13.403348298618203,13.019869072698102,0.0,0.16424608735799873,0.1,0.0031800270080566406,0.05968523025512695,0.04980795,1.1047429,13.236048286060868,0.0,0.14782436648571295,0.0,300,0.030892133712768555,0.0009479911634453293,0.0006686653586966982,845551,13.382040865061269,0.0
2841,3.001596212387085,13.405816660044618,0.03370258962822355,13.464164795241185,13.384885725146589,0.0,0.16182500966740904,0.1,0.0033016204833984375,0.07692384719848633,0.050074417,0.80300885,13.253025123459244,0.0,0.14982194622859715,0.0,300,0.06187033653259277,0.0005147851951455472,0.0004506422051798611,845851,13.412425498927403,0.0
2842,2.985110282897949,13.519843334933174,0.07232207819022117,13.634187051241808,13.443885217610541,0.0,0.15309714293038926,0.1,0.0033147335052490234,0.06135082244873047,0.04999215,0.9044045,13.279706944606637,0.0,0.15124152455238365,0.0,300,0.02859783172607422,0.0008290294757135284,0.0006385382290966191,846151,13.466345891628611,0.0
2843,3.0228610038757324,13.410041012165603,0.060823771463357386,13.497965249852687,13.330666174031192,0.0,0.14676528209233128,0.1,0.0032432079315185547,0.059195756912231445,0.049861703,0.87311596,13.292740351362534,0.0,0.14983226372485386,0.0,300,0.030028820037841797,0.0010610310209135023,0.0005694820286042847,846451,13.467546202198521,0.0
2844,3.0159616470336914,13.368216790436524,0.0688889684306052,13.421262955785412,13.249802616924331,0.0,0.15176205483673572,0.1,0.003209829330444336,0.059185028076171875,0.049892336,1.6394315,13.300287995269933,0.0,0.149248161225087,0.0,300,0.03814864158630371,0.0010091648296720072,0.0007530910492340239,846751,13.441687653473329,0.0
2845,2.9738848209381104,13.268625728961355,0.3748812265653761,13.515717415913507,12.620426825402072,0.0,0.14541432571310609,0.1,0.0030922889709472656,0.06002616882324219,0.050234977,1.0773898,13.297121768639077,0.0,0.14794423628643516,0.0,300,0.02965688705444336,0.0008130117810976558,0.0007445741003503497,847051,13.546528203603229,0.0
2846,2.993062734603882,13.34519198520707,0.13497533317632282,13.452710869183749,13.117193882057387,0.0,0.15786306843691345,0.1,0.003071308135986328,0.0583951473236084,0.0495549,1.3923701,13.301928790295877,0.0,0.14895126816599838,0.0,300,0.06454586982727051,0.0009030987129845194,0.000696164509149678,847351,13.434017526793617,0.0
2847,3.046609878540039,13.363633952439763,0.22122068259709857,13.62096297663514,13.016271839958257,0.0,0.16091175313920716,0.1,0.0030531883239746094,0.06304049491882324,0.049965393,0.8097289,13.308099306510266,0.0,0.14923056601442858,0.0,300,0.030121564865112305,0.0007570180476101629,0.0006984134157935411,847651,13.353286975469812,0.0
2848,3.039677381515503,13.414296294147197,0.09154415814945148,13.514164805441071,13.266162092775037,0.0,0.15879013692128352,0.1,0.0031452178955078125,0.06179380416870117,0.050104607,0.72231394,13.318719005273959,0.0,0.14986266558076441,0.0,300,0.029579639434814453,0.0010319282983130649,0.0008460591884562211,847951,13.516481767856085,0.0
2849,3.029003620147705,13.295819994410504,0.20862325638311124,13.5125916381762,13.058977436208382,0.0,0.15725139085087972,0.1,0.003172636032104492,0.059580087661743164,0.04985405,0.6416555,13.316429104187613,0.0,0.14835006305153606,0.0,300,0.03225207328796387,0.0006425282152973418,0.000553655790112092,848251,13.316116428825447,0.0
2850,3.0026509761810303,13.355642850316045,0.0669539958444432,13.463327691291399,13.297724304343877,0.0,0.15117031878979015,0.1,0.003176450729370117,0.05919790267944336,0.049882945,1.4730397,13.320350478800457,0.0,0.14907566719052817,0.0,300,0.07089471817016602,0.0006319260682031799,0.0004511411141514777,848551,13.439266294911418,0.0
2851,3.0289478302001953,13.360385005385574,0.05515334343420243,13.421261647017927,13.277384762169342,0.0,0.1563258760957311,0.1,0.005735158920288086,0.06197500228881836,0.050192215,1.630977,13.324353931458969,0.0,0.14913577113582943,0.0,300,0.028871536254882812,0.0005180595712955807,0.00042583094220770686,848851,13.479238524349704,0.0
2852,3.003615379333496,13.17965789446121,0.03332205086220215,13.210460043239774,13.12416875966992,0.0,0.158188656752582,0.1,0.00357818603515625,0.06488680839538574,0.04966998,0.73340005,13.309884327759193,0.0,0.14677605622682294,0.0,300,0.03189373016357422,0.0007244819043730261,0.0005904314842604279,849151,13.39762354124431,0.0
2853,2.9975368976593018,13.284668229914862,0.1955702546303629,13.53220449182515,12.987207869352567,0.0,0.15312346619086314,0.1,0.004194736480712891,0.060851097106933594,0.050098438,0.5723932,13.307362717974758,0.0,0.1481492335432193,0.0,300,0.029724597930908203,0.0013940687637959605,0.0009376503385075193,849451,13.459574089268978,0.0
2854,3.021526336669922,13.419365930305588,0.06385844841316154,13.493831302941556,13.330774418339788,0.0,0.15715327572926327,0.1,0.013270139694213867,0.10229229927062988,0.049904354,1.009863,13.318563039207842,0.0,0.1499084834752394,0.0,300,0.02962779998779297,0.0011641802718224095,0.0006071450369614302,849751,13.526902600164705,0.0
2855,2.977573871612549,12.940239455493796,0.5490079048811535,13.450384426357347,12.090806452701573,0.0,0.14911205624393847,0.1,0.003142118453979492,0.06138324737548828,0.05012841,0.594096,13.280730680836438,0.0,0.14352635167419253,0.0,300,0.029572486877441406,0.0012597044685416147,0.0012458989444979324,850051,13.430023664642418,0.0
2856,3.10909366607666,13.402873316209309,0.19065500851239003,13.613109796785059,13.097310045059407,0.0,0.1450029046824155,0.1,0.006640911102294922,0.06052446365356445,0.049907558,1.8977307,13.292944944373726,0.0,0.14971404964684962,0.0,300,0.03016376495361328,0.0012433898977566573,0.0009867322334456811,850351,13.370622123980501,0.0
2857,3.0440893173217773,13.318515152066151,0.1252672516056873,13.495687990563404,13.147269668165768,0.0,0.15671294114587722,0.1,0.003560781478881836,0.0991668701171875,0.049975935,0.7884903,13.29550196514297,0.0,0.14861373005288547,0.0,300,0.03336381912231445,0.0014232273628444411,0.0009327995773987158,850651,13.382586786178132,0.0
2858,3.0761611461639404,13.376523815611522,0.12612494950443795,13.531965036898836,13.190415926290164,0.0,0.15478596469920744,0.1,0.0032570362091064453,0.05908918380737305,0.05056919,3.2713103,13.303604150189825,0.0,0.14934793257687784,0.0,300,0.0410916805267334,0.0007246070888560109,0.000397784179872204,850951,13.328729595775064,0.0
2859,3.0732831954956055,13.29578952070418,0.14042949608612199,13.443478882398137,13.071485478487643,0.0,0.1565843141432534,0.1,0.0031118392944335938,0.05943584442138672,0.05001067,1.0772909,13.302822687241262,0.0,0.14829184657831945,0.0,300,0.030225515365600586,0.0005107135959219938,0.00039980486147572444,851251,13.431820367593167,0.0
2860,3.0499346256256104,13.072567763861084,0.6114443177712473,13.570830856002459,12.025776228991406,0.0,0.15079382550857515,0.1,0.0032529830932617188,0.06154584884643555,0.049634483,0.9668876,13.279797194903244,0.0,0.1453116213308313,0.0,300,0.03231930732727051,0.0012087476421236399,0.001119938940113079,851551,13.424018138480633,0.0
2861,3.0335960388183594,13.513283756146684,0.12666116678067413,13.651143317579765,13.34001181517101,0.0,0.16486955796539426,0.1,0.003334522247314453,0.06067776679992676,0.05015596,0.8503493,13.303145851027589,0.0,0.15126395263278677,0.0,300,0.03053760528564453,0.0011144557956297254,0.0008869161427552927,851851,13.429527675620614,0.0
2862,3.063703775405884,13.320528240430399,0.09941574356725659,13.41436741761541,13.153943336378752,0.0,0.17165492398855725,0.1,0.003057241439819336,0.059496164321899414,0.049810972,0.76912594,13.30488408996787,0.0,0.14859379540202355,0.0,300,0.03477311134338379,0.0009184045068196664,0.0006655130430889118,852151,13.447671583864823,0.0
2863,3.086884021759033,13.40530260500754,0.06142306642531721,13.503827885628487,13.349923921396078,0.0,0.16875357343669556,0.1,0.012233257293701172,0.06132936477661133,0.04986271,1.4251956,13.314925941471838,0.0,0.14974435844340547,0.0,300,0.02953481674194336,0.0011062809250592543,0.0008296714039902673,852451,13.322987952109486,0.0
2864,3.004070281982422,13.434228801309594,0.1176873281355095,13.626887008569886,13.31151828144652,0.0,0.16313547617278798,0.1,0.003221750259399414,0.12190008163452148,0.049947195,1.0631088,13.326856227455615,0.0,0.1500996076912695,0.0,300,0.03180670738220215,0.0005438616228852159,0.0004460333567470519,852751,13.429732738507504,0.0
2865,2.9687886238098145,13.515525260606186,0.06688240312546606,13.576373609055365,13.406393580923256,0.0,0.17203486235361487,0.1,0.0031495094299316406,0.0586857795715332,0.050055888,0.695366,13.345723130770672,0.0,0.151199932240119,0.0,300,0.030156850814819336,0.0004014236839941681,0.00037398981269143663,853051,13.54857669509952,0.0
2866,3.038315773010254,13.243408824160943,0.21863211730980628,13.598711084677635,13.008093276533609,0.0,0.15048674628872583,0.1,0.0030655860900878906,0.06134033203125,0.049666718,1.2498406,13.3354917001097,0.0,0.1475954954628652,0.0,300,0.030636310577392578,0.0009448990247945576,0.0007821715530000569,853351,13.50401307079135,0.0
2867,3.0358834266662598,12.956737419535504,0.9462954492584079,13.559839694884275,11.31886647061327,0.0,0.14815434104810202,0.1,0.003039836883544922,0.08292222023010254,0.05002057,0.41633102,13.297616272052279,0.0,0.14375348503910107,0.0,300,0.05758404731750488,0.0014861288685844366,0.0013169985813347505,853651,13.276047833993275,0.0
2868,3.0460989475250244,13.284364415935753,0.1441315635447961,13.399296581927631,13.037160249356866,0.0,0.16545023586257104,0.1,0.003137350082397461,0.05842876434326172,0.049605113,1.1015091,13.296291086440627,0.0,0.14817174141783943,0.0,300,0.05878138542175293,0.0007052168218492379,0.0006162200604859577,853951,13.409721158613607,0.0
2869,3.0635910034179688,13.4347955959946,0.09278574991647043,13.558405598533664,13.310167357576965,0.0,0.15093927373343835,0.1,0.0031311511993408203,0.05814170837402344,0.050492782,0.7695464,13.310141537396024,0.0,0.15012195551099689,0.0,300,0.029615402221679688,0.0006660358595254445,0.0005801657275621862,854251,13.435815058517477,0.0
2870,3.0158424377441406,13.263750132849015,0.2485549130310704,13.447853196994703,12.836991666301433,0.0,0.15518364355784509,0.1,0.0038552284240722656,0.06157946586608887,0.050140604,0.59917367,13.305502396941325,0.0,0.1479293922818647,0.0,300,0.0307157039642334,0.00070413592387707,0.0005754059356085252,854551,13.449553505011188,0.0
2871,2.9216978549957275,13.427684943064952,0.08593978163333427,13.544069669044676,13.307134653604994,0.0,0.17495201075739786,0.1,0.003323078155517578,0.05904650688171387,0.049804866,0.65985334,13.317720651553689,0.0,0.1500141249472925,0.0,300,0.03214287757873535,0.0006816113747409051,0.0005499177449359642,854851,13.499236852114066,0.0
2872,2.983264923095703,13.029445761942313,0.5696720446789024,13.46099787045774,12.05856672250352,0.0,0.1513852780974145,0.1,0.003371000289916992,0.08423876762390137,0.04973191,0.9395164,13.288893162592553,0.0,0.1448636831681206,0.0,300,0.03058028221130371,0.0023684203354730478,0.0017073962174729079,855151,13.430283242975738,0.0
2873,2.99450945854187,13.446351096416192,0.03045175868659586,13.495112554689282,13.412157782027899,0.0,0.1649438827470611,0.1,0.0031270980834960938,0.05990719795227051,0.049589287,1.0161545,13.304638955974916,0.0,0.15030303342920628,0.0,300,0.030172348022460938,0.0012095177738445193,0.0006099024512011701,855451,13.480781758609107,0.0
2874,2.9767284393310547,13.371517964406047,0.12055782016988484,13.49807143386463,13.189601416407761,0.0,0.15595635902889196,0.1,0.0033147335052490234,0.09157538414001465,0.04982094,1.4195986,13.31132685681803,0.0,0.14933477202035392,0.0,300,0.04712200164794922,0.0010011323813254806,0.00048006145206623687,855751,13.382390432416448,0.0
2875,3.047781229019165,13.408576342782949,0.09891882174274742,13.575291526186978,13.316158796715307,0.0,0.1606672465330511,0.1,0.0032541751861572266,0.06297445297241211,0.04956348,0.74607015,13.321051805414521,0.0,0.14973281978152467,0.0,300,0.030591964721679688,0.000940006021075829,0.00045681292587410147,856051,13.45498925399581,0.0
2876,3.019838571548462,12.910646340340776,0.6040421174532976,13.481362859011575,11.936229699151111,0.0,0.14778250461158196,0.1,0.0032978057861328125,0.06315445899963379,0.049559277,3.1774201,13.280011258907146,0.0,0.1431320377395558,0.0,300,0.03020954132080078,0.0017921113981448824,0.0009545997914913471,856351,13.359576968936274,0.0
2877,3.0052859783172607,13.35768477148532,0.24140313337078398,13.65880727192774,12.984829923839243,0.0,0.15605840949086505,0.1,0.0031502246856689453,0.06051778793334961,0.050448023,0.7556393,13.287778610164963,0.0,0.14915785175571716,0.0,300,0.03835248947143555,0.0018194284774596114,0.0008319232983980177,856651,13.419231686174944,0.0
2878,2.9606266021728516,13.304316639141554,0.18821887228659195,13.48807578723849,13.01276004800259,0.0,0.15546989235575645,0.1,0.0032341480255126953,0.05981135368347168,0.049494676,1.0177803,13.289432413062624,0.0,0.14843554585431235,0.0,300,0.029339313507080078,0.001338416238768059,0.0007199258903300802,856951,13.380175450833619,0.0
2879,2.9377756118774414,13.449152482122905,0.1296906724979314,13.629560919584108,13.318891206649264,0.0,0.16539681177972002,0.1,0.0031211376190185547,0.058493614196777344,0.05027728,0.832992,13.305404419968651,0.0,0.15025751641066581,0.0,300,0.030199527740478516,0.000990295222547391,0.000556713066815103,857251,13.533208270539482,0.0
2880,2.958357334136963,13.396692970256034,0.042411216192539035,13.457282655414968,13.341753603410579,0.0,0.16388728502536024,0.1,0.0031642913818359375,0.09120512008666992,0.049354617,0.7725338,13.31453327499739,0.0,0.14961033781377317,0.0,300,0.04454755783081055,0.0005602269572679651,0.0005131655552653864,857551,13.486982263279343,0.0
2881,2.9995276927948,13.415912923770124,0.09829310933574702,13.5464059745235,13.304540666223415,0.0,0.1506860386142273,0.1,0.003217458724975586,0.06002473831176758,0.04987228,8.057268,13.324671239874663,0.0,0.14987181891718626,0.0,300,0.029936790466308594,0.000636165468499067,0.0006325858431180004,857851,13.420589436787926,0.0
2882,3.024792194366455,13.337219586938067,0.13019369206025788,13.505980304435441,13.165979703651471,0.0,0.1610529650640675,0.1,0.003187417984008789,0.05936384201049805,0.050230667,1.1099215,13.325926074581002,0.0,0.14887327296590713,0.0,300,0.03139662742614746,0.0006237851475971226,0.0006124388506348524,858151,13.38378250199173,0.0
2883,3.03155779838562,13.31475771357752,0.06969389659380215,13.404302561951015,13.232811213214811,0.0,0.16563904259292825,0.1,0.002949953079223633,0.05853104591369629,0.050306078,0.7559907,13.324809238480654,0.0,0.14853093039792267,0.0,300,0.02970266342163086,0.00044973309156574724,0.0003782652114286155,858451,13.404588015938197,0.0
2884,3.0258288383483887,13.287865788103222,0.20537418566101262,13.444114886428887,12.935975651088137,0.0,0.1566048219015073,0.1,0.0031104087829589844,0.058475494384765625,0.050414387,0.98564756,13.32111489344291,0.0,0.14815069611466555,0.0,300,0.029982328414916992,0.0005593840406392492,0.0005313806391979984,858751,13.59336132327491,0.0
2885,2.9742603302001953,13.448288460122662,0.23822065919366794,13.72426358564139,13.077493559495402,0.0,0.16829115040755474,0.1,0.003014087677001953,0.12746834754943848,0.05002174,0.84001356,13.333832250110886,0.0,0.15027666898550515,0.0,300,0.029481887817382812,0.0009062714664467356,0.0007334039599450989,859051,13.615049723167052,0.0
2886,2.9643545150756836,13.233291731021975,0.07919692657280689,13.33214485788045,13.122985639646007,0.0,0.16062648265449583,0.1,0.003045320510864258,0.06980252265930176,0.04972669,0.86361635,13.323778198201996,0.0,0.14744620493879693,0.0,300,0.07768678665161133,0.0008919883441106969,0.0007443081576523099,859351,13.343385192763114,0.0
2887,2.8939783573150635,13.273101875288255,0.1702515603854488,13.51058490729271,13.029556631573662,0.0,0.16177030105973036,0.1,0.0036668777465820312,0.05929136276245117,0.049855504,0.8133841,13.318710565910623,0.0,0.14804924382303233,0.0,300,0.03526759147644043,0.0007318392393209894,0.0005897882240893105,859651,13.389915791493992,0.0
2888,2.9241135120391846,13.348824507934218,0.2534939407591218,13.672761175779554,12.96141811559839,0.0,0.148402111251474,0.1,0.006955862045288086,0.08400392532348633,0.05011735,1.7250648,13.321721960112983,0.0,0.14898488780636837,0.0,300,0.03448748588562012,0.00066037078917295,0.0005629180468308203,859951,13.547967239881473,0.0
2889,2.976783514022827,13.322534149204422,0.13331733965526804,13.470311001169891,13.110992221712069,0.0,0.16182411045269018,0.1,0.003693103790283203,0.06366133689880371,0.05015582,0.84132683,13.321803179022128,0.0,0.14868245202580782,0.0,300,0.031682491302490234,0.0008281331239891318,0.0006558813353631077,860251,13.373653565289912,0.0
2890,2.9928348064422607,13.479934425499415,0.12799428106666252,13.581362744907182,13.264374445793507,0.0,0.16132549532085932,0.1,0.0035691261291503906,0.06298518180847168,0.049796917,1.0377876,13.337616303669858,0.0,0.150733639286523,0.0,300,0.03029632568359375,0.0007003134506813394,0.000587815582575375,860551,13.523716090237846,0.0
2891,3.0042288303375244,13.382185258954843,0.03705518767673949,13.408815501119042,13.318288442986896,0.0,0.15669692225931509,0.1,0.0033597946166992188,0.06277608871459961,0.050092727,1.1657562,13.342073199198357,0.0,0.14940515240518737,0.0,300,0.07394242286682129,0.0005562026457155068,0.0004825929020780354,860851,13.277951908388578,0.0
2892,3.0563173294067383,12.212990626816154,2.028274681350306,13.525739560675191,8.705418233840167,0.0,0.14469287903427341,0.1,0.0033044815063476562,0.06871604919433594,0.049335286,0.38898313,13.229164941960136,0.0,0.13390172138187412,0.0,300,0.05018281936645508,0.014584920351797153,0.009237269337085572,861151,13.492435544202406,0.0
2893,3.0618698596954346,13.545080403185302,0.06419672453071411,13.632000570773606,13.455400612407306,0.0,0.1538864888132225,0.1,0.0031435489654541016,0.0619051456451416,0.04935276,1.9538883,13.260756488082652,0.0,0.15162518274496437,0.0,300,0.0314488410949707,0.005928035332362238,0.0031252645304807054,861451,13.310460287228963,0.0
2894,3.019920825958252,12.356892896728326,1.6716798917636835,13.4970812995428,9.470680021202545,0.0,0.16103309416028289,0.1,0.003333568572998047,0.06383323669433594,0.049646266,0.7502067,13.17037012894722,0.0,0.13599276744479588,0.0,300,0.02919316291809082,0.022262760973082968,0.01337429536066483,861751,13.465919599660827,0.0
2895,3.012767791748047,13.283493681911992,0.1971537452711277,13.407400052943263,12.942201703067234,0.0,0.15046099596857737,0.1,0.003240346908569336,0.05983257293701172,0.050522894,2.114791,13.181682484243698,0.0,0.14821931120334192,0.0,300,0.03032517433166504,0.011023924842520544,0.0018192414531162165,862051,13.338234705808786,0.0
2896,3.0472683906555176,13.39833670584077,0.11508742954495901,13.557524986701182,13.27620464056371,0.0,0.16531740275957846,0.1,0.003271341323852539,0.08527946472167969,0.049985923,1.0390784,13.203347906403406,0.0,0.1496423786596773,0.0,300,0.02955341339111328,0.0022173178002963157,0.0010841102622813489,862351,13.43620751325382,0.0
2897,3.057307243347168,13.370545682604302,0.08329109443635554,13.460755380178748,13.236743648119177,0.0,0.14502574904284557,0.1,0.00845479965209961,0.0915985107421875,0.05006792,1.3403282,13.220067684023498,0.0,0.14928993585236822,0.0,300,0.03029942512512207,0.0008111314070190915,0.001829337690101431,862651,13.56193215796231,0.0
2898,3.103496551513672,13.380840657431884,0.2039215240880391,13.655928189801417,13.128097008413192,0.0,0.15122912009902967,0.1,0.0033206939697265625,0.059714555740356445,0.050310753,0.9605596,13.236144981364337,0.0,0.14945785324084498,0.0,300,0.03215217590332031,0.003312370358278923,0.002456554089564124,862951,13.447013502113093,0.0
2899,3.013035774230957,13.410270940576194,0.11668558476631807,13.56349296645325,13.236028472497015,0.0,0.16761993293727934,0.1,0.0033202171325683594,0.06047487258911133,0.049754817,1.0525403,13.253557577285523,0.0,0.14982226512101998,0.0,300,0.030156850814819336,0.003270866225621291,0.0014885612898391726,863251,13.573568520089973,0.0
2900,3.0658931732177734,13.401226658225792,0.08457049909118668,13.466014845798549,13.256630978441958,0.0,0.1493694220130417,0.1,0.0031480789184570312,0.05910015106201172,0.049927734,1.7419555,13.268324485379551,0.0,0.14968432521998737,0.0,300,0.029453754425048828,0.0015065018480863639,0.0006101427160000034,863551,13.425015009628398,0.0
2901,3.0426597595214844,13.208647280264225,0.32883466430098524,13.458347273861019,12.650622330257274,0.0,0.14384966057950607,0.1,0.0031435489654541016,0.06138730049133301,0.04928417,0.7186319,13.26235676486802,0.0,0.14714162266274855,0.0,300,0.029758691787719727,0.0008254942865737326,0.0008474658553316127,863851,13.452116412651636,0.0
2902,3.065422773361206,13.375791336611979,0.08409017753584942,13.512931053342687,13.285537968503204,0.0,0.15626586029140266,0.1,0.0030672550201416016,0.0593717098236084,0.050106373,0.68191534,13.273700222042416,0.0,0.1493466784756111,0.0,300,0.02982354164123535,0.000964603116145066,0.0008295872421065408,864151,13.46796913513064,0.0
2903,3.096297025680542,13.350812790163001,0.23244253383820995,13.681949483755535,13.030792013921621,0.0,0.15754673995152596,0.1,0.0030889511108398438,0.06110787391662598,0.049778625,1.1259084,13.281411478854475,0.0,0.14904109203877658,0.0,300,0.029348134994506836,0.0009969688733589453,0.0009426904051010154,864451,13.460945464212726,0.0
2904,2.932554244995117,13.492845247853284,0.08610286649977676,13.556705488670751,13.344947318134095,0.0,0.15978066667363816,0.1,0.0038678646087646484,0.06359100341796875,0.049795877,0.8865107,13.302554855754357,0.0,0.1508562979592256,0.0,300,0.030063867568969727,0.0007747728298041405,0.000404622387076636,864751,13.512961481848981,0.0
2905,3.0070531368255615,13.524097730526792,0.04311735502193236,13.594472051102622,13.480848723482133,0.0,0.15240641835195376,0.1,0.003421783447265625,0.06125044822692871,0.04991071,1.3033041,13.324709143231601,0.0,0.15128550157258755,0.0,300,0.06701779365539551,0.0004783641251989732,0.00034932734918456193,865051,13.459219668445234,0.0
2906,2.987164258956909,13.458025837291876,0.1321247021562263,13.649793501278618,13.278873265425423,0.0,0.17323572174622456,0.1,0.003435850143432617,0.06083965301513672,0.050065614,0.8858612,13.33804081263763,0.0,0.15041462515837206,0.0,300,0.030210494995117188,0.0009126274351891249,0.0008006465729002349,865351,13.638547268643604,0.0
2907,3.033491373062134,13.480950349576432,0.07488028548610402,13.596882793954391,13.387788135660019,0.0,0.15991904585622516,0.1,0.003285646438598633,0.06126570701599121,0.049749922,0.66340494,13.35233176633151,0.0,0.1507619510429214,0.0,300,0.029932498931884766,0.00048678972253258677,0.0004248756790673744,865651,13.52490718947479,0.0
2908,3.1415445804595947,13.424964551826701,0.07279455843085426,13.54098048937011,13.342788234517602,0.0,0.15202988556945568,0.1,0.0038394927978515625,0.05837368965148926,0.04963611,0.93517876,13.35959504488103,0.0,0.1500114641258499,0.0,300,0.03191542625427246,0.0007204232165819694,0.0006357559507923583,865951,13.616281397120728,0.0
2909,3.011239767074585,13.532602922682848,0.13838456358171217,13.687307429754878,13.368442281369697,0.0,0.16777379366999154,0.1,0.0034570693969726562,0.06025958061218262,0.049913015,0.7254153,13.376895832661212,0.0,0.15147906053315421,0.0,300,0.030333757400512695,0.0006659106061408362,0.0004292877387571343,866251,13.421405584629674,0.0
2910,2.9754528999328613,13.46781705195321,0.0611651552796665,13.55693566939734,13.384355670001396,0.0,0.16790361788288627,0.1,0.00304412841796875,0.059792518615722656,0.049833674,0.7552719,13.385987954590412,0.0,0.15054654555004668,0.0,300,0.05854487419128418,0.0010951382018523437,0.0007753218240841739,866551,13.4548877311502,0.0
2911,3.015765428543091,13.381505744247127,0.1141139023855457,13.535440062835441,13.217123849293186,0.0,0.17535053151016344,0.1,0.003208637237548828,0.05948615074157715,0.04993037,0.6489123,13.385539733556085,0.0,0.14942743529014327,0.0,300,0.030126333236694336,0.0012758111740337863,0.0007743262456132895,866851,13.435256749811023,0.0
2912,2.9932875633239746,13.513058185341928,0.0729664825665721,13.597286059153527,13.402514351198178,0.0,0.1668581249848835,0.1,0.003128528594970703,0.0712730884552002,0.049959242,0.9252161,13.39829157873467,0.0,0.15117385654271331,0.0,300,0.06226992607116699,0.0006138307555290301,0.0006464677260603757,867151,13.448096195482217,0.0
2913,2.9857065677642822,13.495982767963255,0.1260978824894829,13.68475345895718,13.364671895941832,0.0,0.15698402371601783,0.1,0.003082752227783203,0.057856082916259766,0.049641896,1.1568842,13.408060697657529,0.0,0.1509345063346358,0.0,300,0.029779911041259766,0.0005641657896851749,0.0004703489798702009,867451,13.55989340485845,0.0
2914,2.9202659130096436,13.158934581400139,0.18277536467243077,13.325137964144002,12.880281186226544,0.0,0.15770641031033503,0.1,0.0031380653381347656,0.06796145439147949,0.050289113,0.9009224,13.38314808603179,0.0,0.14645283780627832,0.0,300,0.06542396545410156,0.0010316575306806386,0.0008880375154778449,867751,13.555652869078367,0.0
2915,3.0215566158294678,13.4171651348062,0.12388721393112485,13.611989134611909,13.267435363669005,0.0,0.16512977841419615,0.1,0.008757352828979492,0.1152048110961914,0.049919285,0.70816445,13.38654979090923,0.0,0.14988375333973158,0.0,300,0.02971339225769043,0.00046866516029408535,0.0004301559047563992,868051,13.519079837554441,0.0
2916,2.998716354370117,13.41891575978272,0.07568977774595434,13.531486877130238,13.329822744981648,0.0,0.16897034119572177,0.1,0.0032143592834472656,0.11133408546447754,0.04953659,0.7341342,13.38978638779658,0.0,0.1499158881121672,0.0,300,0.03354620933532715,0.0006036708461124526,0.0005261798114638109,868351,13.378911160336543,0.0
2917,3.0119643211364746,13.408065297742132,0.07043028779902967,13.465186126533858,13.287416610084923,0.0,0.16034713229555395,0.1,0.0032417774200439453,0.06908750534057617,0.05026578,0.6881966,13.391614278791135,0.0,0.14971778601291338,0.0,300,0.061920881271362305,0.0005472602847296539,0.000506055007491527,868651,13.454280648004376,0.0
2918,3.1051931381225586,13.09502685326386,0.4340508177562187,13.592817442656798,12.448781605588952,0.0,0.14876426624269484,0.1,0.008362293243408203,0.11305379867553711,0.05040062,1.0037776,13.361955536238408,0.0,0.14564760627062043,0.0,300,0.030361652374267578,0.0008768895139803672,0.0006766632116825267,868951,13.501612015191364,0.0
2919,3.0612680912017822,13.110137315165485,0.37607939744465074,13.374186387654117,12.464228450009632,0.0,0.15488785949678824,0.1,0.002866029739379883,0.05677080154418945,0.050030585,1.1509458,13.336773714131116,0.0,0.14576172686201333,0.0,300,0.029474496841430664,0.0017605453349005481,0.0011613718570939759,869251,13.617918825705864,0.0
2920,2.9958508014678955,12.983321780770464,0.6999087130062748,13.46327056906519,11.778178445050882,0.0,0.15438327346123595,0.1,0.01223444938659668,0.11353707313537598,0.05041085,1.1402847,13.301428520795051,0.0,0.14432558009521076,0.0,300,0.030262470245361328,0.00437008561676192,0.0023896258251773317,869551,13.463777513806697,0.0
2921,2.9428884983062744,13.373167212789163,0.13550835751873777,13.564427834532534,13.219069692781586,0.0,0.17186259935600526,0.1,0.01114201545715332,0.10257339477539062,0.049889382,0.86572593,13.308602389994464,0.0,0.14928020646963341,0.0,300,0.029949426651000977,0.0032775410882713327,0.0007862470691330383,869851,13.528263064994425,0.0
2922,3.0076904296875,13.38280333828306,0.03581494994312933,13.427735701604547,13.337245392133964,0.0,0.15699447524294907,0.1,0.017241239547729492,0.06871891021728516,0.050051738,0.81798154,13.316022484823325,0.0,0.14944594349396373,0.0,300,0.031350135803222656,0.000757387879369166,0.00048134772570023745,870151,13.54096417625629,0.0
2923,2.946967840194702,13.279486115779706,0.14786652993929894,13.416439018162686,13.029801957201803,0.0,0.16693679789863408,0.1,0.0033195018768310547,0.061621904373168945,0.04983214,0.5072734,13.312368847918965,0.0,0.14807422549342805,0.0,300,0.05713629722595215,0.0007290195114310162,0.0006744003153581377,870451,13.488846462374374,0.0
2924,2.968792676925659,13.238796771330424,0.19560037516496626,13.464741202411403,12.973962527555004,0.0,0.159889304435823,0.1,0.003462076187133789,0.06043076515197754,0.049840078,0.93796754,13.305011640260112,0.0,0.1475776853973532,0.0,300,0.03010392189025879,0.0007035327409875398,0.0006863450054854529,870751,13.481561809851685,0.0
2925,2.9550254344940186,13.127813221387616,0.3432286594445814,13.590752921357993,12.754231356849147,0.0,0.14962494633417225,0.1,0.003323078155517578,0.06036114692687988,0.05062205,1.8356415,13.287291798372863,0.0,0.14610027538309123,0.0,300,0.030849218368530273,0.0008051836582736934,0.0006851817137527617,871051,13.562752849836832,0.0
2926,3.0814452171325684,13.577749323316038,0.055991855242493574,13.665744118803131,13.51229982458555,0.0,0.16584739630419482,0.1,0.0032536983489990234,0.06033158302307129,0.04994892,1.1993866,13.316337550867182,0.0,0.15202461608034554,0.0,300,0.03023672103881836,0.0007263684069822785,0.0006637806869900237,871351,13.545747424105278,0.0
2927,2.994933843612671,13.2985971464884,0.1918922661232308,13.505158490318104,12.985119158420298,0.0,0.1530315052038769,0.1,0.0033409595489501953,0.06087517738342285,0.05010107,0.63221496,13.314563510429304,0.0,0.14834546028389078,0.0,300,0.03246116638183594,0.0010639954535556686,0.000743754065173662,871651,13.611858853045966,0.0
2928,3.00217342376709,13.386208616607227,0.1532422783110931,13.607732375815562,13.185883041441448,0.0,0.16555417243526405,0.1,0.0032083988189697266,0.07945919036865234,0.049953204,1.2942543,13.321728021047097,0.0,0.14948252030276898,0.0,300,0.030992507934570312,0.0004502069152924393,0.0004721635649117444,871951,13.410928345053861,0.0
2929,2.991706371307373,13.474023158836328,0.04792598164569809,13.537194651186027,13.40749407592739,0.0,0.149735232820962,0.1,0.0031349658966064453,0.11861538887023926,0.0496501,1.8246759,13.33695753482602,0.0,0.1506393384773952,0.0,300,0.040865421295166016,0.0004517049902080637,0.00033700136296822825,872251,13.485392345550911,0.0
2930,3.003504991531372,13.38476220639461,0.12115742861491607,13.55177974764662,13.215034704972965,0.0,0.1574984396531225,0.1,0.003108501434326172,0.06088757514953613,0.04950972,2.4171576,13.341738001982879,0.0,0.1495267000259965,0.0,300,0.03004169464111328,0.0007633311612562932,0.0007262771329191053,872551,13.346210858410066,0.0
2931,3.0060160160064697,13.446889781939673,0.020056184799476188,13.4648161840758,13.414047585425852,0.0,0.1540615113857235,0.1,0.0031058788299560547,0.05848360061645508,0.04986704,0.858244,13.352253179978558,0.0,0.15027642272599118,0.0,300,0.03199338912963867,0.0003302102518192166,0.0002470344990629277,872851,13.488032735613677,0.0
2932,3.0365450382232666,13.324493707648822,0.1047062387213888,13.503609082867214,13.239177256658998,0.0,0.16010786777349634,0.1,0.01505136489868164,0.11591362953186035,0.049609903,1.4761791,13.349477232745585,0.0,0.1486822872216915,0.0,300,0.029714107513427734,0.0006981612289549607,0.0005853039195717977,873151,13.419227858288117,0.0
2933,3.052727222442627,13.351344349408281,0.091918194888087,13.445147483463948,13.213183624550313,0.0,0.1613685069548641,0.1,0.0031926631927490234,0.06047868728637695,0.049987808,0.63757443,13.349663944411855,0.0,0.14900255480800453,0.0,300,0.029689550399780273,0.00038988927383413357,0.0003696382351045915,873451,13.427810808314378,0.0
2934,3.0908279418945312,13.507739032426272,0.13546948588212046,13.696634675541512,13.317392912207307,0.0,0.16571450561255804,0.1,0.003093242645263672,0.06188702583312988,0.050213322,0.8820288,13.365471453213297,0.0,0.15105803667072498,0.0,300,0.029862642288208008,0.0007115727672140818,0.0006137778668144932,873751,13.478672167012254,0.0
2935,3.0129735469818115,13.17935119703166,0.6104603793943416,13.579332250481018,12.123884167253124,0.0,0.15985852770031306,0.1,0.0035812854766845703,0.05917620658874512,0.05010509,0.51882833,13.346859427595135,0.0,0.14681144858764633,0.0,300,0.05548739433288574,0.002437435660821319,0.002083589314042204,874051,13.470878158089684,0.0
2936,3.0458195209503174,13.353165769318718,0.1126316915800835,13.499465370526329,13.225402786136275,0.0,0.15334675758592964,0.1,0.003155231475830078,0.058670997619628906,0.04975798,1.4964081,13.347490061767493,0.0,0.14906335719426037,0.0,300,0.029574155807495117,0.0014078054011902547,0.0009143771753078289,874351,13.51542761037742,0.0
2937,3.027013063430786,13.45740501910457,0.07807646305461512,13.547884188066229,13.343919479170658,0.0,0.16111298088944784,0.1,0.00310516357421875,0.05847597122192383,0.050128397,0.96475506,13.358481557501202,0.0,0.15034891029054592,0.0,300,0.02941274642944336,0.0005540922078536392,0.00046332254718505227,874651,13.476493250314533,0.0
2938,3.086782693862915,13.47481175686974,0.018437415742906135,13.489969543701445,13.443258891689238,0.0,0.1614604086414458,0.1,0.002998828887939453,0.05838751792907715,0.049871042,0.9012974,13.370114577438056,0.0,0.15067767124404813,0.0,300,0.031372785568237305,0.000525788603376473,0.00047755117159677536,874951,13.508116277792942,0.0
2939,3.0277059078216553,13.182907909128293,0.30669963245154075,13.394139581751574,12.653085717321936,0.0,0.1511985365048703,0.1,0.003066539764404297,0.07819604873657227,0.04998596,1.0336481,13.35139391060708,0.0,0.14689648998751087,0.0,300,0.07256674766540527,0.002297833337918285,0.0012808175771708633,875251,13.455131775769308,0.0
2940,2.9589712619781494,13.407062490457381,0.07313164463921,13.479166983242342,13.285648684628475,0.0,0.15448070040810258,0.1,0.011076927185058594,0.10259199142456055,0.049819227,0.72942764,13.35696076859211,0.0,0.1497481122219009,0.0,300,0.031217098236083984,0.001700482315257046,0.0007070867354764765,875551,13.405356260109302,0.0
2941,2.9442992210388184,13.39750289008652,0.034448237127888144,13.45122368889208,13.364578154211848,0.0,0.15837308468957598,0.1,0.0035402774810791016,0.08402562141418457,0.049602523,0.7155045,13.361014980741551,0.0,0.14963611605295263,0.0,300,0.07134008407592773,0.0009375337697885561,0.0004275142623711751,875851,13.382885589216356,0.0
2942,3.0042755603790283,13.452616883723879,0.0766636301813338,13.531063992545434,13.343391330741431,0.0,0.16447978907014543,0.1,0.0035054683685302734,0.12610316276550293,0.050023686,0.6446141,13.370175171039783,0.0,0.15036331510456108,0.0,300,0.03007793426513672,0.0009990165370669676,0.0006430910350407111,876151,13.51945659332471,0.0
2943,2.999946117401123,13.415902221708908,0.0760644897585494,13.468294198893673,13.284553952579028,0.0,0.17303376769847584,0.1,0.0034170150756835938,0.06538510322570801,0.04988691,0.85305387,13.374747876106696,0.0,0.1498809183421893,0.0,300,0.08024740219116211,0.0006640615431828748,0.0005167754062265214,876451,13.46416122990589,0.0
2944,3.0129332542419434,13.351605192651974,0.09592493474013244,13.50127501170746,13.23646363764156,0.0,0.17123375323868778,0.1,0.003518342971801758,0.06260538101196289,0.050088678,0.86341774,13.372433607761225,0.0,0.14901214280593644,0.0,300,0.03127241134643555,0.0006866362931465215,0.0006334928940091231,876751,13.412774765520163,0.0
2945,3.051039457321167,13.366060859636349,0.08317827443603654,13.468092923808388,13.23912679002544,0.0,0.163758759125349,0.1,0.003485441207885742,0.05991649627685547,0.04986725,0.83322906,13.371796332948737,0.0,0.14921842333349464,0.0,300,0.03346371650695801,0.0011025328728226937,0.0009733124727250356,877051,13.583226758847443,0.0
2946,3.0012683868408203,12.978199877785162,0.7992647508763443,13.59302888841992,11.603849448778051,0.0,0.15819418281474804,0.1,0.003163576126098633,0.10454463958740234,0.050250217,0.5115951,13.33243668743238,0.0,0.14423005698952182,0.0,300,0.040215253829956055,0.0031062507740354456,0.0023638991829704136,877351,13.517877688097856,0.0
2947,3.0225229263305664,13.356579092056005,0.1125305614661727,13.465460867289686,13.197698949853203,0.0,0.1638885391732969,0.1,0.0032160282135009766,0.06051230430603027,0.049799755,0.66074544,13.334850927894744,0.0,0.14906303160283985,0.0,300,0.031061887741088867,0.0036835871662498658,0.0014550817264164673,877651,13.580030568259703,0.0
2948,3.074587345123291,13.435807990620654,0.10661460108095475,13.587952839522346,13.28644042391768,0.0,0.15954338304145402,0.1,0.003201007843017578,0.061318159103393555,0.04976671,1.064986,13.344946634167336,0.0,0.15013546727545699,0.0,300,0.029948949813842773,0.0014568456159351627,0.00039299692939106346,877951,13.434137610550442,0.0
2949,3.0886952877044678,13.20887021321442,0.37174786414814914,13.517392754233809,12.573193838365333,0.0,0.15371060671654546,0.1,0.0031728744506835938,0.09349894523620605,0.049832024,0.9013627,13.331338992072045,0.0,0.147188145383716,0.0,300,0.05620622634887695,0.000819644475128643,0.0010219129112585637,878251,13.356242741315222,0.0
2950,3.094290018081665,13.315991199637386,0.1924958785437611,13.605443513256409,13.071940633576542,0.0,0.1643721225411024,0.1,0.0033111572265625,0.09519767761230469,0.04994199,0.7550512,13.329804212828579,0.0,0.14859338996566498,0.0,300,0.05012822151184082,0.0011924631094909343,0.0011453374237148893,878551,13.456302176365048,0.0
2951,3.0485494136810303,13.463480837818064,0.08168763133043906,13.578728202053133,13.348748191503796,0.0,0.16858138685871069,0.1,0.0030701160430908203,0.05771946907043457,0.050205797,0.8629293,13.343171875327528,0.0,0.1505122824172078,0.0,300,0.08495044708251953,0.000997370084927414,0.0005424391274054574,878851,13.594777858363551,0.0
2952,2.961047649383545,12.70846621444456,1.3214340002525042,13.607384976710032,10.425867789848699,0.0,0.15768879475805636,0.1,0.003164529800415039,0.061597585678100586,0.05004314,0.47898564,13.27970130923923,0.0,0.1406972686575126,0.0,300,0.03035902976989746,0.008694012063962211,0.007421393685046366,879151,13.545606542557346,0.0
2953,3.0470616817474365,13.491642265373127,0.06373198085590386,13.597276049205147,13.426394402726132,0.0,0.16632900543311246,0.1,0.00632166862487793,0.06209397315979004,0.05004731,0.63029236,13.300895404852621,0.0,0.1508930303636549,0.0,300,0.03141903877258301,0.004771276152044614,0.002056363326743978,879451,13.473055690885383,0.0
2954,3.0969481468200684,13.413614575089902,0.08551371928630319,13.511907325565703,13.294814079864786,0.0,0.1567904994075228,0.1,0.004851579666137695,0.059673309326171875,0.050083973,1.3278704,13.31216732187635,0.0,0.14990210242596502,0.0,300,0.03002452850341797,0.0020993922112809574,0.000741141319006676,879751,13.38138084738427,0.0
2955,3.016805648803711,13.453549186203364,0.12069635577905766,13.580545147290525,13.297017201299592,0.0,0.16564785213677974,0.1,0.005582571029663086,0.05942583084106445,0.05028308,0.90707237,13.326305508309051,0.0,0.15036242248245774,0.0,300,0.030173778533935547,0.0009745765337609947,0.0007161276671470182,880051,13.461189970550372,0.0
2956,3.024801254272461,13.31569309643874,0.03845443793869833,13.351157297538478,13.254405851057392,0.0,0.15472135480566465,0.1,0.0030884742736816406,0.05821537971496582,0.050181333,0.5902232,13.32524426712202,0.0,0.14857908223238617,0.0,300,0.02937173843383789,0.0004930054276715124,0.0004094711208407188,880351,13.480449737778002,0.0
2957,3.1091856956481934,13.500334396468284,0.0469775016314784,13.547778672081565,13.435617426341734,0.0,0.16503191076849635,0.1,0.0030655860900878906,0.05957984924316406,0.050023712,1.0486284,13.342753280056648,0.0,0.15101708180998535,0.0,300,0.04702949523925781,0.00074235500552422,0.00048460171038479675,880651,13.456625427235783,0.0
2958,3.4223546981811523,13.380373191460038,0.13469558356426128,13.470851620700383,13.147980881248372,0.0,0.15265742239325214,0.1,0.0031435489654541016,0.06053924560546875,0.049904574,0.9670167,13.346515271196987,0.0,0.1494217501082773,0.0,300,0.03140068054199219,0.000535399729593719,0.00032590950527639547,880951,13.62460514749005,0.0
2959,3.0207180976867676,13.404393211162743,0.04776763423448735,13.47480965813163,13.34499193455352,0.0,0.16252310451345506,0.1,0.003951549530029297,0.11182355880737305,0.050304744,0.8413662,13.352303065193563,0.0,0.14974412847169516,0.0,300,0.0364995002746582,0.0004897785612357418,0.0004287972227154573,881251,13.616674582824068,0.0
2960,2.937762975692749,13.457354769678833,0.09666959227293054,13.552382800482622,13.311504067982,0.0,0.1716116186638831,0.1,0.0034275054931640625,0.06020212173461914,0.05041183,1.1961256,13.36280823564209,0.0,0.1506260187602927,0.0,300,0.02970099449157715,0.0004894474944783383,0.0004769927340241893,881551,13.449310178817766,0.0
2961,3.079469919204712,13.218333047017442,0.31160725097454417,13.473966941367042,12.685388162125943,0.0,0.169101524040054,0.1,0.003794431686401367,0.06909656524658203,0.049786016,0.5867559,13.348360716779625,0.0,0.14721922590458078,0.0,300,0.03005671501159668,0.0010959565813224237,0.0009023732069429557,881851,13.520508532425131,0.0
2962,3.0028398036956787,13.412826065296997,0.08191364204016345,13.526333080426845,13.334749081107558,0.0,0.15706850742092987,0.1,0.007843971252441406,0.12124490737915039,0.049964663,1.8087265,13.354807251631364,0.0,0.14983851184104607,0.0,300,0.03269624710083008,0.0009035846209252574,0.00044945619284089585,882151,13.5577920547998,0.0
2963,3.034951686859131,13.459789017949447,0.06937649863185393,13.54639430008406,13.379038806932346,0.0,0.1520478673943792,0.1,0.0033316612243652344,0.08050346374511719,0.04983474,0.8527127,13.365305428263174,0.0,0.1504562097358379,0.0,300,0.030237674713134766,0.0005381278079135362,0.0005666261005889161,882451,13.518954109612714,0.0
2964,3.002446174621582,13.485428540827163,0.06771763741088349,13.553156590947884,13.376894313994226,0.0,0.16433095497596978,0.1,0.0032358169555664062,0.06935811042785645,0.04997473,0.68138856,13.377317739519572,0.0,0.15082188241233113,0.0,300,0.045794010162353516,0.0005743530849403019,0.0005002278974813152,882751,13.516255292201857,0.0
2965,2.987839698791504,13.450009606537566,0.058255057679929154,13.516033624971866,13.388646686616571,0.0,0.1656139165683588,0.1,0.0032050609588623047,0.058467864990234375,0.05011177,0.7204434,13.384586926221372,0.0,0.1503368846034956,0.0,300,0.03456997871398926,0.0008210816671044786,0.000609167958563313,883051,13.432625719233181,0.0
2966,2.9612057209014893,13.547220514915779,0.08527536689870657,13.642065621489516,13.412625486963481,0.0,0.16542143439097237,0.1,0.026485681533813477,0.09081792831420898,0.050739177,1.6664351,13.400850285090813,0.0,0.15159235362164808,0.0,300,0.03041696548461914,0.0005100003813224273,0.0004681457907431814,883351,13.397039161325923,0.0
2967,3.0160019397735596,13.44839785683697,0.09640030491038767,13.579318790153412,13.313217317511086,0.0,0.16133900598070686,0.1,0.0031659603118896484,0.11001849174499512,0.04899435,2.8524036,13.405605042265428,0.0,0.15044263779187034,0.0,300,0.04272198677062988,0.0007153363093657864,0.0005563244443274228,883651,13.49244894873659,0.0
2968,2.9943220615386963,13.408276885260888,0.09871592904184781,13.560339625194343,13.29767444858224,0.0,0.1678815985896428,0.1,0.0032258033752441406,0.05783867835998535,0.050013844,0.6950448,13.405872226564973,0.0,0.14982906678985683,0.0,300,0.057829856872558594,0.000606194279306866,0.0004537922752072268,883951,13.516826063596236,0.0
2969,3.0178565979003906,13.45116334488344,0.11177815152004601,13.566971157366678,13.289733501226777,0.0,0.157267506214543,0.1,0.0030193328857421875,0.06092405319213867,0.04988167,0.7187913,13.41040133839682,0.0,0.1505055780259284,0.0,300,0.029756546020507812,0.0006007545847341735,0.0005636962424851866,884251,13.453853999704874,0.0
2970,3.0205087661743164,13.262129311837636,0.17939734213997047,13.415526090671587,12.973063514871676,0.0,0.14636433902784687,0.1,0.0031325817108154297,0.05884838104248047,0.0488322,0.51401186,13.395574135740901,0.0,0.14784353989070959,0.0,300,0.031235456466674805,0.0008797243758641052,0.0006446121924283404,884551,13.508353656625983,0.0
2971,3.0855209827423096,13.40905116864889,0.10228001287196457,13.560791400415381,13.288120557604845,0.0,0.1660460478923416,0.1,0.004400968551635742,0.05835437774658203,0.04996922,0.63151634,13.3969218390317,0.0,0.14984533350656182,0.0,300,0.03133988380432129,0.0003910244146388888,0.0003472943179160314,884851,13.65399529167536,0.0
2972,3.1012086868286133,13.515475358379641,0.0707517456387898,13.586090301062038,13.398567704037752,0.0,0.15202593980641357,0.1,0.0030341148376464844,0.060584068298339844,0.049620155,1.1856419,13.408777190966495,0.0,0.15119841343998802,0.0,300,0.0292813777923584,0.00042890441110357704,0.0003582556503924039,885151,13.479062604850995,0.0
2973,3.0538392066955566,13.388520335739504,0.1175372246052789,13.491212554000018,13.20484810064623,0.0,0.15782559175003014,0.1,0.002973318099975586,0.06101679801940918,0.04945878,0.7321985,13.406751505443795,0.0,0.14947640513031707,0.0,300,0.029453277587890625,0.00053321668818539,0.0004670889364737092,885451,13.500213617599341,0.0
2974,2.910574197769165,13.401626757526932,0.18758121736485803,13.604026399787132,13.095003914892969,0.0,0.1595212636911788,0.1,0.0034856796264648438,0.061600685119628906,0.050124068,0.7005604,13.40623903065211,0.0,0.14969231870799432,0.0,300,0.029577970504760742,0.0005986116488455393,0.00046116400190629236,885751,13.570735429278898,0.0
2975,2.9753212928771973,13.35041771396218,0.0873523701391032,13.445912134727521,13.210569319860769,0.0,0.165075875777649,0.1,0.01207876205444336,0.07904505729675293,0.050011147,0.80867714,13.400656898983117,0.0,0.14904173393939849,0.0,300,0.029198646545410156,0.0007656393895698133,0.0005018568302337656,886051,13.583359629449232,0.0
2976,3.0912094116210938,13.511820528952494,0.09802389657883936,13.61225512228331,13.390384709400122,0.0,0.16293494257595167,0.1,0.003233671188354492,0.08717107772827148,0.049801454,1.2120512,13.411773261980056,0.0,0.15114640688792474,0.0,300,0.030284643173217773,0.0009150301509014512,0.00047774997198073805,886351,13.711632016510698,0.0
2977,2.9744186401367188,13.493186324716588,0.08045429402057272,13.583102542389923,13.363635579535911,0.0,0.1603681859404665,0.1,0.012388229370117188,0.08582806587219238,0.050038062,0.794624,13.41991456825371,0.0,0.15093915644983025,0.0,300,0.030878782272338867,0.0008217370731689978,0.00042292104103689446,886651,13.591291158561889,0.0
2978,3.054795026779175,13.5465209381796,0.09311189299924146,13.695848964606615,13.440728991758498,0.0,0.16919641061619753,0.1,0.006137371063232422,0.06048583984375,0.049806476,0.6693701,13.432575205246298,0.0,0.15160121790542233,0.0,300,0.030011892318725586,0.000600004811981963,0.0004283741443980153,886951,13.594434824252753,0.0
2979,3.0178115367889404,13.38223145034036,0.17337074004197803,13.595236846645292,13.112324869213854,0.0,0.15651085450509752,0.1,0.0031616687774658203,0.05931520462036133,0.049724095,0.76080155,13.427540829755705,0.0,0.14937904070705701,0.0,300,0.030141830444335938,0.0005823761345347999,0.0004887913874439837,887251,13.593206228062064,0.0
2980,2.9746034145355225,13.461651658586243,0.06275058427302826,13.525127514999106,13.361054836665028,0.0,0.15624280268349425,0.1,0.0032966136932373047,0.0968618392944336,0.049301397,2.3739882,13.430951912638758,0.0,0.15050298364877787,0.0,300,0.029672622680664062,0.00042256528953343435,0.0003691464002267086,887551,13.596167360412464,0.0
2981,2.989311695098877,13.464631840177388,0.14139291217253303,13.662384591604596,13.265434058383468,0.0,0.1740240483425099,0.1,0.010586261749267578,0.08588552474975586,0.050187472,0.62562406,13.43431990539262,0.0,0.15052402118105107,0.0,300,0.03130292892456055,0.0008841740639512326,0.0006216063928554537,887851,13.611238504437233,0.0
2982,2.9981935024261475,13.497547336867141,0.14520673398663553,13.650599630076748,13.275750745315332,0.0,0.16446778090694766,0.1,0.0032112598419189453,0.06396770477294922,0.05013507,0.84214646,13.440642648540072,0.0,0.15104074361353267,0.0,300,0.030548572540283203,0.0011694289875035751,0.0007239046320895269,888151,13.664802409604206,0.0
2983,3.0807225704193115,13.490069859493973,0.11336860691353837,13.679073795473052,13.38558452621695,0.0,0.15901278195733023,0.1,0.0031375885009765625,0.10533905029296875,0.049817495,0.8661132,13.445585369635463,0.0,0.1508697085605137,0.0,300,0.04281449317932129,0.0007666089359591365,0.0004778511042414312,888451,13.705559514368842,0.0
2984,3.0042800903320312,13.450048667778045,0.07590166416072765,13.503563796199463,13.319376068476476,0.0,0.16500311831417983,0.1,0.004774808883666992,0.058020591735839844,0.049894843,0.76105976,13.44603169944972,0.0,0.15035726097163016,0.0,300,0.02988266944885254,0.00047353417098263263,0.00035024134987297125,888751,13.618692212838113,0.0
2985,3.070620536804199,13.430238696598954,0.2529843893691489,13.699038542984816,13.018068163492623,0.0,0.15704162068218233,0.1,0.003103017807006836,0.05932903289794922,0.04974466,1.5860382,13.444452399164645,0.0,0.15005899859023517,0.0,300,0.03188657760620117,0.0005467651029047017,0.0005876299759187946,889051,13.648890511359662,0.0
2986,3.039567232131958,13.50956033326598,0.07329768477610135,13.59959692432489,13.395831813927659,0.0,0.1672507767133653,0.1,0.0030884742736816406,0.05912351608276367,0.049900163,0.6633853,13.450963192574779,0.0,0.15116357858926696,0.0,300,0.03093743324279785,0.0012370398825111253,0.0008946972055811746,889351,13.439591844879914,0.0
2987,3.0683510303497314,13.577298395104513,0.09179511503135349,13.713682603643283,13.463599568177164,0.0,0.15925440441000938,0.1,0.003156900405883789,0.05938458442687988,0.050185494,0.9315573,13.463596712827753,0.0,0.15200161188576042,0.0,300,0.03210806846618652,0.00040912604953283866,0.00038597400410946453,889651,13.536467963931925,0.0
2988,3.002474069595337,13.44778003976673,0.1785283627618255,13.613993903512709,13.157376808392462,0.0,0.15237088089816536,0.1,0.003757476806640625,0.06363487243652344,0.04996227,1.871418,13.462015045521651,0.0,0.15029721589732675,0.0,300,0.03443408012390137,0.0008265411803641107,0.0005488209101688231,889951,13.646349392394816,0.0
2989,2.993675708770752,13.548327282396581,0.031147834458025676,13.579135988292174,13.496832227237745,0.0,0.16899867187528417,0.1,0.0034265518188476562,0.06093096733093262,0.050131764,0.5767567,13.470646269209146,0.0,0.15162406275829052,0.0,300,0.02979111671447754,0.0005283060345430428,0.00038357378540524053,890251,13.737004804442307,0.0
2990,2.9976682662963867,13.442627531911334,0.1320242877386632,13.619986874646692,13.303867474691007,0.0,0.15691240439433965,0.1,0.0033648014068603516,0.06175518035888672,0.05002597,0.7390269,13.467844395479364,0.0,0.15023562914955968,0.0,300,0.03040313720703125,0.0004900870889985468,0.00031142852535334155,890551,13.669798886276226,0.0
2991,3.007733106613159,13.481816086187099,0.10169198635577487,13.570367729955485,13.317081300579524,0.0,0.16080438987855514,0.1,0.0033130645751953125,0.059905290603637695,0.04991957,0.7298839,13.469241564550138,0.0,0.1507871915150811,0.0,300,0.030611276626586914,0.0004121273666072209,0.0003721258526489265,890851,13.626687382451756,0.0
2992,3.011272668838501,11.123557173967775,2.610257919556281,13.525747887608826,7.059186552773295,0.0,0.1463791579127656,0.1,0.0031490325927734375,0.07242417335510254,0.049022663,0.46673274,13.234673125491902,0.0,0.11978769392785395,0.0,300,0.03243660926818848,0.04404885397787407,0.025937671804363162,891151,13.688863543334696,0.0
2993,2.9969022274017334,13.331131197561454,0.23895850335076899,13.563621862230317,12.967308083405534,0.0,0.15093716670259572,0.1,0.0032341480255126953,0.08420658111572266,0.04985548,1.5898241,13.244318932698858,0.0,0.14873606044074394,0.0,300,0.045205116271972656,0.023942738402739288,0.00665480700029855,891451,13.8743061560015,0.0
2994,3.066030502319336,13.455903615226692,0.04546231255556642,13.511408708990343,13.403262207019223,0.0,0.14533889740333836,0.1,0.0034193992614746094,0.062235116958618164,0.04985506,2.390713,13.265477400951642,0.0,0.1504019815023339,0.0,300,0.029478073120117188,0.006323917227077747,0.0011842089886353404,891751,13.688581371942709,0.0
2995,2.9760289192199707,13.411370570604616,0.09352713437111317,13.566405945398591,13.337062286906718,0.0,0.14524175437216008,0.1,0.0031468868255615234,0.062078237533569336,0.04965591,0.4904626,13.28006671791694,0.0,0.14981463981411247,0.0,300,0.029208660125732422,0.001164837226211907,0.00276913213613364,892051,13.635346861376505,0.0
2996,3.0994999408721924,13.48973326023851,0.06445754530777147,13.544382604988023,13.383274552763082,0.0,0.15690213501590644,0.1,0.003287076950073242,0.06095170974731445,0.04991487,0.5109608,13.301033372149096,0.0,0.15083823496513105,0.0,300,0.028911352157592773,0.0033281215198098105,0.0029497465568486766,892351,13.505544692199372,0.0
2997,3.0370595455169678,13.523303426042743,0.06999475653470673,13.621895178200353,13.432525952133526,0.0,0.15299655341054577,0.1,0.003434896469116211,0.05881357192993164,0.0497073,2.0023165,13.32326037753846,0.0,0.15131889823614614,0.0,300,0.03236865997314453,0.0033410500686757,0.0014431880745992077,892651,13.546215972061141,0.0
2998,2.9939656257629395,13.323407239090093,0.3342688946646242,13.684194990305972,12.808942609426309,0.0,0.1484304128394886,0.1,0.0032935142517089844,0.05795693397521973,0.049992327,0.86148906,13.323275063693623,0.0,0.14872803829401054,0.0,300,0.029116392135620117,0.0018083609188257119,0.0008363711136427292,892951,13.645025397000495,0.0
2999,3.042405128479004,13.43809635459456,0.10813226803673733,13.548500179310903,13.259953719620372,0.0,0.15199387407640624,0.1,0.003220081329345703,0.060506343841552734,0.05004368,0.99331594,13.334757192783718,0.0,0.1501569214807312,0.0,300,0.029256582260131836,0.000783729691187424,0.0005639986373050456,893251,13.572515046904607,0.0
3000,3.0839333534240723,13.509772555486085,0.09558292269645959,13.620156815074601,13.356711245986927,0.0,0.16149949597988206,0.1,0.004088878631591797,0.057952880859375,0.050051328,0.7992225,13.352258729053954,0.0,0.1511426550937792,0.0,300,0.029059886932373047,0.0006008718398081448,0.0006062656265317372,893551,13.494565586579258,0.0
3001,3.059326410293579,13.489194953403539,0.15082923026340087,13.64283384383078,13.238795118234544,0.0,0.16774081356616766,0.1,0.003046751022338867,0.05814313888549805,0.049783535,0.7148298,13.365952351488913,0.0,0.1508333257854022,0.0,300,0.02889704704284668,0.0008178313918537577,0.0006302342935999076,893851,13.769995229715285,0.0
3002,3.1172139644622803,13.421463712421291,0.07975566190568152,13.51114764906969,13.332955732904175,0.0,0.16083370761512597,0.1,0.0031006336212158203,0.05753183364868164,0.049569104,2.2343094,13.37150348758215,0.0,0.14993559171492665,0.0,300,0.02858281135559082,0.0006154070018601252,0.00046341455658600953,894151,13.590706111698415,0.0
3003,3.0401923656463623,13.13201546726665,0.4761335983715061,13.603967822962398,12.511480457487934,0.0,0.15036427833304727,0.1,0.0030972957611083984,0.05985307693481445,0.04966034,0.97372764,13.3475546855506,0.0,0.1461195245158395,0.0,300,0.02859354019165039,0.0010165362713391826,0.0009030830799802818,894451,13.75840159211537,0.0
3004,3.067077159881592,13.505320772973628,0.13706031819576117,13.657700181966113,13.292599898383287,0.0,0.17255694422875165,0.1,0.002959012985229492,0.058603763580322266,0.050155114,0.8698391,13.363331294292903,0.0,0.1510620290253855,0.0,300,0.027231693267822266,0.0008705298432880343,0.0006244258270571619,894751,13.63260081333339,0.0
3005,3.031337261199951,13.450893693408,0.273483649871912,13.67826200083543,12.98368460308511,0.0,0.15312926152757045,0.1,0.002950906753540039,0.05739474296569824,0.04985111,0.7315089,13.372087534204413,0.0,0.1503051862974536,0.0,300,0.029529809951782227,0.0006997373086903501,0.0005630153876073192,895051,13.519251708812648,0.0
3006,2.9349753856658936,13.414361331617012,0.05495426404111222,13.45225597911031,13.319972060194774,0.0,0.1617596687358147,0.1,0.003489255905151367,0.07403182983398438,0.05010309,0.9813952,13.376314913945674,0.0,0.14986327844049643,0.0,300,0.0763702392578125,0.0005600439143336814,0.00047601597641252575,895351,13.676469104911462,0.0
3007,3.000988245010376,11.86995438410611,2.4990265019646536,13.590188236804101,7.561482637778727,0.0,0.15416409518829313,0.1,0.0036542415618896484,0.12197256088256836,0.04905182,0.34485438,13.225678860961716,0.0,0.12958495996204103,0.0,300,0.031000852584838867,0.022556066201932883,0.01567310606150249,895651,13.76090685724332,0.0
3008,2.9789628982543945,13.537117688364038,0.03333827162929248,13.5767311297669,13.496160434016467,0.0,0.16189418802404035,0.1,0.00354766845703125,0.059767723083496094,0.050414458,0.91511065,13.25682274370195,0.0,0.15148969790254038,0.0,300,0.029142141342163086,0.008349031434015376,0.002873168434118643,895951,13.733779856945036,0.0
3009,2.987889289855957,13.541632024858004,0.09988269124441848,13.665766899760541,13.390272870973938,0.0,0.1569257622080728,0.1,0.003350973129272461,0.059090375900268555,0.048974127,1.566439,13.285303671817555,0.0,0.15156633840721093,0.0,300,0.029457569122314453,0.0024033436508724367,0.0011631158874752506,896251,13.496398969104261,0.0
3010,2.962641716003418,13.518724822112869,0.07070668224929028,13.588928267740151,13.416076200542172,0.0,0.1660809160841198,0.1,0.0033218860626220703,0.06029462814331055,0.049922217,0.9274519,13.308645786847087,0.0,0.1512199504186859,0.0,300,0.028850793838500977,0.0014500257837008067,0.001941454612954307,896551,13.58910131484612,0.0
3011,2.991150140762329,13.436541459069346,0.21591804914676102,13.58333710194238,13.065137927212037,0.0,0.14980796293730947,0.1,0.009042024612426758,0.06108999252319336,0.05007461,0.5732964,13.321435354069314,0.0,0.15017139137979363,0.0,300,0.02999711036682129,0.002115990572008194,0.0012528131693998166,896851,13.533223500427317,0.0
3012,3.0100138187408447,13.341030711477014,0.20547240030532102,13.616832210956836,13.051371155701045,0.0,0.1682737380727043,0.1,0.0037910938262939453,0.06137347221374512,0.05021868,0.6197054,13.323394889810084,0.0,0.14886264522183804,0.0,300,0.030045032501220703,0.0014789634963722309,0.0008636582059852126,897151,13.6245641709264,0.0
3013,2.996826648712158,13.436895550081056,0.2537886017601681,13.830091729159074,13.208765275303085,0.0,0.15505694714919127,0.1,0.0034155845642089844,0.059298038482666016,0.049935553,0.8859273,13.33474495583718,0.0,0.1501698489510339,0.0,300,0.029373645782470703,0.0009466593151021434,0.0007252936783774514,897451,13.680196846960365,0.0
3014,3.0589797496795654,13.3856730035473,0.10417225206201429,13.47375793732809,13.208698221675892,0.0,0.15556083834312268,0.1,0.003510713577270508,0.06055951118469238,0.049836826,1.8287264,13.339837760608194,0.0,0.14949920484320664,0.0,300,0.06515812873840332,0.00062043350056509,0.0004849584276332965,897751,13.636970192355507,0.0
3015,3.0444862842559814,13.488392887142231,0.036189069050330695,13.517046166483487,13.426283996932751,0.0,0.1619806731322216,0.1,0.006371974945068359,0.07820701599121094,0.04986972,0.8963524,13.3546932732616,0.0,0.15083494735350714,0.0,300,0.02989792823791504,0.000914232992011973,0.0006923681048816542,898051,13.539953614349779,0.0
3016,3.010425567626953,13.335088879187708,0.1375153453545509,13.541181210666167,13.195248144811746,0.0,0.15384177155916737,0.1,0.01700592041015625,0.07132935523986816,0.05023528,0.9221213,13.352732833854212,0.0,0.1488106886524284,0.0,300,0.029257535934448242,0.0008256407770985109,0.0005914721122513727,898351,13.554115032883297,0.0
3017,3.0355827808380127,13.469407194227898,0.12161696888607859,13.556996305088239,13.259868712448647,0.0,0.1429836503061523,0.1,0.003069162368774414,0.12013125419616699,0.049573753,28.324085,13.364400269891581,0.0,0.15058944201788013,0.0,300,0.03514862060546875,0.0006618561919153424,0.0006122909058520382,898651,13.680234095854594,0.0
3018,3.0875463485717773,13.57431111137907,0.007928616345379067,13.586619904919823,13.566297707387667,0.0,0.16818727916225035,0.1,0.0031173229217529297,0.060828447341918945,0.050586306,0.5421194,13.38539135404033,0.0,0.1519811622833843,0.0,300,0.029432296752929688,0.0005717801531159872,0.0004945853369427562,898951,13.747557181202415,0.0
3019,3.041348934173584,13.402922711152282,0.1327682784964566,13.50468779416714,13.180487877101868,0.0,0.16454199885819554,0.1,0.011925220489501953,0.08556985855102539,0.049898777,0.97331095,13.387144489751526,0.0,0.14972460452445405,0.0,300,0.029949426651000977,0.0005771404178454122,0.0005490669619782276,899251,13.586050400493015,0.0
3020,3.062711477279663,13.333878433215403,0.12770329018714233,13.507181506373037,13.168852654982022,0.0,0.15544782109188449,0.1,0.003277301788330078,0.05814552307128906,0.04949467,0.94349414,13.381817884097915,0.0,0.14877336175260567,0.0,300,0.029195308685302734,0.0006017564736161362,0.000458129613066061,899551,13.691828777181426,0.0
3021,3.0388753414154053,13.482017529954076,0.07745787532011467,13.599836081073997,13.382887787084982,0.0,0.15326283914925076,0.1,0.003056764602661133,0.06062006950378418,0.050003596,1.4510593,13.391837848683531,0.0,0.15077169056471912,0.0,300,0.029055356979370117,0.0007267349466966177,0.0005193138878899992,899851,13.744426116833168,0.0
3022,3.044755220413208,13.33419270505859,0.18343132357616507,13.592563213091998,13.076633117750571,0.0,0.15789413327358656,0.1,0.0030629634857177734,0.058344125747680664,0.05015963,1.2418921,13.386073334321036,0.0,0.14879195362835784,0.0,300,0.031182050704956055,0.0006437676249583817,0.0005644446181692791,900151,13.546830728530884,0.0
3023,3.039083480834961,13.4427062189751,0.09178541201618215,13.532189110561365,13.289145811733672,0.0,0.1679085272845136,0.1,0.003033161163330078,0.058756113052368164,0.05042751,0.93258095,13.391736622786443,0.0,0.1502516864392704,0.0,300,0.049279212951660156,0.0008249291676522798,0.0006680711670462761,900451,13.628334474577791,0.0
3024,2.9778246879577637,13.47862507420674,0.032049621920547444,13.511948148975527,13.427982428291914,0.0,0.15602274646819103,0.1,0.004000186920166016,0.0649566650390625,0.048472915,5.207261,13.400425467928473,0.0,0.15072959303052783,0.0,300,0.032678842544555664,0.0007079675490269885,0.0005873935657569773,900751,13.47872431449334,0.0
3025,3.008310556411743,13.420152149692543,0.08020902432953951,13.554157218659766,13.34280586190156,0.0,0.15646148221360084,0.1,0.003432750701904297,0.0597231388092041,0.049787413,0.90291065,13.40239813610488,0.0,0.14996464251904157,0.0,300,0.032265424728393555,0.00045569902733237,0.00044311084732606384,901051,13.524844129368804,0.0
3026,2.9233174324035645,13.5220586865983,0.09103080771277765,13.67199507037138,13.426517620591586,0.0,0.16155777056297568,0.1,0.0033779144287109375,0.12395715713500977,0.050127514,0.75798225,13.414364191154222,0.0,0.151298026827739,0.0,300,0.02953648567199707,0.0005767860840996785,0.000505713295206326,901351,13.621244816177594,0.0
3027,3.0119245052337646,13.371616430231366,0.193568464749404,13.49055970037479,13.0364578280543,0.0,0.16484266586477203,0.1,0.0031583309173583984,0.05905866622924805,0.049699515,0.8915629,13.410089415061938,0.0,0.14930326623808698,0.0,300,0.02947711944580078,0.000647308285737438,0.0006126936230821722,901651,13.710925250652116,0.0
3028,3.042025566101074,13.247895660302268,0.5674599266411234,13.750036212917827,12.284091342089003,0.0,0.1557400939199487,0.1,0.007203340530395508,0.07729887962341309,0.05013108,1.1167195,13.39387003958597,0.0,0.14771384198376802,0.0,300,0.02957630157470703,0.0018137430196545367,0.0013137272978487487,901951,13.727235024223951,0.0
3029,2.9903101921081543,13.50993071287846,0.060326275424076,13.57173891179109,13.413709049222051,0.0,0.1630784406365942,0.1,0.0033330917358398438,0.061376333236694336,0.050079163,1.0208784,13.405476106915218,0.0,0.15112576474158074,0.0,300,0.029998302459716797,0.0009503554359880474,0.0005335461938979367,902251,13.55226332484897,0.0
3030,2.9728994369506836,12.901777594234073,0.828725753686325,13.601514855550292,11.487917807457727,0.0,0.15461407739138988,0.1,0.0032820701599121094,0.07146143913269043,0.05017086,0.46558875,13.355106255647105,0.0,0.1430416235718175,0.0,300,0.029758214950561523,0.002342180192429,0.0016759867285172946,902551,13.529184594497737,0.0
3031,2.936936140060425,13.373271213047737,0.2541429936086236,13.56946126805327,12.936363779668406,0.0,0.15088172694266652,0.1,0.01639389991760254,0.05826902389526367,0.049798436,0.99732554,13.356922751387168,0.0,0.1493399413811859,0.0,300,0.029566526412963867,0.000662638447397243,0.0007701606625145199,902851,13.53206460589215,0.0
3032,2.9704043865203857,13.453718161343257,0.046241877601869256,13.496910504599828,13.381121195742018,0.0,0.17357704340443167,0.1,0.003103971481323242,0.07178282737731934,0.05006567,0.9660022,13.366602292382778,0.0,0.15044266747419527,0.0,300,0.0766448974609375,0.000682916914993752,0.00045514195958454317,903151,13.526989600082254,0.0
3033,3.032540798187256,13.523625611656794,0.05802421030572717,13.61412209116362,13.45502320535422,0.0,0.15811392541788427,0.1,0.00798487663269043,0.12422871589660645,0.050008804,0.72892684,13.38230462431018,0.0,0.15131609459274692,0.0,300,0.02987957000732422,0.0005276383588653283,0.0005642693886627456,903451,13.624969720527366,0.0
3034,2.9856224060058594,12.935295615830233,0.7343034448198107,13.492938251514204,11.679458608607083,0.0,0.1544612705519109,0.1,0.0036780834197998047,0.12114238739013672,0.049257427,0.6518674,13.337603723462186,0.0,0.14371783579320668,0.0,300,0.029825687408447266,0.0033937273511631524,0.0023528592592378743,903751,13.545761471024841,0.0
3035,2.9594390392303467,13.329072463926455,0.11389354193775103,13.423858033981418,13.141313824550748,0.0,0.15848982694937824,0.1,0.0031473636627197266,0.09304928779602051,0.049923565,1.2523266,13.336750597508614,0.0,0.1487215392700848,0.0,300,0.03258633613586426,0.0019357536340656283,0.0009100743931328603,904051,13.383493564487694,0.0
3036,3.10254168510437,13.377664965880252,0.22257035418186855,13.605036675125929,13.11021585748887,0.0,0.16392691742309032,0.1,0.0031790733337402344,0.06409454345703125,0.050212078,0.9054738,13.340842034345776,0.0,0.1493889797379395,0.0,300,0.03058624267578125,0.0009768950113484937,0.0006085749434142878,904351,13.557407686610143,0.0
3037,3.009862184524536,13.277786802903389,0.2192883170039364,13.618514028991902,13.019559657430547,0.0,0.1477632708432332,0.1,0.005849361419677734,0.059800148010253906,0.049986027,0.8402801,13.334536511201538,0.0,0.14806755706982397,0.0,300,0.02971625328063965,0.00080315985546428,0.0007226468161347593,904651,13.664442564805539,0.0
3038,2.9839131832122803,13.261602495461837,0.4433180603885495,13.557637651212563,12.495737454084448,0.0,0.14584207668603633,0.1,0.0032448768615722656,0.06115293502807617,0.04964582,0.6035626,13.327243109627569,0.0,0.14790638298623207,0.0,300,0.029729127883911133,0.0009121368152081318,0.0008540714418253529,904951,13.5378532403764,0.0
3039,3.2133586406707764,13.474863144707758,0.24617847046295357,13.634510647058189,13.049162560713297,0.0,0.15076565398473205,0.1,0.003108501434326172,0.13128089904785156,0.051225346,1.4252608,13.342005113135588,0.0,0.1506931771888145,0.0,300,0.029708385467529297,0.0006585035566030204,0.0003999518761459762,905251,13.497021070140491,0.0
3040,3.002563953399658,13.167459834884344,0.4130673247831061,13.494864998690794,12.473829971042177,0.0,0.15162008405569227,0.1,0.0030460357666015625,0.11353778839111328,0.05006854,0.8204509,13.324550585310465,0.0,0.1466837447635381,0.0,300,0.037743568420410156,0.0011025174591776947,0.00091572530161525,905551,13.654913757723937,0.0
3041,3.0495188236236572,13.333099182339582,0.3867871136924987,13.572003325273075,12.663721891948562,0.0,0.1623401113304246,0.1,0.003421306610107422,0.06336569786071777,0.049855914,0.6441455,13.325405445013377,0.0,0.14880596518025643,0.0,300,0.029554367065429688,0.0007418653167641635,0.000653036180621115,905851,13.813297828297332,0.0
3042,2.995307207107544,13.425268975064117,0.08209894454331053,13.55792254085478,13.33351156698133,0.0,0.16015980942264818,0.1,0.003466367721557617,0.06343865394592285,0.04957132,0.9199706,13.33539179801845,0.0,0.14998758355490122,0.0,300,0.030280351638793945,0.0004917989605065457,0.0003658702313708332,906151,13.596263389650142,0.0
3043,3.0224037170410156,13.371701501813162,0.19140285859881068,13.554937875404722,13.05235505322322,0.0,0.15860860666734086,0.1,0.0032486915588378906,0.06253600120544434,0.04976161,0.7564772,13.339022768397923,0.0,0.14925042313161851,0.0,300,0.029585599899291992,0.0005386331335136661,0.000557521023918233,906451,13.58541662745818,0.0
3044,3.0258636474609375,13.497166240381558,0.056575571300365814,13.584298760572137,13.446215047196551,0.0,0.1662954993210267,0.1,0.003341197967529297,0.05980634689331055,0.04974228,0.90717334,13.354837115596286,0.0,0.15093991996818024,0.0,300,0.029419898986816406,0.0008240310534851058,0.0007362209377626057,906751,13.586717528929649,0.0
3045,2.987834930419922,13.475987775173284,0.06905152254341411,13.590251669089078,13.404626208946251,0.0,0.1615524826040748,0.1,0.003293752670288086,0.125715970993042,0.049884435,0.8725541,13.366952181553986,0.0,0.15068090695047764,0.0,300,0.03255605697631836,0.0005406756883577328,0.00044265621106140613,907051,13.718052725434724,0.0
3046,2.9519264698028564,13.481703472310056,0.13909638475997144,13.706466407625628,13.32587584825504,0.0,0.16553581136399045,0.1,0.0033991336822509766,0.06089186668395996,0.05004898,0.7325313,13.378427310629593,0.0,0.15075602495231585,0.0,300,0.03841280937194824,0.000535238308098578,0.0004722460063854914,907351,13.55364276319505,0.0
3047,2.9986572265625,13.371077542894435,0.16186914250798987,13.62809465059137,13.18332460714554,0.0,0.15385930990150365,0.1,0.003935337066650391,0.06028604507446289,0.049937643,1.1365458,13.377692333856077,0.0,0.1492832809919878,0.0,300,0.030338525772094727,0.0004757110963398965,0.00045217637611993824,907651,13.751047493775248,0.0
3048,2.993208646774292,13.442227652364256,0.14754485342561163,13.644804923146971,13.279878670520382,0.0,0.1559331759809602,0.1,0.0032372474670410156,0.062044382095336914,0.050497852,0.84267545,13.384145865706895,0.0,0.15023459248430476,0.0,300,0.029772043228149414,0.0004746598775515773,0.00042331531059570867,907951,13.605216259709207,0.0
3049,3.0771279335021973,13.200573729206363,0.5066175111034653,13.699164662244083,12.354722124882203,0.0,0.15630649744335473,0.1,0.003097057342529297,0.057579994201660156,0.050305385,0.53605425,13.365788652056843,0.0,0.14698428544834546,0.0,300,0.03003668785095215,0.0018481397251169072,0.001503580403958108,908251,13.591477302578967,0.0
3050,2.9669320583343506,13.423303433816098,0.09665825349101068,13.549907163362766,13.297406976046956,0.0,0.15259870207208834,0.1,0.010384321212768555,0.0605463981628418,0.04988862,1.4391048,13.371540130232768,0.0,0.1500286621255354,0.0,300,0.02924203872680664,0.0012086633266785714,0.0006283224158649573,908551,13.55799037837509,0.0
3051,3.0491232872009277,13.452961884515183,0.10685844177148912,13.611304379254515,13.333866518098338,0.0,0.14677269172199087,0.1,0.013712644577026367,0.05927157402038574,0.050083842,11.730946,13.37968230566101,0.0,0.15038312475507104,0.0,300,0.029372215270996094,0.0004764397509362756,0.00035257665994019056,908851,13.78782847784249,0.0
3052,3.0679047107696533,13.444140858284266,0.16548162652928475,13.61114971493039,13.170083236897987,0.0,0.15260427703916776,0.1,0.003038167953491211,0.05801701545715332,0.049856294,1.3382297,13.386128160923334,0.0,0.15032483660646379,0.0,300,0.03144192695617676,0.0006478516202879313,0.0006189996182770944,909151,13.636197970509988,0.0
3053,3.0431277751922607,13.460159653854651,0.13948627397372937,13.684111841918604,13.30922864243045,0.0,0.16375028941536915,0.1,0.0030841827392578125,0.05878901481628418,0.050155338,0.6061637,13.393531310216467,0.0,0.1504390294545899,0.0,300,0.02955150604248047,0.0005147925315686385,0.0003613317214935913,909451,13.593525906894603,0.0
3054,2.985349655151367,13.38286636020374,0.09463449953767608,13.49432592545469,13.269527839883203,0.0,0.16810136675839296,0.1,0.0031189918518066406,0.058420419692993164,0.050575975,0.7380727,13.392464815215195,0.0,0.14947952075747684,0.0,300,0.02907419204711914,0.0010350810062997372,0.0006420882761725527,909751,13.721611645521564,0.0
3055,3.041091203689575,13.46512042785241,0.14270097567604131,13.628505735297178,13.263700516894136,0.0,0.16787576095265744,0.1,0.003050565719604492,0.05747103691101074,0.050259203,0.78468424,13.399730376478917,0.0,0.15054230281970918,0.0,300,0.030369281768798828,0.0008238918493843878,0.0006013180535449448,910051,13.631350934553799,0.0
3056,3.0201642513275146,13.450841433853228,0.22802777660563014,13.70109724622335,13.185492802912714,0.0,0.15132850051036184,0.1,0.0033457279205322266,0.05990481376647949,0.049995586,1.0534134,13.40484148221635,0.0,0.15037523409768888,0.0,300,0.03147244453430176,0.0006941581792246791,0.0005950676721673626,910351,13.78155498849128,0.0
3057,3.017146587371826,13.23547101551089,0.5575053415732542,13.59147771087636,12.27114078147964,0.0,0.1562304912821816,0.1,0.0034461021423339844,0.05948686599731445,0.050936017,0.6298355,13.387904435545805,0.0,0.14756819319911385,0.0,300,0.029102325439453125,0.0014614157300119894,0.0011595288740295232,910651,13.582087196588867,0.0
3058,2.937791347503662,11.79369106020496,2.862112416429403,13.57139708477528,6.838385207178491,0.0,0.14814417759611867,0.1,0.003223419189453125,0.07191824913024902,0.050183587,0.40965295,13.22848309801172,0.0,0.12858790116954827,0.0,300,0.07100605964660645,0.028569837884208294,0.01974491415828761,910951,13.639109190430366,0.0
3059,3.0003199577331543,13.483372966384191,0.06573117876051483,13.560497595070276,13.404324715226553,0.0,0.1494585795895995,0.1,0.003763914108276367,0.10410380363464355,0.050252445,1.5870156,13.253972084848968,0.0,0.15078359159748983,0.0,300,0.03377199172973633,0.006869105430888127,0.0024891778901511216,911251,13.813719569622398,0.0
3060,3.0123965740203857,13.559603116546917,0.07159436316236974,13.678536470136855,13.498633316071066,0.0,0.14936669675624664,0.1,0.0034835338592529297,0.06228351593017578,0.050564863,1.7396617,13.284535188018765,0.0,0.15180206072636448,0.0,300,0.029303312301635742,0.0018686997439971889,0.0011095381228027677,911551,13.789456557295601,0.0
3061,3.068838596343994,13.55422122344864,0.09630721399173772,13.63145394207422,13.39318930968924,0.0,0.1445221840098025,0.1,0.003162860870361328,0.10245871543884277,0.049298797,0.51506555,13.311503791561753,0.0,0.15173494016206301,0.0,300,0.04682111740112305,0.0017463799529201802,0.001290780527119655,911851,13.524055448730678,0.0
3062,3.036210536956787,12.503592185814185,1.456251337383739,13.636465882250748,10.028036471921583,0.0,0.13643517170481317,0.1,0.003481626510620117,0.06134510040283203,0.04942719,0.387526,13.230712630986996,0.0,0.1376865725083692,0.0,300,0.03012561798095703,0.0072937407187727305,0.004836084322659559,912151,13.704432513211103,0.0
3063,3.0253944396972656,13.494636144190865,0.08245248663997602,13.586742764734938,13.364070925655934,0.0,0.1608580247897352,0.1,0.003305673599243164,0.06168842315673828,0.04970823,1.9767715,13.257104982307384,0.0,0.15090798505765082,0.0,300,0.029828548431396484,0.002436797174076429,0.0012583866606593035,912451,13.823402756467592,0.0
3064,2.9678666591644287,13.41783746762816,0.22336367106580313,13.645335500144773,13.050678332726294,0.0,0.14941112194233025,0.1,0.0035791397094726562,0.06461286544799805,0.04982881,1.6569738,13.273178230839463,0.0,0.14993107757944413,0.0,300,0.029937267303466797,0.0011096842545736333,0.0009679888250396374,912751,13.60617357797886,0.0
3065,2.935194969177246,13.406071910045892,0.3559784933905784,13.665221919623601,12.797367712032418,0.0,0.15346895126359997,0.1,0.003081083297729492,0.12154316902160645,0.05024847,1.0192046,13.286467598760105,0.0,0.14981815160144446,0.0,300,0.029779672622680664,0.0013132146689874686,0.0007409560757000429,913051,13.73651309953864,0.0
3066,2.9623939990997314,13.390938488601929,0.08474711608820441,13.51088961579707,13.271501462910358,0.0,0.13801471640156554,0.1,0.003164052963256836,0.05869340896606445,0.049646214,1.9029233,13.296914687744287,0.0,0.14953001193804705,0.0,300,0.0495448112487793,0.0010014655787189159,0.0007669151219567064,913351,13.668721523455266,0.0
3067,3.0373268127441406,13.51029138213222,0.0967520861832342,13.594565534626927,13.351540958892977,0.0,0.15065792744667353,0.1,0.0030553340911865234,0.06293272972106934,0.050196093,1.6974823,13.318252357183082,0.0,0.15112308630582993,0.0,300,0.06026005744934082,0.0009465168275682613,0.0006006364248865975,913651,13.683221734689218,0.0
3068,3.0460360050201416,13.28455090982362,0.3205799066605239,13.548070725533742,12.73597519259786,0.0,0.14403167814542328,0.1,0.011689424514770508,0.08328986167907715,0.05144768,0.85766715,13.314882212447138,0.0,0.14816458376657374,0.0,300,0.029264450073242188,0.0009739642648247692,0.0007622027275239481,913951,13.703323328412758,0.0
3069,3.017045021057129,13.468850245577194,0.045338058481059505,13.543886323895975,13.423575810673473,0.0,0.15884553132216803,0.1,0.003502368927001953,0.06581521034240723,0.049527444,0.8222934,13.330279015760144,0.0,0.15060911721002285,0.0,300,0.04123187065124512,0.0006418225806736222,0.0005798400218476345,914251,13.74888300546953,0.0
3070,3.030738353729248,13.499156887328535,0.06223773545992025,13.587337897455637,13.41140583205729,0.0,0.15815136743758823,0.1,0.003383636474609375,0.058859825134277344,0.05008514,0.7049649,13.347166802916984,0.0,0.1509930880461025,0.0,300,0.02896404266357422,0.000932129976080822,0.0004583528773578029,914551,13.709508053265083,0.0
3071,2.9511897563934326,12.995194647851458,0.8301814670188582,13.598979687322577,11.563616049455556,0.0,0.14773014482652358,0.1,0.01232767105102539,0.08307003974914551,0.051420853,0.5083083,13.311969587410431,0.0,0.14428242146599282,0.0,300,0.0301361083984375,0.003155496498998622,0.002471984903241344,914851,13.7480961485141,0.0
3072,2.910529851913452,13.450791302163728,0.08221153799061694,13.54093145872306,13.354222192663002,0.0,0.14407223704442737,0.1,0.003412485122680664,0.06073737144470215,0.049631532,1.041832,13.325851758885761,0.0,0.15039830530110893,0.0,300,0.02985095977783203,0.001418266781889339,0.0007936595665054775,915151,13.706099874334384,0.0
3073,3.0196287631988525,13.433444561048198,0.17609221344103176,13.665803037488972,13.174359863193601,0.0,0.15909164207412987,0.1,0.0032448768615722656,0.06116199493408203,0.05013373,0.82251793,13.336611039102005,0.0,0.15015428702195466,0.0,300,0.03201127052307129,0.0005892350142949601,0.0005367693967611102,915451,13.597657048941423,0.0
3074,3.007338523864746,13.457303663632445,0.1735243811101146,13.625634445977251,13.167353796439306,0.0,0.1503891842893748,0.1,0.0033767223358154297,0.06266927719116211,0.04971829,0.91581064,13.34868030155505,0.0,0.15048021529480107,0.0,300,0.029741764068603516,0.0005433827748245116,0.00042949190187094825,915751,13.657091477439357,0.0
3075,2.9750492572784424,13.12758122922579,0.25246776049641273,13.489717706625612,12.813948742056875,0.0,0.15415894147750073,0.1,0.0031859874725341797,0.08524465560913086,0.04995061,1.5677388,13.326570394322124,0.0,0.14612815722238093,0.0,300,0.06190180778503418,0.0018848874620606211,0.0012809458634389867,916051,13.688278056398948,0.0
3076,3.0037307739257812,13.214201653933742,0.4203226631131774,13.590669267056189,12.50123145019662,0.0,0.14868937684448588,0.1,0.0032019615173339844,0.05954098701477051,0.049750898,0.55338615,13.315333520283286,0.0,0.14726526758723246,0.0,300,0.06909489631652832,0.0015983700656471958,0.001324780835599907,916351,13.772519756849393,0.0
3077,3.013834238052368,13.453816240329783,0.04855155698526294,13.516383479678423,13.398004146423899,0.0,0.14829952426241028,0.1,0.0032248497009277344,0.059066057205200195,0.050243217,1.4136686,13.329181792287935,0.0,0.15042484547202956,0.0,300,0.05154848098754883,0.0008577272684347681,0.00047838499045544893,916651,13.57374252258546,0.0
3078,3.1259713172912598,13.466939506521385,0.10090096214958516,13.571933224288147,13.324994702532384,0.0,0.15930804024321063,0.1,0.006647586822509766,0.10716629028320312,0.05069528,0.84158146,13.34295756371128,0.0,0.15055884930609403,0.0,300,0.029200315475463867,0.0006376167832315412,0.0006137929232654012,916951,13.698546759849492,0.0
3079,3.005654811859131,13.033562606105392,0.2614712019664654,13.313558888850793,12.625514223404236,0.0,0.15180311419385284,0.1,0.0030913352966308594,0.06141209602355957,0.050031595,0.64328647,13.312018067950692,0.0,0.1448371161271108,0.0,300,0.02991962432861328,0.0019410810078164917,0.0013315078646007092,917251,13.75580802476137,0.0
3080,2.9988129138946533,13.367134401746524,0.07697959578097455,13.437368163210511,13.249136592505325,0.0,0.15182332679869293,0.1,0.003130197525024414,0.06211996078491211,0.05006189,1.2729843,13.317529701330276,0.0,0.14921358353380423,0.0,300,0.029571056365966797,0.000754332009277653,0.0007012900281340098,917551,13.60002191026936,0.0
3081,3.085298538208008,13.434058437479464,0.07129824797192104,13.534765053223722,13.34315963157044,0.0,0.1548968257386911,0.1,0.0031585693359375,0.05817914009094238,0.049821842,1.3769612,13.329182574945195,0.0,0.15009927447090002,0.0,300,0.032857656478881836,0.0008133405778626224,0.0003653756770226922,917851,13.764768292568059,0.0
3082,3.0718324184417725,13.38340625583343,0.12259686238650348,13.512987291119215,13.256041454854868,0.0,0.1550650093746793,0.1,0.003094911575317383,0.0586550235748291,0.050017115,0.5675831,13.33460494303402,0.0,0.1494673567012761,0.0,300,0.029346942901611328,0.0005523359618301224,0.0006034599026411445,918151,13.639045039335747,0.0
3083,3.0257880687713623,13.547652027654157,0.07708278762592251,13.645020335478941,13.449089312439119,0.0,0.15361916614671947,0.1,0.0030443668365478516,0.05857682228088379,0.04995853,0.62081844,13.355909651496033,0.0,0.15161513441853924,0.0,300,0.05443835258483887,0.0005526459864392497,0.00037604615620723204,918451,13.663733941052948,0.0
3084,2.943103075027466,13.328816203967436,0.2548638137348462,13.683575388153136,13.075041003960697,0.0,0.15792138522068663,0.1,0.0036232471466064453,0.0631251335144043,0.04988107,0.91528404,13.353200306743174,0.0,0.14883456897864322,0.0,300,0.03074026107788086,0.001021149951707705,0.0008662757933265676,918751,13.734453967565434,0.0
3085,2.945141077041626,13.549714836779973,0.07779175293891236,13.649935441187532,13.456621545990085,0.0,0.16183436137864884,0.1,0.0033020973205566406,0.06156468391418457,0.049866114,1.3983392,13.372851759746855,0.0,0.15163378605473715,0.0,300,0.029614925384521484,0.000957813154881201,0.0006791647702450779,919051,13.760956081794925,0.0
3086,2.994699478149414,13.462833925683373,0.1823542419361237,13.67569645770025,13.183983585220771,0.0,0.15945645907616798,0.1,0.0033032894134521484,0.06103944778442383,0.049690615,0.6541986,13.381849976340508,0.0,0.15050744859783685,0.0,300,0.029677391052246094,0.0005212115081141302,0.000522475945969158,919351,13.71667733515634,0.0
3087,2.9650230407714844,13.560269641512441,0.11512200072266666,13.72886970720368,13.404559204358389,0.0,0.17119691429120068,0.1,0.003317117691040039,0.0636143684387207,0.049822785,0.9110893,13.399691942857702,0.0,0.1518024813907029,0.0,300,0.02998065948486328,0.0009221580596857921,0.0006298602447238442,919651,13.68512008337967,0.0
3088,2.968785285949707,13.047867456237189,0.8352679463126893,13.562854798027649,11.60218749802529,0.0,0.14460852299879487,0.1,0.0066912174224853516,0.07700514793395996,0.050478816,0.43954518,13.364509494195651,0.0,0.1449945014167331,0.0,300,0.02825617790222168,0.0017858999251182226,0.0015119114919637357,919951,13.818950333507786,0.0
3089,2.9812018871307373,13.506517168984468,0.1458900703446258,13.72546501480629,13.359709287125229,0.0,0.15311878417633606,0.1,0.00738525390625,0.062163591384887695,0.050024234,0.8771519,13.378710261674534,0.0,0.1510969732672244,0.0,300,0.02997112274169922,0.0005069396491632167,0.0004180800313361297,920251,13.827954967311982,0.0
3090,3.081686496734619,13.37857715948427,0.17537073919273097,13.548809207195657,13.093462726232291,0.0,0.15139754641375894,0.1,0.0034596920013427734,0.07872939109802246,0.05067385,0.64614314,13.378696951455508,0.0,0.14939028762942927,0.0,300,0.03203225135803223,0.0005273849238317046,0.00041659843979801405,920551,13.596454371600876,0.0
3091,3.0526437759399414,13.478649591461352,0.20560490263333456,13.697192364230762,13.268896588943457,0.0,0.1577624378191796,0.1,0.0032732486724853516,0.06258082389831543,0.04924814,1.4729645,13.388692215456093,0.0,0.15071346514796635,0.0,300,0.029508113861083984,0.0006236473682290854,0.0005037042887853008,920851,13.83202544396,0.0
3092,2.964080572128296,13.377926001194059,0.05910080837258857,13.441974677247583,13.283942998512082,0.0,0.15195088643270538,0.1,0.0031707286834716797,0.062165260314941406,0.050114095,1.4665017,13.387615594029889,0.0,0.14937911963967548,0.0,300,0.029595613479614258,0.0006051900276681106,0.0005113790290994534,921151,13.752615321966713,0.0
3093,3.023329257965088,13.376715380656917,0.08190387624441009,13.515396581966387,13.314001866284705,0.0,0.14810163165051243,0.1,0.0031359195709228516,0.059892892837524414,0.05000198,0.7830242,13.386525572692593,0.0,0.14938439581369292,0.0,300,0.029618263244628906,0.0006480573732962686,0.000524077409431739,921451,13.629832464349427,0.0
3094,3.049454689025879,13.394007262847465,0.32616293325983053,13.705814146292546,12.846100203364339,0.0,0.1517312884201247,0.1,0.0031328201293945312,0.0631563663482666,0.04992396,0.6665744,13.387273741708078,0.0,0.1495912170215998,0.0,300,0.02986621856689453,0.0008841088005863512,0.000628738807980919,921751,13.825836067162776,0.0
3095,3.0403993129730225,13.385464855112117,0.15674856361288064,13.593767935629979,13.16060559722412,0.0,0.16237344123016012,0.1,0.003191232681274414,0.06682729721069336,0.049937118,0.8685687,13.387092853048483,0.0,0.14949319244075387,0.0,300,0.06485629081726074,0.0016601866086574503,0.0010819664920141106,922051,13.6795304890563,0.0
3096,2.9999165534973145,13.429484526411619,0.1420314498731065,13.553608992983634,13.202810630332845,0.0,0.15163254254699313,0.1,0.005624294281005859,0.09696507453918457,0.049823776,1.0265157,13.391332020384796,0.0,0.15004896309068527,0.0,300,0.028505563735961914,0.0014228468645378768,0.0006967417159497509,922351,13.77544480731388,0.0
3097,3.0181901454925537,13.426471502461332,0.14228391307333846,13.5886593557319,13.214928465385777,0.0,0.1589331679737708,0.1,0.0029211044311523438,0.057506561279296875,0.05035523,0.59325534,13.39484596859245,0.0,0.1500147677186613,0.0,300,0.029453516006469727,0.0012911256706308722,0.0010434553441205,922651,13.60024248161954,0.0
3098,2.9438014030456543,13.434199989775516,0.07925411536408004,13.52849814682467,13.340666771109513,0.0,0.1567616518463177,0.1,0.003663778305053711,0.06061387062072754,0.050317477,0.8640927,13.398781370710758,0.0,0.15014265215127023,0.0,300,0.029801607131958008,0.0006660279659343874,0.0006303176947290815,922951,13.645261222870497,0.0
3099,2.986992597579956,13.221138260201684,0.35623837822827087,13.614630517900846,12.642318438671776,0.0,0.15765903751381352,0.1,0.013649463653564453,0.07561945915222168,0.049983505,0.60492903,13.38101705965985,0.0,0.14733456256825675,0.0,300,0.029540300369262695,0.0015006835807262794,0.0012558561026179073,923251,13.808166123903442,0.0
3100,2.9938950538635254,13.470970322815504,0.061886587675336474,13.542873841851131,13.385273038215846,0.0,0.15704808479987384,0.1,0.0037119388580322266,0.07454919815063477,0.050218195,1.1262414,13.390012385975417,0.0,0.15058001429798998,0.0,300,0.03177070617675781,0.0004477935273383984,0.00037225849744660283,923551,13.607494023979681,0.0
3101,3.0796103477478027,13.1224807033797,0.18597065647756625,13.423121769596099,12.938523291652213,0.0,0.16011015760376096,0.1,0.003322601318359375,0.06181812286376953,0.04992004,0.9515988,13.363259217715846,0.0,0.14599648309280797,0.0,300,0.028315067291259766,0.0008926532391145516,0.0007750633344480563,923851,13.861613495160922,0.0
3102,3.0101730823516846,13.545617162194167,0.04721426257079272,13.580996520552656,13.464432687884369,0.0,0.1569463491320053,0.1,0.003222942352294922,0.06142306327819824,0.049626965,1.1351985,13.381495012163679,0.0,0.15161826277874485,0.0,300,0.029633760452270508,0.0005740394344585642,0.0005176604170956681,924151,13.7608012751575,0.0
3103,3.031644105911255,13.442649285332877,0.18412151403438007,13.649744584511444,13.207976663857186,0.0,0.157682428805331,0.1,0.003352642059326172,0.06069803237915039,0.050279774,0.88408995,13.3876104394806,0.0,0.1501953193907648,0.0,300,0.029512882232666016,0.0005523559243963746,0.00048799123782340215,924451,13.698827506081775,0.0
3104,3.0022947788238525,13.494431034215697,0.10985895298014571,13.638637246622832,13.37822108088756,0.0,0.16807746958310218,0.1,0.003345489501953125,0.059305429458618164,0.04980957,0.87101173,13.39829249895411,0.0,0.15088864614536657,0.0,300,0.02991008758544922,0.0006795738941440735,0.0006198361480786199,924751,13.728498519764512,0.0
3105,2.9884393215179443,13.191922977720804,0.40929715525223054,13.456416673131358,12.485271769826067,0.0,0.15858453458766336,0.1,0.0031995773315429688,0.05843186378479004,0.05057218,1.0767812,13.377655546830779,0.0,0.1469231464171196,0.0,300,0.029596805572509766,0.0009688405185023272,0.0008236498934396459,925051,13.843852476773948,0.0
3106,3.037712574005127,13.419177399206282,0.22484555202005804,13.660352810331213,13.056291201816126,0.0,0.1584949764507382,0.1,0.003152132034301758,0.060169219970703125,0.049900934,1.0301237,13.38180773206833,0.0,0.14994360651374256,0.0,300,0.030411720275878906,0.0008892183675581175,0.0006427340993957402,925351,13.75374885726996,0.0
3107,3.0375988483428955,13.430144128418776,0.18750912360797714,13.636228133632317,13.132479463055013,0.0,0.16141045011978783,0.1,0.0031571388244628906,0.06217670440673828,0.049854748,1.2694676,13.386641371703375,0.0,0.15007767362937102,0.0,300,0.051773786544799805,0.00042419033159282754,0.00035172630403627203,925651,13.7614222483243,0.0
3108,3.09909725189209,13.380074095306304,0.1630661629992228,13.547702916360187,13.110250112913446,0.0,0.16447024172965397,0.1,0.0030946731567382812,0.05951356887817383,0.049908213,0.67177707,13.385984644063669,0.0,0.1494207378620705,0.0,300,0.02931499481201172,0.0009165422795677781,0.0007536589759222661,925951,13.752729820424689,0.0
3109,3.087885856628418,12.73687189385406,0.5225359451013158,13.565617307860133,12.249550477934795,0.0,0.15921777108770704,0.1,0.0031316280364990234,0.05936694145202637,0.0498985,0.59893745,13.321073369042708,0.0,0.14090315474405812,0.0,300,0.03166556358337402,0.0015337969050985764,0.00109302522440548,926251,13.850213767001568,0.0
3110,2.9755845069885254,13.233697112317358,0.1354733337147271,13.439601979112915,13.096647598108309,0.0,0.15097797844739014,0.1,0.0032758712768554688,0.06129884719848633,0.049854584,0.95462555,13.312335743370173,0.0,0.1474618396560437,0.0,300,0.029565095901489258,0.001444812174205785,0.001062089538358021,926551,13.693962499253738,0.0
3111,3.0761303901672363,13.376060006686185,0.1732845183248356,13.533433003618617,13.088474889921129,0.0,0.16413106682335166,0.1,0.0031158924102783203,0.06580996513366699,0.050131463,1.0386194,13.318708169701775,0.0,0.1493002854427833,0.0,300,0.02965688705444336,0.001543818758925803,0.0008872271089812775,926851,13.731633040001755,0.0
3112,3.0488204956054688,13.452417462883382,0.11083085095236525,13.603595144387025,13.302385467808813,0.0,0.1595931440526355,0.1,0.0044705867767333984,0.05909609794616699,0.049767975,0.63026613,13.332079099019936,0.0,0.15037543861310435,0.0,300,0.03118276596069336,0.00104897197553508,0.0006828462509644959,927151,13.72011431750992,0.0
3113,2.9640135765075684,13.434710713075333,0.1257307468195162,13.650671750602777,13.348409229684702,0.0,0.151671125997571,0.1,0.0030319690704345703,0.06056475639343262,0.05028664,0.6576941,13.342342260425475,0.0,0.1501249304042089,0.0,300,0.030124425888061523,0.0004949448232244669,0.0003533855330779702,927451,13.69196737920621,0.0
3114,2.9846620559692383,13.5146164887294,0.06621032385688577,13.610033599087606,13.451883151803138,0.0,0.1606530537424277,0.1,0.0037114620208740234,0.06273245811462402,0.049780864,1.2684543,13.359569683255868,0.0,0.151135706270571,0.0,300,0.029469728469848633,0.0004716914661283949,0.0004059753019154167,927751,13.811922878583545,0.0
3115,2.938960075378418,13.07999203242775,0.22522839383462964,13.320730799215688,12.729403432343325,0.0,0.16183167846906946,0.1,0.010178565979003906,0.0979607105255127,0.049368784,0.9286629,13.331611918173056,0.0,0.14540558294493008,0.0,300,0.029940128326416016,0.001080649552961801,0.0008342274971366917,928051,13.833880830865896,0.0
3116,3.0260939598083496,13.372552767908111,0.1143959617609084,13.535103534936226,13.244469032227531,0.0,0.17803873441210785,0.1,0.0034241676330566406,0.06128835678100586,0.049816355,0.6073344,13.335706003146562,0.0,0.14931246473594892,0.0,300,0.03142881393432617,0.001099650250402914,0.0007712771900434025,928351,13.859449536449267,0.0
3117,2.9721004962921143,13.441397823420509,0.11769215573171866,13.575121739656556,13.262006433912847,0.0,0.16131858862523205,0.1,0.0032448768615722656,0.13623523712158203,0.05097833,2.1894908,13.346275185173957,0.0,0.1502525290122262,0.0,300,0.02953934669494629,0.000762251446528045,0.0005142570416998835,928651,13.641036293531391,0.0
3118,2.8918211460113525,13.337666727220707,0.2510075214701066,13.582159332608061,12.968477713067973,0.0,0.16110612637524394,0.1,0.003368377685546875,0.05994606018066406,0.049386706,1.2508032,13.345414339378632,0.0,0.1489236515574537,0.0,300,0.03904414176940918,0.0005342807301339706,0.0006141521446119094,928951,13.720203747468814,0.0
3119,2.9807660579681396,13.3468211480801,0.1024266748499513,13.455648488599108,13.179887649772237,0.0,0.15621119351723267,0.1,0.003281116485595703,0.06043362617492676,0.049945146,1.5887911,13.345555020248778,0.0,0.14898521787590385,0.0,300,0.031991004943847656,0.0009732081170699899,0.0007993550699496969,929251,13.773532660145,0.0
3120,2.9882044792175293,13.61944996765414,0.09480619747562323,13.732454734193528,13.47892616062664,0.0,0.17370783060945436,0.1,0.003325223922729492,0.06088995933532715,0.049786683,0.64154416,13.372944514989316,0.0,0.15258396989893067,0.0,300,0.0298001766204834,0.0007709360510430221,0.000699660129909215,929551,13.649709795336834,0.0
3121,2.9335548877716064,13.538857231700632,0.09173578944523596,13.691631993103412,13.465578722899776,0.0,0.16078661764204183,0.1,0.003141641616821289,0.11001324653625488,0.049969554,0.6514483,13.38953578666045,0.0,0.15148660003219755,0.0,300,0.041974782943725586,0.0005562714799548606,0.000457520170200078,929851,13.48287548404369,0.0
3122,3.032435655593872,13.136266365229428,0.599012274692727,13.537335043356498,12.100621071657374,0.0,0.15500158555496724,0.1,0.0032265186309814453,0.05937480926513672,0.05021116,0.45649606,13.364208844517346,0.0,0.14618824021683766,0.0,300,0.03020954132080078,0.0028702705643690167,0.002138393562313096,930151,13.599145243204243,0.0
3123,3.0418171882629395,13.263547447275936,0.31383715096464077,13.511036635191243,12.724998644744504,0.0,0.15290594583356898,0.1,0.004483461380004883,0.08177399635314941,0.049977217,1.3311673,13.354142704793206,0.0,0.147867573910735,0.0,300,0.030190229415893555,0.0016983637321867173,0.001185450233093924,930451,13.617999370422247,0.0
3124,2.978882312774658,13.441627892243412,0.1301926924286467,13.643942791838608,13.286877076531825,0.0,0.15772408789620532,0.1,0.0059888362884521484,0.12298703193664551,0.050054036,1.2407199,13.362891223538227,0.0,0.1502292933627909,0.0,300,0.029932498931884766,0.0010104011468928438,0.0005228746553614815,930751,13.665233797720143,0.0
3125,3.08429217338562,13.653203834230128,0.09365291012295304,13.7534955983755,13.502841643573822,0.0,0.160661565999249,0.1,0.003059864044189453,0.05883359909057617,0.049890783,0.70164,13.391922484607418,0.0,0.15306318766639654,0.0,300,0.032491207122802734,0.00045986299117663644,0.00037721365115067824,931051,13.526157011126609,0.0
3126,3.0104379653930664,13.441776921313236,0.036730289616840724,13.500611284899348,13.401200271854401,0.0,0.15224275786770178,0.1,0.012632131576538086,0.06067371368408203,0.049806662,0.9895584,13.396907928277999,0.0,0.1502245712703239,0.0,300,0.031152963638305664,0.00041371910555942866,0.0003441570408442569,931351,13.65672524075089,0.0
3127,3.012721061706543,13.58462867996242,0.08749665057415003,13.694796479575869,13.449865611438948,0.0,0.16572171034858113,0.1,0.0029108524322509766,0.05715012550354004,0.050229173,0.6887684,13.415680003446441,0.0,0.15211697317764797,0.0,300,0.029255390167236328,0.00041386825669077716,0.0003677444186621203,931651,13.639870519006237,0.0
3128,3.0331709384918213,13.40825050462936,0.13485058448166432,13.562165201624547,13.256398691671574,0.0,0.16656240347539128,0.1,0.0030050277709960938,0.059691429138183594,0.049943265,0.6736511,13.414937053564733,0.0,0.1497280090616193,0.0,300,0.029291629791259766,0.0007325143652590641,0.0005799261719115454,931951,13.67724964047889,0.0
3129,3.182298183441162,13.303315343153908,0.2624254916244854,13.680233592428609,12.94415796346414,0.0,0.15208408502147205,0.1,0.0029554367065429688,0.05663180351257324,0.050295226,1.3405999,13.403774882523651,0.0,0.14837217124900454,0.0,300,0.0372920036315918,0.0008486681630426011,0.0007793687307154536,932251,13.602622721955747,0.0
3130,3.005615711212158,13.358537746307945,0.3272221150865494,13.642451325191706,12.814043550657198,0.0,0.1590945750292194,0.1,0.0036950111389160156,0.06174898147583008,0.050087787,0.95320404,13.399251168902081,0.0,0.14915586037717418,0.0,300,0.029697656631469727,0.0009425749249818685,0.0007379363395048012,932551,13.703347909875456,0.0
3131,2.98362135887146,13.493381144156977,0.11207347748634564,13.682556295859998,13.389290813654856,0.0,0.16115991917572184,0.1,0.0035011768341064453,0.06132674217224121,0.050270136,0.8346444,13.40866416642757,0.0,0.15088290384309289,0.0,300,0.03024148941040039,0.0007991723408761595,0.0005951383529849618,932851,13.672148836037465,0.0
3132,3.076159954071045,13.369476598032168,0.13182852188773173,13.526720557278638,13.228988547016648,0.0,0.15701663975476107,0.1,0.0033860206604003906,0.06340622901916504,0.049815774,0.59595054,13.404745409588031,0.0,0.14926173253808633,0.0,300,0.029616355895996094,0.000979586095522583,0.0008048991150952931,933151,13.631477898082553,0.0
3133,3.02375864982605,13.391633982497272,0.13663007638514382,13.564439934988567,13.20163878030071,0.0,0.16273963192803526,0.1,0.003269672393798828,0.05932784080505371,0.050462928,0.6368396,13.403434266878955,0.0,0.14956671880632624,0.0,300,0.03021407127380371,0.0005428187326388751,0.0004491688100449629,933451,13.761110372692626,0.0
3134,3.0336008071899414,13.51551613508651,0.07080954730243608,13.633550072144738,13.45213299286366,0.0,0.15693036914179487,0.1,0.003668546676635742,0.1101987361907959,0.049582336,1.3873628,13.414642453699711,0.0,0.15116321405963506,0.0,300,0.039422035217285156,0.0008429017333679344,0.0005878318679242588,933751,13.66351644213657,0.0
3135,3.0036261081695557,13.475389725604115,0.03038972502854974,13.50279161347369,13.425390639058714,0.0,0.16220693054315866,0.1,0.01005244255065918,0.07875800132751465,0.04986149,0.8523068,13.42071718089015,0.0,0.15065060533677788,0.0,300,0.029544830322265625,0.0004792022155724975,0.00046082379370473536,934051,13.615445273179795,0.0
3136,3.054504632949829,13.533584130561197,0.10922354684262331,13.707941875038907,13.427548297351251,0.0,0.18056380361064203,0.1,0.0031948089599609375,0.058264970779418945,0.04968296,0.6524823,13.432003875857255,0.0,0.15150819684989617,0.0,300,0.030018091201782227,0.0006207400194527035,0.0005690732976293328,934351,13.7391387728982,0.0
3137,3.051915168762207,13.355949148912853,0.08601457767718891,13.424481183754938,13.209874663558468,0.0,0.16668775525974477,0.1,0.003245830535888672,0.06177067756652832,0.050024096,0.7989677,13.424398403162815,0.0,0.14911379172705436,0.0,300,0.030026674270629883,0.0007254568466119579,0.0005531662885425947,934651,13.64333753202638,0.0
3138,3.0004403591156006,13.534606732637517,0.09738043111238727,13.693820448557473,13.451263395509605,0.0,0.15680521412038118,0.1,0.0032024383544921875,0.0597684383392334,0.049903966,1.0736151,13.435419236110286,0.0,0.1514825362379063,0.0,300,0.030331850051879883,0.00040914076253139117,0.0003648378314076695,934951,13.606921473790777,0.0
3139,3.0968921184539795,13.60027306775638,0.05605880054175942,13.681663996947504,13.526823356816152,0.0,0.16629262674441547,0.1,0.003220081329345703,0.11684060096740723,0.04998639,1.3525646,13.451904619274897,0.0,0.1523577132614549,0.0,300,0.04130053520202637,0.00044502108002040413,0.0003124605764339821,935251,13.534637796412662,0.0
3140,3.0788073539733887,11.773603708882291,3.133780563324504,13.640074248864046,6.34623289453458,0.0,0.14162881694298066,0.1,0.003177642822265625,0.05818438529968262,0.05371459,0.28354874,13.284074528235637,0.0,0.12831748347045863,0.0,300,0.02910137176513672,0.02911136341084435,0.016007863351807313,935551,13.62579989201254,0.0
3141,2.9854347705841064,13.235577217940056,0.17363461726145143,13.494470335331068,13.0133072860589,0.0,0.14155267969303473,0.1,0.003144502639770508,0.06099081039428711,0.049051564,0.853867,13.279224797206078,0.0,0.14753426818456564,0.0,300,0.02968430519104004,0.0044075660934899735,0.0032557895153920457,935851,13.52747846774831,0.0
3142,3.008720636367798,13.571690413976874,0.1057413873228081,13.666609902156747,13.392440676003813,0.0,0.14361160649184995,0.1,0.002989053726196289,0.057761192321777344,0.049126875,11.764168,13.308471358883159,0.0,0.15201484482484418,0.0,300,0.032779693603515625,0.0029013242085895088,0.001101544855401182,936151,13.728943939528426,0.0
3143,2.9746696949005127,13.447490026470053,0.04580658248322691,13.521467200528402,13.395901535265446,0.0,0.15884646301667937,0.1,0.003136157989501953,0.05753135681152344,0.049782395,1.3038129,13.322373225641847,0.0,0.15032181850122456,0.0,300,0.029511690139770508,0.0010212152865700017,0.001388459595026818,936451,13.741832283566984,0.0
3144,3.063197135925293,13.500916039557563,0.13547464074070792,13.623328467779016,13.277712452139998,0.0,0.14402618597892472,0.1,0.0030853748321533203,0.05979800224304199,0.0508588,0.7845402,13.340227507033418,0.0,0.15100627231891567,0.0,300,0.035607099533081055,0.0014710109112022582,0.0008551644113671257,936751,13.74241381167811,0.0
3145,3.073837995529175,13.528410819642414,0.11378995320370866,13.721736514017957,13.427829806802523,0.0,0.15160781972208584,0.1,0.0032668113708496094,0.07625389099121094,0.050091054,1.6143601,13.359045838294318,0.0,0.15140132629584718,0.0,300,0.030174970626831055,0.0006995971574766909,0.0005664098154035685,937051,13.745107154347407,0.0
3146,2.961932897567749,13.36052745706097,0.16476398466143768,13.49832100241535,13.081862926219955,0.0,0.1560367478789783,0.1,0.003943681716918945,0.06254315376281738,0.049748972,0.80213004,13.359194000170982,0.0,0.1491618614391843,0.0,300,0.039588212966918945,0.0006118809181833315,0.0005785635490621259,937351,13.679722993404111,0.0
3147,2.9791738986968994,13.483398841481709,0.14752586983366983,13.70217875959611,13.286025102954007,0.0,0.15942926467967655,0.1,0.006967067718505859,0.08394050598144531,0.049986433,1.4582776,13.371614484302055,0.0,0.15083844416526146,0.0,300,0.030035734176635742,0.000719160841110707,0.0005543709795492789,937651,13.710513164330274,0.0
3148,3.0069448947906494,13.488038750653482,0.13036964011881383,13.676872539032724,13.335115185759815,0.0,0.15345377738469132,0.1,0.003377199172973633,0.0608210563659668,0.050004855,0.5857202,13.383256910937199,0.0,0.1508463698389753,0.0,300,0.030684471130371094,0.0010159290805569652,0.0006858008350951846,937951,13.710861653430817,0.0
3149,2.9636902809143066,13.299298475126196,0.31876803401683557,13.64601916625577,12.814822476313646,0.0,0.15981826420770853,0.1,0.003417491912841797,0.06013679504394531,0.051020402,0.8992409,13.374861067356099,0.0,0.14832977125073482,0.0,300,0.029811620712280273,0.0017666168631205095,0.0013191455773018763,938251,13.53760333898643,0.0
3150,3.062331438064575,13.474105491591189,0.0936025071173531,13.557367865848558,13.315818654526925,0.0,0.16063378505413797,0.1,0.003298044204711914,0.062079668045043945,0.05016503,1.1173553,13.384785509779608,0.0,0.1506445467819484,0.0,300,0.05156660079956055,0.0009243589410114448,0.0005775796990806506,938551,13.579282162874867,0.0
3151,3.0188770294189453,13.438870310644273,0.06507486298636248,13.498213011093277,13.330063966381996,0.0,0.16003454731881617,0.1,0.003166675567626953,0.1324167251586914,0.049995326,0.97760713,13.390193989866075,0.0,0.1501962090080098,0.0,300,0.030348539352416992,0.0012425712636676448,0.0008087843762075288,938851,13.676299380841762,0.0
3152,2.991177797317505,13.391242567559287,0.1736645996523344,13.537842547879432,13.095048859352184,0.0,0.15935008497366887,0.1,0.006663799285888672,0.0964365005493164,0.049938705,0.45244756,13.390298847635396,0.0,0.1496074917441787,0.0,300,0.030127286911010742,0.0009127235537049553,0.0005700520005097083,939151,13.54503443341729,0.0
3153,2.991816997528076,13.410220956233676,0.14445846599412063,13.514671796991028,13.1622555503064,0.0,0.1666411771803767,0.1,0.0034608840942382812,0.06016087532043457,0.050483562,0.78832185,13.392291058495225,0.0,0.14988654100037457,0.0,300,0.02979135513305664,0.0006104456873185475,0.00048223722566376664,939451,13.675363041122205,0.0
3154,3.1218247413635254,12.943262663927047,0.8168451912724486,13.432586436880914,11.528681585307956,0.0,0.14480668652778098,0.1,0.014638185501098633,0.07391715049743652,0.050402906,0.7236725,13.347388219038407,0.0,0.14361917402837765,0.0,300,0.032640933990478516,0.0016679405519324363,0.0014630540769752598,939751,13.719990846680359,0.0
3155,3.0318093299865723,13.502327041392617,0.0297044478105836,13.55287485117223,13.476452177216661,0.0,0.15098520761032788,0.1,0.0032656192779541016,0.05833864212036133,0.051344577,1.0965139,13.36288210127383,0.0,0.15100371344072808,0.0,300,0.03345537185668945,0.0008139928232581483,0.0007663258291303296,940051,13.61894304799017,0.0
3156,3.0432424545288086,13.28734022880042,0.22803535073640152,13.501916545497979,12.905540729545708,0.0,0.15262899048021333,0.1,0.003060579299926758,0.057549238204956055,0.05009863,1.1234889,13.355327914026489,0.0,0.14816780248579436,0.0,300,0.04790163040161133,0.00132998404886275,0.000982134840606003,940351,13.756700551331788,0.0
3157,3.063084363937378,13.379078180884253,0.13404079470236932,13.577189419766988,13.233159497152473,0.0,0.1547078457365585,0.1,0.0031020641326904297,0.05764436721801758,0.04924345,0.95428103,13.357702940712265,0.0,0.14943007535073544,0.0,300,0.029427766799926758,0.0012437231647893301,0.0007363957671903891,940651,13.654418493227562,0.0
3158,2.9906165599823,13.393394457670727,0.07328528658331886,13.519414205016172,13.337055883772479,0.0,0.18180584907633535,0.1,0.0031213760375976562,0.05721092224121094,0.05059621,0.8364401,13.361272092408111,0.0,0.1496149571329931,0.0,300,0.03018331527709961,0.0011837526395331486,0.0010821902621230212,940951,13.520863976895939,0.0
3159,3.0961458683013916,13.16731020225555,0.5216314717647851,13.550755100604771,12.272905921071908,0.0,0.13656092142614026,0.1,0.0060956478118896484,0.13107013702392578,0.04901835,0.81977296,13.341875903392856,0.0,0.1466134864031965,0.0,300,0.031192779541015625,0.0012438950590408153,0.0009068116055800712,941251,13.732578795484145,0.0
3160,3.0067965984344482,13.478723740283428,0.06950933510017014,13.562528270446654,13.396492254456426,0.0,0.1616091943771875,0.1,0.003047943115234375,0.06138873100280762,0.04992714,1.0958482,13.355560687081914,0.0,0.15072847126278127,0.0,300,0.030009746551513672,0.0009341101286989688,0.0007591724811734714,941551,13.76520008961637,0.0
3161,3.070756435394287,13.129095419293018,0.599002015120166,13.485962417533647,12.091701437089908,0.0,0.15060887865888076,0.1,0.003020763397216797,0.058696746826171875,0.04984099,0.59153575,13.332914160303023,0.0,0.14620935925370068,0.0,300,0.05209708213806152,0.0025964229958716297,0.002402303121975785,941851,13.625634593359301,0.0
3162,3.1290199756622314,13.348792725185398,0.31765751210714105,13.57364738519273,12.805876452780417,0.0,0.1546790205649064,0.1,0.0030307769775390625,0.06088447570800781,0.04839044,1.0948884,13.33450201679126,0.0,0.1489871269445516,0.0,300,0.029745817184448242,0.0024063475420575227,0.0015212490640297612,942151,13.70790906689507,0.0
3163,2.9659318923950195,13.174372187606956,0.29309083743049585,13.527181213752351,12.76159072722773,0.0,0.15003558321953733,0.1,0.003558635711669922,0.08085393905639648,0.0502656,1.7538763,13.31848903387283,0.0,0.14666387230854436,0.0,300,0.06361126899719238,0.0021303153128523285,0.001411325398852725,942451,13.706047115880091,0.0
3164,2.9498438835144043,12.997264708549414,0.9085460002447198,13.658295576502148,11.43052721715879,0.0,0.1453377628829844,0.1,0.003415346145629883,0.12767696380615234,0.04993119,0.4997278,13.28636660134049,0.0,0.14443826038142515,0.0,300,0.038968563079833984,0.0032673022008668294,0.003030985207034719,942751,13.615903213100163,0.0
3165,3.005863904953003,13.080612710346449,0.4321146809476104,13.417906184183225,12.338277881263004,0.0,0.1468304242418747,0.1,0.00750732421875,0.07600927352905273,0.04968781,4.0066886,13.265791212241087,0.0,0.14556479987652396,0.0,300,0.033470869064331055,0.0012435870273918165,0.0011605946587693755,943051,13.687130484666099,0.0
3166,2.9948835372924805,13.437473363427433,0.13871105304397213,13.598016236778435,13.21596204661462,0.0,0.15616091476891789,0.1,0.003348112106323242,0.061929941177368164,0.0497911,1.775296,13.282959427359721,0.0,0.15016576773824247,0.0,300,0.032358646392822266,0.0007679196948440805,0.0005904418875263571,943351,13.72350682360503,0.0
3167,3.01850962638855,13.234886078262955,0.2872280957293055,13.568213348785552,12.785209455299274,0.0,0.15684689918376996,0.1,0.0033860206604003906,0.061675310134887695,0.050107937,0.61408657,13.278152092450044,0.0,0.1475226530483333,0.0,300,0.02941441535949707,0.0015142155144313072,0.001044658154639282,943651,13.790309046592819,0.0
3168,3.037788152694702,13.45362670773527,0.09929119616495946,13.620692040239677,13.371300598568268,0.0,0.1636997288326981,0.1,0.003378152847290039,0.05977487564086914,0.04982042,0.86668754,13.295699553978567,0.0,0.15036959897944885,0.0,300,0.030855655670166016,0.0013662051336350751,0.000784616639161063,943951,13.651456360364277,0.0
3169,2.998279094696045,13.383699055179713,0.10641667083478107,13.47889859535146,13.212253179315292,0.0,0.151005563158246,0.1,0.003103971481323242,0.0638422966003418,0.050238013,1.174088,13.304499504098683,0.0,0.1494661693626908,0.0,300,0.029649019241333008,0.000794261409012298,0.00047031044551399157,944251,13.708477432445305,0.0
3170,3.017425298690796,13.496887279216027,0.12531543865818917,13.60611961086585,13.2858347057152,0.0,0.16690411484767145,0.1,0.0031571388244628906,0.05945014953613281,0.049862638,0.8155096,13.323738281610417,0.0,0.15093481905781192,0.0,300,0.02993631362915039,0.0006688973420931292,0.0005775885737948158,944551,13.641238197269653,0.0
3171,3.037693500518799,13.066684828073289,0.8281248585981104,13.713252695437776,11.644035137163495,0.0,0.1415501709467335,0.1,0.0030374526977539062,0.06571507453918457,0.049565896,0.6956813,13.298032936256705,0.0,0.14521195711002194,0.0,300,0.07585358619689941,0.00228517451654448,0.0017002979076227304,944851,13.813966975116093,0.0
3172,3.024543523788452,13.378427999893496,0.17722486524136077,13.526500879562917,13.083996931853745,0.0,0.1576129769316319,0.1,0.003099203109741211,0.05889320373535156,0.049980838,0.68150675,13.306072442620385,0.0,0.14939073791392612,0.0,300,0.03466534614562988,0.001445535428409674,0.0009219238272378731,945151,13.592523735381489,0.0
3173,3.0625650882720947,13.406054701829607,0.14433073629787327,13.523180382933518,13.166173773988346,0.0,0.1588225976949089,0.1,0.0031816959381103516,0.05938982963562012,0.05026606,1.2463809,13.316070668541307,0.0,0.14986450362496218,0.0,300,0.04105353355407715,0.0014906371838213127,0.0008116305194585869,945451,13.687149324254264,0.0
3174,3.0150704383850098,12.739496508332163,1.2604183913779339,13.51278606145775,10.557371423599868,0.0,0.1361250080723387,0.1,0.006719112396240234,0.06984543800354004,0.049934447,0.31542373,13.258413252520393,0.0,0.14087652486546043,0.0,300,0.03001236915588379,0.0034109572260747965,0.002820770868996686,945751,13.667189281993585,0.0
3175,3.02850604057312,13.404020662860063,0.11750760343236405,13.491372873717046,13.201913242721542,0.0,0.15267217458000948,0.1,0.003010988235473633,0.05776071548461914,0.04983658,1.1808704,13.272973993554361,0.0,0.14974336175776495,0.0,300,0.02977585792541504,0.0005000106614475415,0.0006324938657621158,946051,13.69486914107038,0.0
3176,3.0235941410064697,13.426769475062326,0.06771608825068721,13.519294273125553,13.328195338918539,0.0,0.15724757136442324,0.1,0.005611419677734375,0.0715327262878418,0.04974428,1.3154136,13.288353541705158,0.0,0.15002042214708755,0.0,300,0.07987189292907715,0.000525155923920599,0.0003671463749515806,946351,13.684696394554718,0.0
3177,2.9971351623535156,13.29894395976792,0.27646862248736576,13.619756640652916,12.857084921481274,0.0,0.16133862549330083,0.1,0.021653413772583008,0.10426568984985352,0.05027837,2.5941489,13.289412583511435,0.0,0.1483467884445531,0.0,300,0.030034542083740234,0.000880234117886277,0.0007669063441032716,946651,13.589240461845607,0.0
3178,2.9670655727386475,13.389703471823744,0.21240413230733568,13.702716912048972,13.129176432028467,0.0,0.1540947294234159,0.1,0.0033769607543945312,0.05983138084411621,0.04989857,0.75145185,13.299441672342667,0.0,0.14962934441400758,0.0,300,0.03028249740600586,0.0013059562640306028,0.0008982292253475614,946951,13.835469720628081,0.0
3179,2.9896676540374756,13.248835138588543,0.3339893207758343,13.561464233584422,12.72115978555482,0.0,0.14899645996158342,0.1,0.0034449100494384766,0.12113714218139648,0.048413787,3.821539,13.294381018967254,0.0,0.14764053245358777,0.0,300,0.04069399833679199,0.0014824216966798946,0.0012939816734251633,947251,13.639091308789963,0.0
3180,3.0014734268188477,13.429304486271329,0.14850367202638973,13.6539275228847,13.239948586542212,0.0,0.15961923947624782,0.1,0.003328561782836914,0.06197786331176758,0.05008743,1.0315598,13.307873365697661,0.0,0.1500298335267663,0.0,300,0.0318760871887207,0.0004572250244629618,0.00039450271132293976,947551,13.695626415648944,0.0
3181,2.9865031242370605,13.223403754537483,0.16674206073968412,13.416493580513691,13.025175531689106,0.0,0.14244373316721565,0.1,0.0033288002014160156,0.0597996711730957,0.050401397,1.6302844,13.299426404581643,0.0,0.14743753055637698,0.0,300,0.029473066329956055,0.0008132737061158049,0.00053014243526095,947851,13.614785746176532,0.0
3182,3.0421066284179688,13.46294406867004,0.12557987687241556,13.581569229112787,13.276332787475763,0.0,0.15756844901517658,0.1,0.0031309127807617188,0.06209588050842285,0.04986817,1.343288,13.315778170990484,0.0,0.150541292834591,0.0,300,0.032683372497558594,0.0006138545906509644,0.000535914225974722,948151,13.721594742496242,0.0
3183,3.007230043411255,12.649315445151192,0.6836954964721134,13.410879692879083,11.72199109370374,0.0,0.14887683641455746,0.1,0.003337860107421875,0.05901217460632324,0.050684042,0.49148712,13.249131898406556,0.0,0.13986329793670899,0.0,300,0.03185868263244629,0.002468398006258828,0.0016411106129766055,948451,13.702706229382054,0.0
3184,2.9550938606262207,12.745609613212533,0.7421087763820294,13.557155552856155,11.98816032206993,0.0,0.14039727284073952,0.1,0.0031442642211914062,0.061277151107788086,0.050909195,0.7017726,13.198779669887154,0.0,0.14107668455451294,0.0,300,0.029523372650146484,0.0016219536780951564,0.0013760200901786342,948751,13.735937857193013,0.0
3185,3.044896125793457,13.206195592265825,0.44473580945732805,13.55101515848229,12.442203894968916,0.0,0.1506433601950516,0.1,0.0032994747161865234,0.05890655517578125,0.048808392,1.6475267,13.199521262125021,0.0,0.14712531324473305,0.0,300,0.030812740325927734,0.0013911230929431106,0.0009562970825855561,949051,13.735283227921778,0.0
3186,3.037031888961792,13.49345042214692,0.10755478769714914,13.600385893345381,13.361665364810928,0.0,0.17093023300060323,0.1,0.002984285354614258,0.06802606582641602,0.049961835,0.83423907,13.22891417812721,0.0,0.15093334715365817,0.0,300,0.0652923583984375,0.0011994452755694125,0.000841580544325263,949351,13.54944500685356,0.0
3187,3.0467069149017334,13.393573870665234,0.23216313345311507,13.638261266530682,13.034558487173479,0.0,0.1465130906632546,0.1,0.0031561851501464844,0.09906530380249023,0.05049312,0.75013256,13.245380147381013,0.0,0.14962128335180488,0.0,300,0.04765009880065918,0.0014822689262138573,0.0007899787300532825,949651,13.680642601049364,0.0
3188,3.0362823009490967,13.06844313308053,0.6463476399809098,13.485055116596296,11.949925953097322,0.0,0.142490006807802,0.1,0.0030930042266845703,0.05755114555358887,0.04880269,0.5282971,13.227686445950965,0.0,0.14523182405826868,0.0,300,0.029552936553955078,0.002302085234518904,0.00206445431142823,949951,13.664204852542161,0.0
3189,3.0466439723968506,13.287149075669832,0.36415467164154436,13.724152023116375,12.923164109513879,0.0,0.15904297678471876,0.1,0.0029714107513427734,0.05746626853942871,0.050034788,0.5578855,13.233632708922853,0.0,0.1481914611007071,0.0,300,0.029947519302368164,0.0010995690963962353,0.0008573014837957661,950251,13.751272429000359,0.0
3190,3.0486574172973633,13.548256568987458,0.049685091703378294,13.613775276909173,13.493391755794018,0.0,0.1509961230700576,0.1,0.0030107498168945312,0.05718684196472168,0.049581643,2.3959463,13.265095094929315,0.0,0.15167573968513992,0.0,300,0.029293298721313477,0.0009728729974368166,0.0005001646389283122,950551,13.75454571207117,0.0
3191,3.0063276290893555,13.533208966834732,0.051524441220330224,13.595998260548045,13.468070597615428,0.0,0.1724448798972148,0.1,0.012883663177490234,0.06700992584228516,0.049953643,0.8633611,13.291906482119856,0.0,0.15146701580585079,0.0,300,0.029422998428344727,0.0007540250752605187,0.0006729924742354981,950851,13.66764914567171,0.0
3192,2.9866671562194824,13.350627617032874,0.20410993590397405,13.651629662118353,13.141020338304772,0.0,0.1557367257119303,0.1,0.003405332565307617,0.05958271026611328,0.049929842,0.9135073,13.297778595611158,0.0,0.1491224817562787,0.0,300,0.030794620513916016,0.0015765198637166787,0.0010158162638528774,951151,13.665837920803964,0.0
3193,3.071805000305176,13.015866491624319,0.36013927305602217,13.449761437701046,12.552447749572773,0.0,0.15946986811604788,0.1,0.003316164016723633,0.059298038482666016,0.04991832,0.6237309,13.269587385212475,0.0,0.14469080773524814,0.0,300,0.04772067070007324,0.0008912950645162494,0.0006626497612118545,951451,13.755249267414683,0.0
3194,3.015235662460327,13.465979119846843,0.154303657725995,13.684377467549002,13.24881060981958,0.0,0.1649292322315086,0.1,0.012485980987548828,0.059815406799316406,0.049859308,0.87010914,13.289226558675912,0.0,0.15055318782037724,0.0,300,0.029790163040161133,0.0005354975967650372,0.0005519414849485192,951751,13.79737465561343,0.0
3195,3.0048744678497314,13.000372157829622,0.9052176384129598,13.685361713734952,11.449910230055233,0.0,0.1477026182848733,0.1,0.0032389163970947266,0.06098365783691406,0.049820226,0.8434343,13.260341118591283,0.0,0.1443490001579344,0.0,300,0.029542207717895508,0.004215788727075722,0.0033493540741671396,952051,13.692869672235615,0.0
3196,2.977429151535034,13.513185845129613,0.05245558530847958,13.59617179401033,13.461798600563434,0.0,0.18014997921503248,0.1,0.003267526626586914,0.06230926513671875,0.049997635,0.6403866,13.285625591245116,0.0,0.1512098051604847,0.0,300,0.031438350677490234,0.0036464205479276248,0.002176058003925866,952351,13.618020846537597,0.0
3197,3.018000364303589,13.471924579429597,0.05513656456571777,13.532209774860728,13.382141406888959,0.0,0.16438448572901126,0.1,0.003256082534790039,0.05935978889465332,0.050067507,0.8100151,13.304255490063564,0.0,0.1506165286105618,0.0,300,0.04173612594604492,0.0035175171601575126,0.001590832032438032,952651,13.799784474397393,0.0
3198,2.9493420124053955,13.17036488883736,0.25947132412392954,13.50117117611608,12.873961937388378,0.0,0.14992204518618965,0.1,0.0030891895294189453,0.05991768836975098,0.049527377,0.6308761,13.290866429940944,0.0,0.14670402434976468,0.0,300,0.06434798240661621,0.002472402047330499,0.0010431304385208648,952951,13.72948521788527,0.0
3199,3.0882697105407715,13.422048704555394,0.09762048096026142,13.53805769324457,13.316881729006646,0.0,0.16134054798354505,0.1,0.0033271312713623047,0.0642545223236084,0.050197247,0.9139859,13.30398465740239,0.0,0.14996224103829475,0.0,300,0.030393600463867188,0.0008552383750156608,0.0006596596172239176,953251,13.588141448105576,0.0
3200,3.081796169281006,12.746329749709206,0.9487485621620911,13.480700879531108,11.121416645469925,0.0,0.14216730891208998,0.1,0.00906682014465332,0.0676126480102539,0.049518753,0.40625337,13.248219166633072,0.0,0.14100541866435853,0.0,300,0.030190229415893555,0.0037023590326914213,0.00325543975465157,953551,13.632711922765404,0.0
3201,3.020958423614502,13.410916633928146,0.16058188423951214,13.62820079580847,13.176941275726318,0.0,0.16481578691908108,0.1,0.0032339096069335938,0.06265926361083984,0.050122514,1.1287271,13.26448891336258,0.0,0.14983777918994134,0.0,300,0.02949047088623047,0.0028662019315117042,0.0015642166777510844,953851,13.679586893255335,0.0
3202,3.072280168533325,13.522384759000158,0.09896261800844508,13.636886672169844,13.41345705168588,0.0,0.16140797371291984,0.1,0.0031921863555908203,0.057848215103149414,0.050342742,1.1978067,13.290278497926339,0.0,0.1512779376970084,0.0,300,0.031731367111206055,0.0014013221451132246,0.0009479466846568925,954151,13.612571378138961,0.0
3203,3.0815138816833496,13.37917225801247,0.3204537814515909,13.64697578700002,12.83297112741339,0.0,0.15887299213161885,0.1,0.0030231475830078125,0.06053876876831055,0.05026208,0.6291143,13.299167873934952,0.0,0.1493645094560152,0.0,300,0.029853105545043945,0.001173262540214465,0.0009267306564180725,954451,13.780206272678308,0.0
3204,3.028186559677124,13.494251457402136,0.0632648314652582,13.565749648982631,13.415717127919013,0.0,0.156766308638955,0.1,0.002929210662841797,0.05829668045043945,0.04976115,0.96447325,13.318676232281671,0.0,0.1509422325652089,0.0,300,0.030352354049682617,0.00046734879741362284,0.00045258821808972924,954751,13.641888260660693,0.0
3205,3.0347421169281006,13.49391444069898,0.06461558151543707,13.602007969141043,13.4325783027612,0.0,0.15728417385833848,0.1,0.01177525520324707,0.05810809135437012,0.049911786,1.2371725,13.336200053123402,0.0,0.15092181186759482,0.0,300,0.02991199493408203,0.0005343039234246982,0.0003956039776815379,955051,13.64403486995632,0.0
3206,2.981766700744629,13.51695264254021,0.10038841880479707,13.684051864177174,13.417289352006797,0.0,0.16755278268745374,0.1,0.004060983657836914,0.06379508972167969,0.049660992,0.67413485,13.354275312065083,0.0,0.1512360200380446,0.0,300,0.038192033767700195,0.00040476049824443805,0.000375578315396295,955351,13.62651834724501,0.0
3207,2.9135982990264893,13.342837962992323,0.28955723648066356,13.577200395113595,12.848833226155039,0.0,0.15539141370617002,0.1,0.003289937973022461,0.06016874313354492,0.049840767,1.0582485,13.353131577157807,0.0,0.14896288628169016,0.0,300,0.03114795684814453,0.0005878940011669727,0.0004618346060334576,955651,13.672752763713993,0.0
3208,2.974097490310669,13.435953850861074,0.15734269487987826,13.70686694403873,13.325084249139833,0.0,0.16661617689002745,0.1,0.0033392906188964844,0.06152915954589844,0.049960967,1.1016521,13.361413804528134,0.0,0.15014056476208665,0.0,300,0.03007960319519043,0.0006957173472217678,0.0005942124275692458,955951,13.775159087307893,0.0
3209,2.9902992248535156,13.168628360754685,0.47260728255207696,13.59070591947717,12.378260636494941,0.0,0.14752631292610782,0.1,0.0032172203063964844,0.060715675354003906,0.04998089,0.7112411,13.342135260150789,0.0,0.14658299765778243,0.0,300,0.030614137649536133,0.0010361479216843218,0.0009039410675727004,956251,13.638403633470725,0.0
3210,3.0236775875091553,13.432264286861997,0.13359613783154306,13.60689356563101,13.237188504219253,0.0,0.15867001107300968,0.1,0.01432180404663086,0.05983757972717285,0.049757857,1.2457151,13.35114816282191,0.0,0.15014251805821327,0.0,300,0.029766082763671875,0.0006339826295804816,0.0003624853468744498,956551,13.724940033919856,0.0
3211,3.0301713943481445,13.421798022577537,0.06260917079960364,13.474607779430734,13.320262098017285,0.0,0.16718616352425247,0.1,0.003196239471435547,0.060301780700683594,0.050166402,1.2812868,13.358213148797473,0.0,0.1499389660419547,0.0,300,0.03152775764465332,0.0007411823295795884,0.0006599026588573544,956851,13.687695294978075,0.0
3212,3.041782855987549,13.468905592918262,0.022745251873651066,13.493996453808116,13.439176608482729,0.0,0.16731078038708694,0.1,0.0031592845916748047,0.05894017219543457,0.05010284,0.63926125,13.369282393209552,0.0,0.15064951571788238,0.0,300,0.029367446899414062,0.0007320283295979993,0.0004942807133263557,957151,13.586686754530993,0.0
3213,3.0381240844726562,13.492227715570674,0.06062653866579752,13.564923183933978,13.40392641042969,0.0,0.15961484248953622,0.1,0.003371000289916992,0.06077718734741211,0.0495937,0.77488077,13.381576925445666,0.0,0.15087510853721373,0.0,300,0.029668807983398438,0.0007351919115340367,0.0006846481489079078,957451,13.694719748503493,0.0
3214,3.0561537742614746,13.519545987939411,0.15510145278121396,13.658538721218695,13.259124145021596,0.0,0.16704457441745862,0.1,0.0032966136932373047,0.06269359588623047,0.049786925,0.80404866,13.395373831695041,0.0,0.15126563180471658,0.0,300,0.030320405960083008,0.0009973484812601412,0.0006635632489848785,957751,13.61082695651569,0.0
3215,2.9855856895446777,13.505492726459284,0.09239179273161825,13.664349011481061,13.443263623982649,0.0,0.1636392317851734,0.1,0.0032989978790283203,0.060214996337890625,0.050046004,0.7994667,13.406385721171466,0.0,0.15106601500992747,0.0,300,0.04609870910644531,0.0007548986361636525,0.0007055629515135923,958051,13.62538499901718,0.0
3216,2.979156732559204,13.457156688998863,0.09018778937188848,13.549609783502216,13.31122181706638,0.0,0.1513553023494476,0.1,0.003285646438598633,0.12147855758666992,0.04973548,0.63381547,13.411462817954206,0.0,0.1505018499346504,0.0,300,0.031879425048828125,0.0006867310750025903,0.0004686458156563844,958351,13.643450157214287,0.0
3217,3.0393195152282715,13.20709688029531,0.44887325287583657,13.587473984173839,12.44719186404438,0.0,0.1591557528226335,0.1,0.0031218528747558594,0.05948781967163086,0.050606653,0.83004254,13.391026224188316,0.0,0.14714090221877762,0.0,300,0.029811620712280273,0.0008699221596402184,0.0008322323022176488,958651,13.616685642704917,0.0
3218,3.085237741470337,13.563383058621643,0.06533316626736864,13.61824019479682,13.454498141331328,0.0,0.16953924707113063,0.1,0.0031423568725585938,0.059493303298950195,0.04986554,0.86246306,13.40826190763165,0.0,0.15179982634877176,0.0,300,0.0327908992767334,0.0006124526065567579,0.00046165088869106933,958951,13.695742314142871,0.0
3219,3.0581347942352295,13.479562844769934,0.03748225254392035,13.516448684135758,13.41746129715185,0.0,0.16252001364887358,0.1,0.0031561851501464844,0.05972123146057129,0.05001292,0.5523605,13.415392001345477,0.0,0.1508431523105574,0.0,300,0.029355525970458984,0.00040213302012963504,0.0003308812597687029,959251,13.601421781987506,0.0
3220,3.0272552967071533,13.468938902537776,0.03539235383508056,13.508286899106254,13.422621709309013,0.0,0.1631387989684991,0.1,0.0029768943786621094,0.05797100067138672,0.05012487,1.2809763,13.420746691464707,0.0,0.1505792735390202,0.0,300,0.03016376495361328,0.0005971466667989734,0.0003911699398285807,959551,13.672141984105044,0.0
3221,3.0182409286499023,13.42961253653848,0.14965094912739818,13.677646440199629,13.283478903525648,0.0,0.15557494019525542,0.1,0.0033385753631591797,0.05794715881347656,0.043183032,0.5785683,13.421633275972084,0.0,0.1500695638479188,0.0,300,0.07079291343688965,0.0007560877494778006,0.0006662107311268313,959851,13.641104786678293,0.0
3222,3.1526479721069336,13.503485117849717,0.1874039640987248,13.777620162257804,13.252852089954093,0.0,0.17416808544674928,0.1,0.003027200698852539,0.058693647384643555,0.049732603,0.7990082,13.429818460159849,0.0,0.15106332794035288,0.0,300,0.029572725296020508,0.0007442493524812278,0.0006086912341154476,960151,13.66182911323893,0.0
3223,3.026496171951294,13.460535609582621,0.10210670414989934,13.564467119295,13.320191189550071,0.0,0.15204115488584605,0.1,0.0036780834197998047,0.06050467491149902,0.050178863,3.3740823,13.432890175102127,0.0,0.15042518650002196,0.0,300,0.03061366081237793,0.00032920533426989427,0.000253797208497391,960451,13.588494091580932,0.0
3224,3.0015878677368164,13.529130791028228,0.10168991432259203,13.695425844981933,13.425401614797606,0.0,0.17612473740047582,0.1,0.003753185272216797,0.06077980995178223,0.049921606,0.82755256,13.442514236694738,0.0,0.15144019869132527,0.0,300,0.07154560089111328,0.0006818262579152185,0.0006695182338480022,960751,13.527599947892353,0.0
3225,2.9811928272247314,13.503506029159793,0.10377357450630106,13.644576898852558,13.351943623075949,0.0,0.16678273760485135,0.1,0.008726358413696289,0.08288073539733887,0.050074875,0.8513656,13.448613415941244,0.0,0.15103222656831017,0.0,300,0.02979898452758789,0.0005796510163615426,0.0004737112116176516,961051,13.758503527721617,0.0
3226,2.9763338565826416,13.521996310603658,0.07123244061483244,13.601982665755745,13.421014247274996,0.0,0.17432232495139302,0.1,0.0033490657806396484,0.05932784080505371,0.0499229,1.0306318,13.455951705407486,0.0,0.15133731656751076,0.0,300,0.029858112335205078,0.0004302120414817123,0.000442159101971154,961351,13.726199027818533,0.0
3227,3.0617904663085938,13.469820867412244,0.09704930696446773,13.581579680278555,13.315086196185286,0.0,0.16067019827543735,0.1,0.0034008026123046875,0.06276345252990723,0.05005699,0.66267323,13.457338621607962,0.0,0.15057193320997322,0.0,300,0.07108688354492188,0.0007029555617342371,0.0005372794779077158,961651,13.637335662027274,0.0
3228,3.0244717597961426,13.159444149337988,0.3071446982802884,13.51728666277915,12.671230949837769,0.0,0.15871566080290844,0.1,0.009649515151977539,0.06604909896850586,0.049849063,0.78226864,13.427549174380966,0.0,0.1465151447476467,0.0,300,0.030538320541381836,0.0014349451917314874,0.0009684662807477837,961951,13.573680459367038,0.0
3229,3.0374486446380615,13.441675837606871,0.14067466674048126,13.633785774782513,13.253106173140923,0.0,0.1678938793559867,0.1,0.0032494068145751953,0.06295418739318848,0.04995265,0.80587995,13.428961840703556,0.0,0.15023102575877476,0.0,300,0.03543424606323242,0.0011292107233441065,0.0008043919731313508,962251,13.630651687660546,0.0
3230,2.9824469089508057,13.621098812624469,0.06863920623450777,13.737766453551297,13.566355423833222,0.0,0.15916050129050133,0.1,0.0032634735107421875,0.059981584548950195,0.0498796,1.8482332,13.448175537895647,0.0,0.1526078585202209,0.0,300,0.07656216621398926,0.001346179748037893,0.0005589283344890663,962551,13.623810707216053,0.0
3231,3.063055992126465,12.764012187205777,1.3095233067447827,13.673176322015419,10.509998054267289,0.0,0.14209156572729276,0.1,0.0034248828887939453,0.06110739707946777,0.05056339,0.37324342,13.37975920282666,0.0,0.14117913114347025,0.0,300,0.03056168556213379,0.009318094493088952,0.007480516358458894,962851,13.662254248698959,0.0
3232,3.0069479942321777,13.202788357901596,0.30236836196863426,13.45860782598971,12.70559276500833,0.0,0.1592579530869148,0.1,0.004549980163574219,0.059201717376708984,0.049870487,0.7964728,13.362062118334155,0.0,0.14714608798814224,0.0,300,0.029981374740600586,0.002377975610300352,0.0022531316039864817,963151,13.749484978227544,0.0
3233,2.973893642425537,13.494152263133751,0.10249741522493012,13.589999738795065,13.321315704733669,0.0,0.15996129822634847,0.1,0.003156900405883789,0.059699058532714844,0.05024065,0.91557324,13.375271132814115,0.0,0.1509466889347331,0.0,300,0.03012251853942871,0.0011322420020958976,0.0004573121409421629,963451,13.720074333575347,0.0
3234,2.995084762573242,13.476982645502813,0.05050555493613955,13.551192456689348,13.418500900323872,0.0,0.16155412121262286,0.1,0.003209829330444336,0.05919456481933594,0.049599074,0.68390435,13.385442284082986,0.0,0.1506889252656642,0.0,300,0.03240776062011719,0.0005066988948861631,0.0005688007934688758,963751,13.654189262049364,0.0
3235,3.029618501663208,13.581197657261237,0.043494037568675675,13.649271933047482,13.528090659490681,0.0,0.1636522558491284,0.1,0.003156900405883789,0.07605433464050293,0.05020297,0.65508765,13.405017821400811,0.0,0.15208595099918357,0.0,300,0.062497615814208984,0.0006595280569767769,0.0005768105017962948,964051,13.716661545937107,0.0
3236,3.001121759414673,13.366198366484172,0.2115485525928683,13.627432983450852,13.055442729874352,0.0,0.1497031067314122,0.1,0.0030710697174072266,0.056954383850097656,0.04969355,1.3710603,13.401135875909148,0.0,0.14934322703352423,0.0,300,0.029957294464111328,0.0010944781216811867,0.0007439022581991795,964351,13.6522132868557,0.0
3237,3.046891689300537,13.467632578347741,0.12124528244099421,13.608541278097087,13.333719673966788,0.0,0.17052857666717713,0.1,0.002988576889038086,0.05705976486206055,0.05010549,0.7973674,13.407785546153008,0.0,0.15056661551170475,0.0,300,0.02948760986328125,0.0009725811405038942,0.0007145267681580172,964651,13.637751290756709,0.0
3238,3.0476484298706055,13.491815272319652,0.08803190696004869,13.554971094468234,13.34019181186121,0.0,0.16166205740114384,0.1,0.003093242645263672,0.057700395584106445,0.05010877,1.5906066,13.416188518769673,0.0,0.15088620478992396,0.0,300,0.03728938102722168,0.0008184130891187993,0.0005015693886149496,964951,13.714165549987962,0.0
3239,3.052710771560669,13.502381037577626,0.19062214208067468,13.7810956823464,13.244525786178134,0.0,0.1671055689987595,0.1,0.0031349658966064453,0.05956578254699707,0.04984766,0.7169552,13.424807770650467,0.0,0.15111247594689967,0.0,300,0.030116796493530273,0.0006512809001352481,0.0004726119992806372,965251,13.636548967704243,0.0
3240,3.006939649581909,13.560034388966967,0.07531289447255285,13.647418143278337,13.44311027698425,0.0,0.18145830137816157,0.1,0.003904581069946289,0.06409430503845215,0.049783736,0.66291016,13.438330432482116,0.0,0.15178187678031874,0.0,300,0.030777931213378906,0.0005694025311726841,0.0005428044544304349,965551,13.719480262757903,0.0
3241,2.9630513191223145,13.425231979612432,0.06069680184186531,13.523339212105604,13.369658730692633,0.0,0.15407147715724717,0.1,0.01093149185180664,0.06499695777893066,0.049655348,1.1220952,13.437020587195148,0.0,0.14999138019015593,0.0,300,0.03348088264465332,0.0006145836090602876,0.00038954907390961166,965851,13.60758915677321,0.0
3242,3.01982045173645,13.518868930266773,0.12092536403094681,13.686147642415197,13.347703995589262,0.0,0.16064943075907384,0.1,0.003301382064819336,0.05975532531738281,0.050429814,1.4420104,13.44520542150231,0.0,0.15124064185584074,0.0,300,0.032633304595947266,0.00048353851761556656,0.00037460267902713023,966151,13.648268863821421,0.0
3243,2.9902145862579346,13.318216861192337,0.14613679801352203,13.472640307604827,13.165457239342745,0.0,0.16027242269690814,0.1,0.0061283111572265625,0.06255912780761719,0.05020021,0.5109733,13.432506565471312,0.0,0.14860013858625276,0.0,300,0.03244519233703613,0.0005182570781373612,0.0004674028294726683,966451,13.598245545346183,0.0
3244,2.9922332763671875,13.283156124662506,0.33879735832484836,13.576391623530025,12.71826083322434,0.0,0.15502517271815502,0.1,0.0032203197479248047,0.059020042419433594,0.049814526,1.4800682,13.417571521390432,0.0,0.1481384251830697,0.0,300,0.030449867248535156,0.0015165051644291782,0.0013818638111253601,966751,13.641954418158173,0.0
3245,2.9997570514678955,13.484356045872573,0.06617311512384474,13.552179263667494,13.378110947762664,0.0,0.15423545292346136,0.1,0.003518819808959961,0.12396121025085449,0.04943062,1.573873,13.424249973838647,0.0,0.1508010473162574,0.0,300,0.03029656410217285,0.0009194913228718595,0.0005393765657108609,967051,13.654655511631864,0.0
3246,3.025064706802368,13.214801463819457,0.3669393149696606,13.482519409456538,12.586896284168558,0.0,0.16674944851040105,0.1,0.0030324459075927734,0.06052422523498535,0.050168034,0.58530456,13.403305122836729,0.0,0.1472939250512441,0.0,300,0.031430721282958984,0.002335139629397215,0.0016953274396108837,967351,13.546263856530587,0.0
3247,2.993755340576172,13.421949440100608,0.06903560551923434,13.521499250626654,13.34137823175989,0.0,0.16359061624090787,0.1,0.0031385421752929688,0.06226801872253418,0.049863845,1.0537999,13.405169554563116,0.0,0.14997378433840175,0.0,300,0.05502939224243164,0.0018102965063554752,0.0011258388632069682,967651,13.711946212542138,0.0
3248,3.0160775184631348,13.199936390291345,0.3993207561802755,13.613293454583186,12.55681079544707,0.0,0.1524260201477642,0.1,0.003125905990600586,0.060506343841552734,0.04992826,0.71673304,13.38464623813594,0.0,0.14712835037323183,0.0,300,0.03021550178527832,0.0013363253120001082,0.0009866208888470872,967951,13.523080611858077,0.0
3249,3.0585639476776123,12.98411787631671,0.7520098277818312,13.544625239402242,11.701518026801551,0.0,0.16028372654693218,0.1,0.003220081329345703,0.0583035945892334,0.04985444,0.62225115,13.344593401954018,0.0,0.14436294501840943,0.0,300,0.02977585792541504,0.003213390894830937,0.0031904384885468287,968251,13.608421551132793,0.0
3250,3.033426284790039,13.551011343072979,0.11778372649062371,13.730982411445108,13.445252627668292,0.0,0.16536540208575867,0.1,0.013373613357543945,0.06358671188354492,0.049888737,1.10874,13.365235196065914,0.0,0.15167279095368516,0.0,300,0.030226945877075195,0.0016290254038899895,0.0008976218187708169,968551,13.75658394969591,0.0
3251,3.1709413528442383,13.559468897857498,0.10858666019687634,13.743233652980516,13.473387647332764,0.0,0.14947749568633834,0.1,0.0031478404998779297,0.13052916526794434,0.0499625,1.1993079,13.384658566245074,0.0,0.15178610548919366,0.0,300,0.029301166534423828,0.0011809039809176508,0.0007973160964151405,968851,13.546324495875323,0.0
3252,3.019840717315674,13.106996930897438,0.4371529608237559,13.510451815064545,12.438771980988589,0.0,0.15655535150860095,0.1,0.0031397342681884766,0.05766916275024414,0.050541498,0.49914744,13.35689240271031,0.0,0.1459636143947065,0.0,300,0.029187679290771484,0.0016040189370453862,0.0011345289153539325,969151,13.639602589625113,0.0
3253,3.03551983833313,13.264558207497341,0.2715573275674497,13.588339446795306,12.872022811065694,0.0,0.14876887404934783,0.1,0.0031282901763916016,0.060691118240356445,0.05048104,0.64634794,13.347658983189014,0.0,0.14792224572862375,0.0,300,0.0523681640625,0.0008071770042921844,0.0008260123448303999,969451,13.554420279589065,0.0
3254,3.004293918609619,13.381430692365424,0.1884112136135958,13.647126374313517,13.11635276162662,0.0,0.1522617326916903,0.1,0.004009723663330078,0.06035137176513672,0.04966526,1.324218,13.351036154106655,0.0,0.1495311533437112,0.0,300,0.029375791549682617,0.00097851118779661,0.0006227809738063296,969751,13.560415774302237,0.0
3255,2.947161912918091,13.266701348648171,0.1482578892034686,13.519361270935685,13.14012889643173,0.0,0.1522061829880204,0.1,0.010568380355834961,0.05990242958068848,0.049995854,1.6496322,13.342602673560808,0.0,0.1479534077708617,0.0,300,0.029224872589111328,0.0005607113657008845,0.000445881046703415,970051,13.697646705358617,0.0
3256,3.0083255767822266,13.435849827566205,0.1679876036165174,13.625409028535767,13.262080893807893,0.0,0.15863546410613452,0.1,0.003234386444091797,0.06329131126403809,0.049848877,0.69832087,13.351927388961348,0.0,0.1501592227400832,0.0,300,0.030898571014404297,0.0004682016184278645,0.00037903632415004634,970351,13.769422337142606,0.0
3257,2.990833044052124,13.313563502053068,0.36736713564836443,13.562462745887705,12.679858291818421,0.0,0.14787733677200934,0.1,0.003370523452758789,0.06092095375061035,0.050002,0.67044365,13.348091000270522,0.0,0.14854125831000758,0.0,300,0.03299069404602051,0.000585785167670184,0.000568206082888465,970651,13.55682486373169,0.0
3258,3.0719454288482666,13.548409387835285,0.07241976525796189,13.658888742813144,13.458713554008229,0.0,0.1615746482545501,0.1,0.014306068420410156,0.07871556282043457,0.049791753,0.9000994,13.368122839026999,0.0,0.151642631727405,0.0,300,0.02964329719543457,0.0008020684268236083,0.0005667008909077143,970951,13.65819256784434,0.0
3259,3.103006601333618,13.130480948352623,0.6330867271153087,13.589654593765866,12.038666268896822,0.0,0.14409865330890909,0.1,0.003316164016723633,0.06020545959472656,0.049740348,2.1219308,13.344358649959563,0.0,0.14610450943855763,0.0,300,0.029506206512451172,0.0016507724885009725,0.0014726415983518642,971251,13.613256703697155,0.0
3260,3.038595199584961,13.406362298549586,0.041614185880286036,13.469335797559081,13.36812877831314,0.0,0.1703364512278258,0.1,0.0033702850341796875,0.07241463661193848,0.050122738,0.64281094,13.350559014818565,0.0,0.14975593209338134,0.0,300,0.029943466186523438,0.0006037151258899564,0.00046783752204743715,971551,13.601158658000235,0.0
3261,3.0959410667419434,13.401067029663782,0.104605676921038,13.562201794915216,13.26957140508136,0.0,0.16336953015770905,0.1,0.0031480789184570312,0.06175351142883301,0.05039704,1.1282085,13.355609816303087,0.0,0.14970502699882163,0.0,300,0.029525041580200195,0.0009289457147748282,0.0008382573007280575,971851,13.625503177736201,0.0
3262,3.0680441856384277,13.484873618151273,0.21380904784846066,13.747457456352683,13.160586852394864,0.0,0.15915025993303472,0.1,0.003246307373046875,0.0598297119140625,0.05001788,1.0684726,13.368536196487906,0.0,0.15079217529649136,0.0,300,0.03009629249572754,0.0006743661323753767,0.0005869957852926245,972151,13.600532647147674,0.0
3263,3.107144355773926,13.367256162876032,0.15352886857461367,13.499930268856863,13.107791476012025,0.0,0.14733083977028014,0.1,0.0031828880310058594,0.11258530616760254,0.049562786,0.8458531,13.368408193126719,0.0,0.14927996984033165,0.0,300,0.0345001220703125,0.0004077677538999475,0.000240425796843943,972451,13.685152423993683,0.0
3264,3.039679527282715,13.565277136010167,0.03640446921841974,13.615428538373894,13.520355344113318,0.0,0.16925671856867977,0.1,0.003158092498779297,0.058838844299316406,0.05004193,0.60400116,13.388095087415063,0.0,0.1518624988017823,0.0,300,0.029162883758544922,0.00047622394589856917,0.0003523356371370165,972751,13.598503185976446,0.0
3265,3.093919515609741,13.520793364001053,0.10011876197257508,13.590913794995554,13.348527284146106,0.0,0.16226616810932581,0.1,0.005379676818847656,0.08563113212585449,0.049233664,1.272041,13.401364915073664,0.0,0.1512594803112305,0.0,300,0.029543399810791016,0.0009861606169231788,0.000553938366892746,973051,13.634252570730835,0.0
3266,3.1041786670684814,13.230909448779721,0.2891527759610605,13.47378971428205,12.738400100544771,0.0,0.14067546002664694,0.1,0.0032265186309814453,0.11716485023498535,0.04933653,2.8468723,13.38431936844427,0.0,0.14746832549968322,0.0,300,0.039472341537475586,0.0011218126126411267,0.0008084418446315936,973351,13.561370748119069,0.0
3267,3.0900025367736816,13.50353560634484,0.11411306065950792,13.685735161583796,13.39973269360242,0.0,0.15669510599464964,0.1,0.0031447410583496094,0.058004140853881836,0.050214764,0.65748805,13.396240992234329,0.0,0.15101904435466434,0.0,300,0.03355908393859863,0.0007643961704227385,0.0005726846256939439,973651,13.652659257721623,0.0
3268,3.0680811405181885,13.118734753704322,0.7105754998452454,13.61355336963864,11.891477582637888,0.0,0.14524278437467744,0.1,0.0031023025512695312,0.058182477951049805,0.049789652,0.8359613,13.36849036838133,0.0,0.145925385935598,0.0,300,0.029317378997802734,0.0025573119322724884,0.0019413598395906083,973951,13.686711104368534,0.0
3269,3.0136849880218506,13.230942763410596,0.21923620196159246,13.39524310662343,12.854068615095544,0.0,0.15915438315126604,0.1,0.0029790401458740234,0.05760073661804199,0.05020254,0.9981597,13.354735607884257,0.0,0.14745083816645987,0.0,300,0.029203176498413086,0.001308052500056571,0.0008242840180455708,974251,13.719350182350384,0.0
3270,3.0068418979644775,13.371152720518289,0.34774674791717874,13.653932024389874,12.775788316791827,0.0,0.1565415118561113,0.1,0.0039064884185791016,0.0625770092010498,0.04990852,1.0537918,13.35637731914766,0.0,0.14924777002922335,0.0,300,0.029900312423706055,0.0007131618529043544,0.0006339294537036165,974551,13.663024109933167,0.0
3271,3.0273776054382324,13.512713571135452,0.08952412711224765,13.657734798564947,13.412810064697375,0.0,0.15929123648536775,0.1,0.003614664077758789,0.06185340881347656,0.050135847,0.78183013,13.372010944346439,0.0,0.15118013779653924,0.0,300,0.03161168098449707,0.0007021062248239747,0.0006058434273012372,974851,13.638868475736336,0.0
3272,3.0176286697387695,13.31835772257834,0.33131979495634395,13.62427268315562,12.760515676949728,0.0,0.1586760735199302,0.1,0.0034699440002441406,0.06203603744506836,0.05006149,0.50440335,13.36664562216963,0.0,0.14859575081284182,0.0,300,0.06692910194396973,0.0011019691743267294,0.0007157276131614331,975151,13.705770764031309,0.0
3273,3.037567138671875,13.35515375120114,0.25933540302268027,13.685622135861047,13.070924250334304,0.0,0.1605340191024523,0.1,0.003345489501953125,0.06088089942932129,0.05005473,0.9972045,13.36549643507278,0.0,0.14911180270051347,0.0,300,0.0338444709777832,0.0008465668595944555,0.0005962485148625292,975451,13.779244167146553,0.0
3274,3.038635730743408,13.460673089204631,0.15362577538590805,13.567150750311605,13.19529735313022,0.0,0.1526119457352618,0.1,0.0034508705139160156,0.06276679039001465,0.04979334,2.8283854,13.375014100485966,0.0,0.15055946681485557,0.0,300,0.032083988189697266,0.0009296234953049793,0.0006486053029384761,975751,13.632188053538082,0.0
3275,3.0936853885650635,13.535017773717096,0.0518622481007492,13.592676478633964,13.454062880888229,0.0,0.16710988023061335,0.1,0.0033392906188964844,0.12828350067138672,0.049857505,0.5975118,13.39101446780908,0.0,0.15148896803423945,0.0,300,0.030161619186401367,0.0003179761037817021,0.00035287904078411795,976051,13.62071143801643,0.0
3276,2.9373605251312256,13.49487837325359,0.0231928024635952,13.527744647468255,13.471918481773967,0.0,0.15584687301999933,0.1,0.003412008285522461,0.060030460357666016,0.04997849,0.5966494,13.401400858353531,0.0,0.15094873746365045,0.0,300,0.029880285263061523,0.00047597036319186627,0.0004006137754077323,976351,13.602435359117502,0.0
3277,3.0539629459381104,13.431067948004195,0.1196358693395029,13.575516544491627,13.244559494416626,0.0,0.16625634861097385,0.1,0.0033838748931884766,0.06240224838256836,0.04956403,1.1389652,13.404367567318598,0.0,0.15012390758738303,0.0,300,0.029903411865234375,0.00044904256245326715,0.0004070520898998079,976651,13.640908485905465,0.0
3278,3.023350238800049,13.301902060232475,0.31009806440072357,13.54537182475287,12.770407290699934,0.0,0.15779216935928572,0.1,0.007600545883178711,0.11369895935058594,0.04978305,1.0239862,13.394121016609986,0.0,0.14850959420939705,0.0,300,0.032187700271606445,0.0008564314814603306,0.0006789586095963279,976951,13.536988665115127,0.0
3279,3.0463740825653076,12.71373225263294,1.4185552211397674,13.619037451402757,10.258695998558878,0.0,0.12518449661101272,0.1,0.003038644790649414,0.05873274803161621,0.04816411,0.28544372,13.326082140212282,0.0,0.14055135276897607,0.0,300,0.029619932174682617,0.006222689531908701,0.005024035744080882,977251,13.695425009003865,0.0
3280,3.1481802463531494,13.48348584342316,0.10277855407092713,13.596769349193178,13.34477327680737,0.0,0.1530256355242854,0.1,0.010422468185424805,0.07209658622741699,0.04989975,1.710719,13.34182251053337,0.0,0.15078910952195612,0.0,300,0.031084060668945312,0.0022407908724336586,0.0010485143211320905,977551,13.722387436335856,0.0
3281,3.0334835052490234,13.335146265952917,0.2092420491944401,13.507096625454633,12.991540633046583,0.0,0.156201860800817,0.1,0.0032439231872558594,0.06051158905029297,0.05038527,1.3570504,13.341154886075326,0.0,0.1488519064896106,0.0,300,0.03332710266113281,0.0015292035785118613,0.0012762204081593798,977851,13.501889327143628,0.0
3282,3.1085455417633057,13.527347631042941,0.06481155177281159,13.61485151462548,13.43287695066242,0.0,0.14717928960848636,0.1,0.003111600875854492,0.05936694145202637,0.0500271,0.53588414,13.359774160572089,0.0,0.15135446951105438,0.0,300,0.029971599578857422,0.0011427467202073062,0.0006044236731849074,978151,13.644254034493175,0.0
3283,3.024742603302002,13.376029955650916,0.22436451571127222,13.588176065062354,12.998472393175081,0.0,0.16247876953631427,0.1,0.0032367706298828125,0.08805680274963379,0.049626153,0.8739204,13.361399740079973,0.0,0.14934845764659185,0.0,300,0.05388307571411133,0.0017829502412419114,0.0012056621167528896,978451,13.523477166521692,0.0
3284,3.1304783821105957,13.26065647996709,0.4391630330720937,13.59976619604294,12.506648609680052,0.0,0.14882585939894377,0.1,0.0032243728637695312,0.0619962215423584,0.04980047,0.9742734,13.351325414068684,0.0,0.14780975497382703,0.0,300,0.030806541442871094,0.0013773331156743968,0.0009952017212635858,978751,13.69285388193523,0.0
3285,3.1811628341674805,13.486541524762854,0.1384186728392353,13.604849837015893,13.26576568828498,0.0,0.1700496614175013,0.1,0.003197908401489258,0.1275172233581543,0.04977336,1.0867409,13.364847025138102,0.0,0.1508224986418059,0.0,300,0.03300118446350098,0.0007213334917965978,0.00043878834302210135,979051,13.641688434739878,0.0
3286,3.091855049133301,13.416066505084132,0.13987191714536018,13.600975506836363,13.266574428499437,0.0,0.15194992450258088,0.1,0.0030374526977539062,0.05824613571166992,0.04980967,0.9852026,13.369968973132707,0.0,0.1499199435548842,0.0,300,0.034886837005615234,0.0007772964218190621,0.0005665628909246727,979351,13.702678111390945,0.0
3287,3.113036870956421,13.550475678648375,0.1044719385225132,13.679612956783199,13.411742877804546,0.0,0.15854998164415746,0.1,0.003083944320678711,0.06047940254211426,0.050464474,0.46436498,13.388019643684274,0.0,0.15166876282216857,0.0,300,0.029285192489624023,0.001637873015659406,0.0008911064982032105,979651,13.584664284120914,0.0
3288,3.0965359210968018,12.650899607398546,0.8855174358803655,13.518760303906458,11.302528475482932,0.0,0.14408184905736646,0.1,0.0037755966186523438,0.060355424880981445,0.05003208,0.58828956,13.314307640055702,0.0,0.13978436357810148,0.0,300,0.03013324737548828,0.006084584931473277,0.0038390708513877055,979951,13.713166549845115,0.0
3289,2.993957996368408,13.203493182661592,0.3363195134980084,13.62815987285668,12.70908172309236,0.0,0.15169817691332732,0.1,0.012514829635620117,0.08429574966430664,0.049666237,1.07653,13.303226194316291,0.0,0.1471522959578653,0.0,300,0.030313730239868164,0.0037777540865129916,0.0018878182153188032,980251,13.720222786026568,0.0
3290,3.0224428176879883,13.006427916175593,0.32792113847045073,13.423149623699286,12.504096560913952,0.0,0.15857470347339858,0.1,0.003342151641845703,0.06104278564453125,0.050158307,0.8647575,13.273546366502222,0.0,0.144564742993211,0.0,300,0.029649972915649414,0.001978974568094545,0.001324297372416114,980551,13.780796601066251,0.0
3291,3.0134637355804443,13.279079796443083,0.4440246413025389,13.57295449882397,12.511440396739468,0.0,0.15185518450058302,0.1,0.009077787399291992,0.06470918655395508,0.04978263,0.84333557,13.274099709496308,0.0,0.14815453877089546,0.0,300,0.029216766357421875,0.0012725109929170846,0.0009216462643424324,980851,13.603520069251202,0.0
3292,3.0903160572052,12.816699048663692,0.9005754274846228,13.43880910663866,11.261502263993714,0.0,0.14382716169618354,0.1,0.0034825801849365234,0.06142759323120117,0.049467813,0.38996008,13.228359643413047,0.0,0.14193252480376914,0.0,300,0.03826022148132324,0.0026419629595330115,0.0018542488677443449,981151,13.61705567252023,0.0
3293,3.049180269241333,12.966883361053286,0.6941830299647228,13.683536796856666,11.861726127038013,0.0,0.15581562074716515,0.1,0.0033152103424072266,0.06087684631347656,0.04981563,1.0154212,13.20221201517707,0.0,0.14398481791448828,0.0,300,0.031050682067871094,0.002059083845432159,0.0020289361697973904,981451,13.608523743015185,0.0
3294,3.0229599475860596,13.438651332183914,0.11968548155147199,13.5918973258664,13.256806550999327,0.0,0.1526055395405738,0.1,0.003121614456176758,0.059740543365478516,0.050092448,1.8642311,13.225855946877754,0.0,0.15020113631453294,0.0,300,0.029628992080688477,0.0014864852797222094,0.0008232574254276879,981751,13.653023707026449,0.0
3295,2.983992338180542,13.172200073896239,0.45203281804674594,13.550237908610782,12.412173176445563,0.0,0.15215849612995264,0.1,0.003144979476928711,0.060857534408569336,0.04988353,0.5208238,13.220490359579603,0.0,0.14681334386413247,0.0,300,0.029475927352905273,0.002484200264027357,0.002018064466945093,982051,13.802593506664081,0.0
3296,3.061314105987549,13.138144914975927,0.533421080999599,13.500162471043874,12.216798313286372,0.0,0.1523305475073434,0.1,0.003175497055053711,0.05918097496032715,0.049653467,0.516142,13.212255815119235,0.0,0.146372390574936,0.0,300,0.03018355369567871,0.0017728065300350094,0.0014230446983443709,982351,13.75979483891137,0.0
3297,3.0483007431030273,13.150430716403196,0.5315582500319828,13.540572912259057,12.23414084401805,0.0,0.14130258448174116,0.1,0.011728525161743164,0.08262801170349121,0.04862036,6.4778347,13.206073305247632,0.0,0.14637060056793672,0.0,300,0.029499053955078125,0.0011896768599137463,0.0008458248614300292,982651,13.685541924084001,0.0
3298,3.0614521503448486,13.336597577116859,0.2213632783385043,13.562808357000506,13.035412548539886,0.0,0.15258603781433305,0.1,0.0031366348266601562,0.061214447021484375,0.050241876,1.0776455,13.219125732434556,0.0,0.14883934023127235,0.0,300,0.02916574478149414,0.0007841211297567045,0.0006925924105668909,982951,13.652811703602316,0.0
3299,3.0548126697540283,13.471963198003147,0.02625321022878859,13.50175284390732,13.435317651602617,0.0,0.17041283407967478,0.1,0.003125905990600586,0.07504439353942871,0.05009121,0.63580775,13.244409478991415,0.0,0.1506600470256974,0.0,300,0.029371023178100586,0.0006040972997947804,0.0004879547561934529,983251,13.747775189967243,0.0
3300,3.0499351024627686,13.42368135149502,0.15187362436345306,13.589893753542343,13.178204439540737,0.0,0.15164574408585493,0.1,0.0031409263610839844,0.058675527572631836,0.04950455,1.4584174,13.262336666241776,0.0,0.15003675468450686,0.0,300,0.029325485229492188,0.0004996007197564556,0.0004065132775873752,983551,13.75430508725355,0.0
3301,3.4023494720458984,13.482020991628106,0.023359565112034065,13.514043217907895,13.455592153589498,0.0,0.15958903024775178,0.1,0.0031518936157226562,0.05878853797912598,0.050033193,0.71441865,13.28430509878041,0.0,0.15078345422759767,0.0,300,0.0292050838470459,0.0006097870848174311,0.0005264251961542404,983851,13.60470196676385,0.0
3302,2.9463534355163574,13.368064041743757,0.07986302785464515,13.453764416492872,13.24041161331878,0.0,0.15438244881970142,0.1,0.0037794113159179688,0.06240487098693848,0.050194222,0.8431527,13.292680993076743,0.0,0.14927667664987948,0.0,300,0.02971673011779785,0.000544700815427595,0.0004000203575987852,984151,13.386575460243392,0.0
3303,2.950843334197998,13.235405694568014,0.5242423455017177,13.599823269805313,12.330027586381227,0.0,0.1546689981943567,0.1,0.009273767471313477,0.07855081558227539,0.049969703,0.59209156,13.28695346322587,0.0,0.14758816364901486,0.0,300,0.029849529266357422,0.0011284620722850274,0.0010319440469621266,984451,13.721781952939727,0.0
3304,2.974865674972534,13.440071521442846,0.11041960582456938,13.614683765207966,13.321402596481615,0.0,0.15936171583169775,0.1,0.0034334659576416016,0.08916950225830078,0.050053045,0.92529684,13.302265269047568,0.0,0.1502031858217729,0.0,300,0.030015230178833008,0.001052025064517669,0.0007572403351040392,984751,13.64074007766539,0.0
3305,3.057788848876953,12.771339815356487,1.063943321840372,13.546299464908387,10.941687053003418,0.0,0.15157958817061473,0.1,0.0033724308013916016,0.0593256950378418,0.049987044,0.50312495,13.24917272367846,0.0,0.14152197853270837,0.0,300,0.03255653381347656,0.005730737374646504,0.004475497175494523,985051,13.63302755639498,0.0
3306,3.0647666454315186,13.48862007546887,0.0903079155418648,13.587178477242995,13.346458790989436,0.0,0.16550698680445336,0.1,0.0033855438232421875,0.05886983871459961,0.04989252,0.99835736,13.273117458857502,0.0,0.15083034034396292,0.0,300,0.032063961029052734,0.0020263097695332206,0.0013048825768314206,985351,13.653635854355935,0.0
3307,3.075453042984009,13.528999227382771,0.08986974633677049,13.66561508965669,13.433055952120997,0.0,0.16071720579967538,0.1,0.0032095909118652344,0.13583803176879883,0.04980401,0.97118205,13.29870563571003,0.0,0.15141379031207775,0.0,300,0.030220508575439453,0.0014928749545980655,0.000980715887938124,985651,13.640086275653056,0.0
3308,3.0908069610595703,13.45906887200967,0.16634285354792377,13.614438138946898,13.183906497584799,0.0,0.16827656117389084,0.1,0.0031747817993164062,0.07322216033935547,0.050381236,0.654516,13.314741959339994,0.0,0.15048608211299724,0.0,300,0.06476831436157227,0.0018247748815706359,0.0013545287798191548,985951,13.40074495550265,0.0
3309,3.0616376399993896,13.024985224982268,0.6818685139933148,13.559443968041675,11.8657834940919,0.0,0.15075253391356408,0.1,0.0032241344451904297,0.058817148208618164,0.050318196,1.3254981,13.28576628590422,0.0,0.14467693504234774,0.0,300,0.029360294342041016,0.004511433694174983,0.0033591912336417853,986251,13.541685671751338,0.0
3310,2.9875149726867676,13.384081258219714,0.11125215067981448,13.49821750912924,13.230801134300883,0.0,0.1581134871883884,0.1,0.004774332046508789,0.059999942779541016,0.05024484,1.0522008,13.295597783135769,0.0,0.14953788984532068,0.0,300,0.02934718132019043,0.0017473201333963904,0.0009873634623719337,986551,13.6405372199527,0.0
3311,3.000049114227295,13.419112904096128,0.13447344298814481,13.577957587976682,13.215427535718758,0.0,0.1691339983850558,0.1,0.0032401084899902344,0.05832624435424805,0.05036571,0.80447274,13.307949295231804,0.0,0.14998647070312965,0.0,300,0.030193328857421875,0.0011095562918438265,0.0009168505701486584,986851,13.543498352680443,0.0
3312,3.062337875366211,13.269970692728407,0.41649059939263056,13.600607954333732,12.557617488080972,0.0,0.15780672755490696,0.1,0.003052234649658203,0.0576169490814209,0.050265666,0.5248107,13.304151434981465,0.0,0.14799217911112234,0.0,300,0.02918386459350586,0.0007280518135020311,0.0005922243586796777,987151,13.57528310370659,0.0
3313,3.0045549869537354,13.333239183231328,0.20297639954391009,13.498404264464856,12.9958077340038,0.0,0.1566745719211624,0.1,0.0030465126037597656,0.06048464775085449,0.050356433,0.8417544,13.307060209806451,0.0,0.1488003003627253,0.0,300,0.02898097038269043,0.0006057079270599588,0.0005632403551795155,987451,13.579599086304222,0.0
3314,3.0497467517852783,12.244678978987176,1.83604860230254,13.527589770290815,9.097664352710648,0.0,0.13794747429488663,0.1,0.003011465072631836,0.05975627899169922,0.0500497,0.3911135,13.200822086724525,0.0,0.1344930157230634,0.0,300,0.0290224552154541,0.017806287704534105,0.01376911697987284,987751,13.623587279624195,0.0
3315,2.973968267440796,13.4489885410237,0.1080899496575796,13.550000667677896,13.267042045188749,0.0,0.15779042714252373,0.1,0.0036487579345703125,0.06156444549560547,0.049958516,0.79139936,13.225638732154442,0.0,0.1503140757152704,0.0,300,0.02924656867980957,0.0120055434973909,0.005740130389301695,988051,13.58623733678377,0.0
3316,3.200462818145752,13.17293540531977,0.3311767100270229,13.52583694059084,12.721357724571472,0.0,0.15177929154012976,0.1,0.0033822059631347656,0.06140613555908203,0.049127936,2.1421165,13.220368399470976,0.0,0.14666479505663366,0.0,300,0.028973102569580078,0.00730119788500006,0.00333969180625271,988351,13.677194171801661,0.0
3317,3.08544659614563,13.092500222820604,0.7733315313973226,13.598959737902884,11.757501839726432,0.0,0.15211161766435435,0.1,0.01165771484375,0.060315608978271484,0.049269017,0.4467423,13.20758158180594,0.0,0.14571787628613894,0.0,300,0.034835100173950195,0.003408966655848151,0.0019136837803388357,988651,13.714843957721088,0.0
3318,3.0111842155456543,13.29747689443164,0.13567499726845825,13.470284084200944,13.092890992612158,0.0,0.1529391382610491,0.1,0.003378152847290039,0.060260772705078125,0.050230026,1.7297996,13.216571113068511,0.0,0.14837861594322535,0.0,300,0.029638051986694336,0.0009739636953303641,0.0005892852513507154,988951,13.767693793104362,0.0
3319,3.0942251682281494,13.433209648224835,0.1628011966369122,13.607590988419108,13.166608210930361,0.0,0.16563659394109237,0.1,0.0032896995544433594,0.05935311317443848,0.050151967,1.5426899,13.238234966584145,0.0,0.1501427240855494,0.0,300,0.0298919677734375,0.0005841521855695582,0.0004845661040672463,989251,13.648404045943588,0.0
3320,3.022761106491089,13.316444124768656,0.38377760123045956,13.641002187784354,12.680144807234102,0.0,0.15124000607054136,0.1,0.003281116485595703,0.05990457534790039,0.050135177,0.8388755,13.246055882402596,0.0,0.1486406424189136,0.0,300,0.029331445693969727,0.0008802028926813592,0.0007615612870417724,989551,13.624332490412122,0.0
3321,3.0306596755981445,13.382417809787977,0.1956899062973991,13.595819015319144,13.06301417650235,0.0,0.17040087110413701,0.1,0.0032618045806884766,0.060045480728149414,0.050024606,0.6052316,13.259692075141134,0.0,0.14951082450370334,0.0,300,0.03174781799316406,0.0006329696527852393,0.0005853615821341185,989851,13.759111968498338,0.0
3322,2.9868686199188232,13.375230761814663,0.1440358209269223,13.544346208935695,13.150630496440485,0.0,0.1521079759876875,0.1,0.003125905990600586,0.05858016014099121,0.050082758,1.4194925,13.271245943808488,0.0,0.14938681392310438,0.0,300,0.06351041793823242,0.0005666777570118125,0.000390870789211624,990151,13.622642998336167,0.0
3323,3.009655714035034,13.393614385420735,0.2102109774501556,13.639409925498054,13.09294735660456,0.0,0.16020936530448365,0.1,0.003264904022216797,0.06356024742126465,0.04996392,0.98536205,13.283482787969714,0.0,0.14960005974419102,0.0,300,0.03009629249572754,0.001294528438450285,0.0010859051998131388,990451,13.745780627631497,0.0
3324,3.014831781387329,13.406962732149983,0.1847663346905959,13.638041243855227,13.121300522440485,0.0,0.17197355584415444,0.1,0.003196239471435547,0.06496620178222656,0.05008722,0.5661006,13.29583078238774,0.0,0.14971888346989864,0.0,300,0.05526900291442871,0.001694521343648167,0.0009596079193732757,990751,13.705053177503842,0.0
3325,3.0892269611358643,12.52737552368475,1.1798254121340752,13.3883348246116,10.520524461448751,0.0,0.15582133930139233,0.1,0.003132343292236328,0.057961225509643555,0.049525727,0.5051276,13.218985256517442,0.0,0.13830156654692347,0.0,300,0.028962373733520508,0.016114347368154768,0.008850925183724077,991051,13.575531362512864,0.0
3326,2.989284038543701,13.456983808900066,0.08052217167765538,13.588310377494867,13.381210106874983,0.0,0.14987267600910947,0.1,0.003044605255126953,0.061551570892333984,0.050289128,1.4470364,13.242785111755705,0.0,0.15040357339743565,0.0,300,0.029111862182617188,0.009663608366923314,0.0031067784465152997,991351,13.657818070748611,0.0
3327,2.9804184436798096,13.344289997535146,0.14988089557839288,13.459838565446013,13.091221064574844,0.0,0.1536774460538043,0.1,0.003023386001586914,0.059728384017944336,0.050145723,0.9623839,13.252935600333648,0.0,0.14895074372888928,0.0,300,0.02882528305053711,0.0014773717509704643,0.0011716809233563946,991651,13.657548840257048,0.0
3328,2.9540345668792725,13.497954521873343,0.09520848680101714,13.58256567002895,13.342044987184103,0.0,0.15152241757812185,0.1,0.003659486770629883,0.059808969497680664,0.04927882,29.022522,13.27743749248762,0.0,0.15096735637147896,0.0,300,0.028955698013305664,0.0011296753619030773,0.0013575242445513737,991951,13.68941980781356,0.0
3329,2.9919238090515137,13.316092895922704,0.17287416179410964,13.59920217270777,13.152342690505911,0.0,0.15886385765738098,0.1,0.0033490657806396484,0.06094026565551758,0.049260266,0.5353674,13.281303032831127,0.0,0.14858901255188145,0.0,300,0.029279232025146484,0.001881443820973101,0.001490610683552134,992251,13.644923874228512,0.0
3330,3.042116165161133,13.511224619002554,0.07466620393864852,13.578990583829718,13.394449604128605,0.0,0.1589527023873228,0.1,0.0032591819763183594,0.05941295623779297,0.049987413,1.17655,13.30429519144827,0.0,0.15111536437618703,0.0,300,0.029552459716796875,0.0014786732532504573,0.0008505413596095829,992551,13.708247349782274,0.0
3331,3.0051777362823486,13.587633498874514,0.13994001640697187,13.710158447506783,13.355028274599311,0.0,0.16260239631356263,0.1,0.0032117366790771484,0.059159278869628906,0.049840074,3.915608,13.332629022190895,0.0,0.15219213343047405,0.0,300,0.029361724853515625,0.001702998868991455,0.0009419698922905469,992851,13.660823909363152,0.0
3332,3.030388832092285,12.657196439584148,1.1753296295508402,13.564043396668627,10.645211773084759,0.0,0.14906473039649432,0.1,0.009994268417358398,0.09645366668701172,0.05033544,0.49606395,13.26508576393022,0.0,0.1398119901277863,0.0,300,0.029661178588867188,0.00685939432523557,0.004373232081898482,993151,13.707724322885454,0.0
3333,2.985161304473877,13.299341445667832,0.19419646609522284,13.51439677932201,13.0033616309275,0.0,0.159603146431756,0.1,0.003356456756591797,0.05918240547180176,0.05043491,0.68295705,13.268511332103982,0.0,0.14841856619855465,0.0,300,0.028928041458129883,0.0020035514894944087,0.000873441726354241,993451,13.516061061590642,0.0
3334,3.0315468311309814,13.303408791334022,0.09818859259227118,13.371303674519426,13.133936703212576,0.0,0.16606951476592435,0.1,0.003348827362060547,0.0756983757019043,0.04973351,0.93832844,13.272001078026985,0.0,0.1484296673882748,0.0,300,0.05654096603393555,0.0007836057524728818,0.0006555822520370296,993751,13.758506372235852,0.0
3335,3.0869052410125732,13.430243094387183,0.1854295339482689,13.625425737312078,13.232621863997524,0.0,0.16095422086503208,0.1,0.0032651424407958984,0.08664155006408691,0.05020709,1.0424023,13.287825279663005,0.0,0.1501102356454028,0.0,300,0.06891250610351562,0.001178132032133976,0.0008434125267538757,994051,13.707861008448717,0.0
3336,2.9488754272460938,13.329323546753717,0.16051219288534016,13.467998334149966,13.073659979994513,0.0,0.1609100843329458,0.1,0.003125905990600586,0.059397220611572266,0.049611256,0.5442784,13.291975106372076,0.0,0.14873202018142606,0.0,300,0.03202247619628906,0.00263367861712856,0.0015615151533720656,994351,13.732894778093565,0.0
3337,3.027920961380005,13.231684661971173,0.23938642196266097,13.507820913560273,12.98381221184662,0.0,0.16510919722509007,0.1,0.003052949905395508,0.05839395523071289,0.04977537,1.0584278,13.285946061931986,0.0,0.14748420158500597,0.0,300,0.02946615219116211,0.002342501483486422,0.0012417429072290652,994651,13.721553633918747,0.0
3338,2.984421491622925,13.377662168062356,0.246893259742074,13.556210478562312,12.95705595953984,0.0,0.1587769988087167,0.1,0.003020048141479492,0.0585780143737793,0.050333988,1.0395632,13.295117672545024,0.0,0.14945687646738165,0.0,300,0.03085803985595703,0.0015273401683749835,0.0008881520036740962,994951,13.660968613505078,0.0
3339,3.071032762527466,13.50424887019471,0.031550538784851104,13.537274599349859,13.45235725589307,0.0,0.16462737411250944,0.1,0.0030236244201660156,0.06116652488708496,0.04998578,0.9557967,13.316030792309993,0.0,0.15102974204671105,0.0,300,0.028502225875854492,0.0005621877670155504,0.0006885958087116383,995251,13.678539647984286,0.0
3340,3.155479907989502,13.349555153803564,0.18504431877252506,13.604992653289512,13.08561322425786,0.0,0.16210949300153127,0.1,0.0033109188079833984,0.06019926071166992,0.050141193,0.5903576,13.31938322845935,0.0,0.14906058809750647,0.0,300,0.03076338768005371,0.0011900643444549223,0.0007299418598668994,995551,13.551050789379886,0.0
3341,3.0829567909240723,13.310807543290096,0.22962075891206044,13.557580452613179,12.993728361536139,0.0,0.16223613652597046,0.1,0.012390851974487305,0.06699681282043457,0.050379887,0.7429798,13.318525659942425,0.0,0.14851207442293637,0.0,300,0.02883148193359375,0.001529318602840313,0.0011351945825041694,995851,13.705193523470653,0.0
3342,3.106168031692505,13.422051336112302,0.10833512142368266,13.557504314653736,13.282392128603664,0.0,0.15680208885049,0.1,0.0067174434661865234,0.07461190223693848,0.04994001,1.8975744,13.328878227559413,0.0,0.14999110339672184,0.0,300,0.03202414512634277,0.0013768970876848364,0.0005841671927448804,996151,13.71961158235724,0.0
3343,3.0629119873046875,13.43337851180508,0.10510656329077195,13.561955761775513,13.270374878628688,0.0,0.16223168259937915,0.1,0.003136157989501953,0.06023430824279785,0.049866382,1.252783,13.339328255983979,0.0,0.150113493094193,0.0,300,0.02846527099609375,0.0009029264344273015,0.00044562766906706426,996451,13.596952543413584,0.0
3344,3.0596225261688232,12.929232255879066,0.47372061560628426,13.369754429985134,12.131018798757825,0.0,0.14852649076718524,0.1,0.0063130855560302734,0.0778799057006836,0.04914851,0.6756975,13.298318655973489,0.0,0.14358424405661713,0.0,300,0.028496503829956055,0.002021322016021533,0.000999384981356862,996751,13.441337141649205,0.0
3345,3.050175666809082,13.20421753912288,0.29765248983990494,13.450477759277168,12.710861283328533,0.0,0.15385416933032434,0.1,0.0031690597534179688,0.057567596435546875,0.049516797,1.2988895,13.288908544288429,0.0,0.14710212418075136,0.0,300,0.03142905235290527,0.0010582077826040508,0.0010291801189596694,997051,13.578321210074764,0.0
3346,3.026728868484497,13.079381296733935,0.24406990359593592,13.398761470709452,12.712728188068844,0.0,0.15739463688746283,0.1,0.00298309326171875,0.11979413032531738,0.04973369,1.0686126,13.26795581953298,0.0,0.14546128446202744,0.0,300,0.0289764404296875,0.0010437652098334253,0.000976091751073825,997351,13.553357185828025,0.0
3347,3.047687530517578,13.384994059085434,0.11125051368742472,13.536342232250005,13.2556422876663,0.0,0.15759713776296427,0.1,0.003098011016845703,0.0801541805267334,0.049912963,1.144174,13.279659643488225,0.0,0.14947415290258853,0.0,300,0.057745933532714844,0.0006554104644798186,0.0003669739020431954,997651,13.64508584131689,0.0
3348,3.229182720184326,13.13867942751203,0.24610932031595542,13.522506783048907,12.85035237966698,0.0,0.15064371067247675,0.1,0.005465030670166016,0.06891727447509766,0.05046787,0.5958304,13.265561621890607,0.0,0.1463095096434066,0.0,300,0.0341646671295166,0.0013586972369164655,0.0009481833355755616,997951,13.64477690843016,0.0
3349,3.0122082233428955,13.226655810845124,0.41373847417143805,13.677137386309385,12.55871728145684,0.0,0.15443346987589854,0.1,0.0037736892700195312,0.062172651290893555,0.04996245,0.7713805,13.261671040786059,0.0,0.1474889128806363,0.0,300,0.031324148178100586,0.0009511973802617165,0.0006712546471672344,998251,13.661831576150325,0.0
3350,3.0591979026794434,13.255021445400498,0.11962277993837978,13.4208384740405,13.13608202329968,0.0,0.16266998547446743,0.1,0.0037086009979248047,0.061731815338134766,0.05016375,1.4877007,13.261006081247503,0.0,0.14774008799447022,0.0,300,0.02942943572998047,0.0006827843719123376,0.0003817060658376844,998551,13.647293479960924,0.0
3351,3.035036325454712,13.216384277287252,0.23288874277557076,13.4738179592498,12.922744350394009,0.0,0.17223289036108677,0.1,0.0037169456481933594,0.06096315383911133,0.050142065,0.7698314,13.256543900851478,0.0,0.1473101379083957,0.0,300,0.02901148796081543,0.0009460502134237025,0.0007132256582417101,998851,13.620473205007917,0.0
3352,2.946739912033081,13.395016061062595,0.22272170352405257,13.71683775580475,13.08731941404166,0.0,0.16339092868903285,0.1,0.0034215450286865234,0.06130814552307129,0.049841136,0.52190363,13.270391116872588,0.0,0.1495763151854781,0.0,300,0.0291595458984375,0.000782648604482163,0.0006494672809329494,999151,13.661324248683146,0.0
3353,3.097353219985962,13.499064855943784,0.06969565110708206,13.611089041476191,13.42450618414697,0.0,0.17909490464519565,0.1,0.003434419631958008,0.06089043617248535,0.04990228,0.7521686,13.293258490779708,0.0,0.15094180018189873,0.0,300,0.028638124465942383,0.0008758062582849557,0.0008020509910662546,999451,13.545059312096194,0.0
3354,3.0408778190612793,13.095395740304538,0.5065266754461283,13.564634560750262,12.247764868065074,0.0,0.140153313587386,0.1,0.003294706344604492,0.05958247184753418,0.05059856,5.311283,13.273472215732191,0.0,0.14567710558099775,0.0,300,0.029049396514892578,0.0013024153732787507,0.0010428852710855396,999751,13.635428101357283,0.0
3355,2.9976489543914795,13.385813543774297,0.11638156559968499,13.506787989163557,13.255263554718848,0.0,0.16052317995716836,0.1,0.0032024383544921875,0.10857391357421875,0.050470147,1.8339121,13.284706348536403,0.0,0.1495518467385527,0.0,300,0.045519351959228516,0.0007674870672400365,0.0005991101585738951,1000051,13.684912860272561,0.0
3356,2.9850986003875732,12.789771474171708,0.8543102232083085,13.703720663585116,11.489937589714227,0.0,0.16211531327577336,0.1,0.011805295944213867,0.07035350799560547,0.049957495,0.7242917,13.235212861099935,0.0,0.1417914918121378,0.0,300,0.029515743255615234,0.003807038094651937,0.0025440938263358395,1000351,13.512941004341755,0.0
3357,3.066727876663208,13.310680916377775,0.3469845686911854,13.683636175231713,12.814870143633945,0.0,0.16277117785075942,0.1,0.0034394264221191406,0.061415672302246094,0.049626924,0.8052708,13.24275966662772,0.0,0.14850232341421654,0.0,300,0.05181407928466797,0.0026249565970441757,0.0010344171446616901,1000651,13.475103771616169,0.0
3358,2.9904279708862305,13.270057077985218,0.28294028183296316,13.63496794712697,12.87242184210959,0.0,0.1526253284720577,0.1,0.0033729076385498047,0.060784101486206055,0.049985714,2.4576738,13.24548940776347,0.0,0.14794138688922875,0.0,300,0.03743720054626465,0.0015828070679984672,0.0006539704132497423,1000951,13.6676547354516,0.0
3359,3.00650954246521,13.48744138818737,0.0927331496755402,13.552709547676303,13.327428612775027,0.0,0.16899859132117492,0.1,0.003600597381591797,0.06251263618469238,0.050077427,0.756889,13.26968460580586,0.0,0.15085180645663354,0.0,300,0.029572248458862305,0.0010680400066982881,0.0005876635153169187,1001251,13.527668547428783,0.0
3360,3.0506036281585693,13.276032751973556,0.23836640115434704,13.541029838084341,12.98189385679118,0.0,0.1618160737553927,0.1,0.004564762115478516,0.06116986274719238,0.04990306,0.71221364,13.27031942042263,0.0,0.148078929942667,0.0,300,0.02883148193359375,0.0013092058350709244,0.000906016916314436,1001551,13.63001122662772,0.0
3361,3.1147751808166504,13.43847635806099,0.08612136954713427,13.528620537591278,13.306914524446826,0.0,0.16393520974205547,0.1,0.0034694671630859375,0.08012008666992188,0.0502083,1.5402957,13.287135114186468,0.0,0.15015420767186788,0.0,300,0.02890777587890625,0.0005689705734860694,0.0006042947932398109,1001851,13.623273750210927,0.0
3362,3.031630277633667,13.024290671672079,0.705772602954128,13.531025892067147,11.809141137472569,0.0,0.15814759987727134,0.1,0.0034265518188476562,0.06663322448730469,0.049874354,0.5126181,13.260850669935028,0.0,0.14479938134661818,0.0,300,0.07120656967163086,0.0020515496131995915,0.0018383366381401621,1002151,13.574951653948554,0.0
3363,3.0559465885162354,13.445324357974977,0.03551072011754418,13.487352089426606,13.391971494443673,0.0,0.15669971099061966,0.1,0.0034172534942626953,0.06235694885253906,0.049994312,1.4092273,13.279298038739022,0.0,0.15024029661380633,0.0,300,0.028437376022338867,0.0008725432247710771,0.00047754189122099463,1002451,13.299762086009558,0.0
3364,3.0454273223876953,13.27223856218841,0.19192537417184088,13.498163265643148,12.976081731288417,0.0,0.16295700645071778,0.1,0.0032892227172851562,0.06067919731140137,0.050117042,0.6691137,13.278592091083961,0.0,0.14800687647782315,0.0,300,0.04039716720581055,0.0008716450757732527,0.0009183113785886705,1002751,13.537886756080587,0.0
3365,3.035238265991211,13.319423724914166,0.27391147213771766,13.606408424525911,12.88007809099447,0.0,0.15544476732702336,0.1,0.004999876022338867,0.0632939338684082,0.04981239,0.600806,13.282675254466982,0.0,0.1487004043378739,0.0,300,0.028862714767456055,0.000702706723251894,0.0005458640007062383,1003051,13.559927543047872,0.0
3366,3.069568157196045,13.293433483619513,0.19425396087987418,13.489830291015476,13.025381907047935,0.0,0.15755247407688927,0.1,0.003261566162109375,0.11514401435852051,0.05017503,2.225717,13.283751077382234,0.0,0.14833486036388177,0.0,300,0.03253459930419922,0.0007975027971450526,0.00056339735884925,1003351,13.498454766162922,0.0
3367,3.0219943523406982,13.294959866956576,0.23180080472309755,13.535033141074836,13.04000375909815,0.0,0.15777767137799867,0.1,0.004496335983276367,0.0628972053527832,0.049868863,1.0293386,13.28487195633967,0.0,0.14834806334444664,0.0,300,0.028239011764526367,0.0005735491663880489,0.0005335563488719185,1003651,13.567008749129576,0.0
3368,3.033992052078247,13.066540111017112,0.2543523715663063,13.305943283881696,12.691086245671716,0.0,0.15730440104287105,0.1,0.0033833980560302734,0.06969022750854492,0.050157763,0.72233284,13.263038771807414,0.0,0.1452628915716616,0.0,300,0.02824711799621582,0.0013537419602835325,0.0009487893192508505,1003951,13.550426402040296,0.0
3369,3.0204877853393555,13.366403742620172,0.232252962671243,13.555154258400341,12.979773266725898,0.0,0.1694515778580199,0.1,0.0033752918243408203,0.0601348876953125,0.050183915,0.7069204,13.27337526888869,0.0,0.14922910676754897,0.0,300,0.02881789207458496,0.0009939500194824393,0.0007397638016582621,1004251,13.640839804765998,0.0
3370,3.057196617126465,13.501857383669755,0.08620531296815037,13.62082263213226,13.379028909169502,0.0,0.15734154473477624,0.1,0.0033643245697021484,0.06188464164733887,0.050074216,1.0662106,13.296223480366798,0.0,0.15102679348530798,0.0,300,0.028922557830810547,0.0004144988488313091,0.000362466206057768,1004551,13.722802717856458,0.0
3371,3.0361058712005615,13.23809178804512,0.48705870127181705,13.543364124087057,12.395361844041995,0.0,0.16757136324349367,0.1,0.0033693313598632812,0.0663764476776123,0.04979424,0.64622855,13.29041031113463,0.0,0.1475790169460273,0.0,300,0.05125594139099121,0.001709803482075236,0.001420223863405017,1004851,13.599818947704627,0.0
3372,3.0514025688171387,13.347992054836537,0.08725412198814989,13.480242405814039,13.237442972517453,0.0,0.1672103066696976,0.1,0.0035915374755859375,0.06524062156677246,0.049662,0.7132801,13.296168485504822,0.0,0.14895934945506775,0.0,300,0.052779197692871094,0.0009771930756680043,0.0007409541585528892,1005151,13.590114276812642,0.0
3373,3.040184736251831,13.356914091010921,0.14218323168522007,13.559455935966255,13.16422393638555,0.0,0.1584653250479948,0.1,0.003424406051635742,0.060979604721069336,0.05006474,1.0040565,13.302243046055434,0.0,0.14921423050394336,0.0,300,0.030978679656982422,0.0006133355790941263,0.0004494056241166867,1005451,13.692388632037817,0.0
3374,3.0661001205444336,12.984614460628853,0.8087872691681696,13.580833963385933,11.607440638496263,0.0,0.1536934654012011,0.1,0.0038623809814453125,0.05917787551879883,0.05069865,0.4549414,13.270480187512776,0.0,0.1443238392254114,0.0,300,0.027999162673950195,0.0016934739702633688,0.001592310886143618,1005751,13.582552155594326,0.0
3375,3.0263686180114746,13.500472259950232,0.06768819277295629,13.583915616047374,13.400422580311846,0.0,0.1569929899472729,0.1,0.0031385421752929688,0.05878496170043945,0.050005596,1.0318272,13.293479394756522,0.0,0.15099619265551462,0.0,300,0.02901458740234375,0.0009932920191936174,0.0005795125515424166,1006051,13.66685893762353,0.0
3376,3.0038459300994873,13.2276038249833,0.16741329883571804,13.433326586993,12.987777487602724,0.0,0.16204130640148307,0.1,0.0032286643981933594,0.05869579315185547,0.04987063,0.7274396,13.286891837779201,0.0,0.14740017530789296,0.0,300,0.027970552444458008,0.001803783685490028,0.0010777056314612698,1006351,13.256395960319372,0.0
3377,3.0872585773468018,13.505598656330879,0.1012518235422651,13.606453951630531,13.339731931071489,0.0,0.1510430618910237,0.1,0.003277301788330078,0.06383538246154785,0.050059408,1.1063665,13.308762519634369,0.0,0.15111883525616182,0.0,300,0.028012990951538086,0.001984303134242339,0.00112505104804129,1006651,13.534161524716778,0.0
3378,3.014345169067383,12.801009423871104,0.8603646557875892,13.428705672971391,11.317739187311023,0.0,0.1502558644742164,0.1,0.003256559371948242,0.058683156967163086,0.049100608,0.38983715,13.257987210058044,0.0,0.14169414825431745,0.0,300,0.02834343910217285,0.003341081984640681,0.002159727531378898,1006951,13.545556825727909,0.0
3379,3.0203468799591064,13.460505318864186,0.1413214163830267,13.66052801874601,13.294212658150018,0.0,0.14448153165776165,0.1,0.0033233165740966797,0.12453055381774902,0.04985087,1.9746569,13.27823902093866,0.0,0.1505276874099864,0.0,300,0.03028726577758789,0.0015862621002091632,0.0006864218880283507,1007251,13.596534785306241,0.0
3380,3.0744431018829346,13.415421585501171,0.10797107501832585,13.596642107736583,13.311615496208853,0.0,0.14881394636592055,0.1,0.003607034683227539,0.05884194374084473,0.05060975,1.0614543,13.291957277394912,0.0,0.14993772311265563,0.0,300,0.030585527420043945,0.0006042652984155516,0.0008282721654209418,1007551,13.502118707786897,0.0
3381,3.0622785091400146,13.513655882568127,0.0875186099815742,13.604448740722306,13.376589296326461,0.0,0.15615262593711104,0.1,0.011034488677978516,0.06534862518310547,0.049691264,0.53750193,13.314127137912235,0.0,0.1511878248479902,0.0,300,0.028447389602661133,0.0009957956047996288,0.0005552349681692342,1007851,13.665059843686436,0.0
3382,3.0690927505493164,11.827511852083685,2.850230564749022,13.496627557279655,6.890836905435806,0.0,0.1413575587590371,0.1,0.0031952857971191406,0.058712005615234375,0.050129578,0.4085878,13.165465609329381,0.0,0.12903151473405353,0.0,300,0.03131699562072754,0.040428418886247694,0.021552198818510893,1008151,13.490728787182944,0.0
3383,3.17981219291687,13.420902097606099,0.17601967226720983,13.547916590546535,13.11763889642299,0.0,0.15509555412450635,0.1,0.0034227371215820312,0.11855030059814453,0.049385212,1.5828229,13.191009258157052,0.0,0.15001718504436087,0.0,300,0.028219938278198242,0.013814022020499526,0.007055529721596301,1008451,13.561909708410491,0.0
3384,3.0974478721618652,13.384256342348998,0.15739890273423193,13.509492517352111,13.11568403211146,0.0,0.16131517564374187,0.1,0.003257274627685547,0.07000184059143066,0.0498174,1.6974295,13.210333966576247,0.0,0.14943333072828946,0.0,300,0.05515551567077637,0.006163196314827664,0.0035743115116832437,1008751,13.639091085181812,0.0
3385,3.11812162399292,13.28474635362874,0.33877203481276824,13.541116586788863,12.71445884062931,0.0,0.15160130654363185,0.1,0.003534078598022461,0.11485147476196289,0.050545968,0.5639657,13.217775205281498,0.0,0.14812488602973048,0.0,300,0.032953739166259766,0.003673393222395336,0.0017918679222389219,1009051,13.525518592875697,0.0
3386,3.0460803508758545,13.343411174542307,0.1879761519631231,13.59614626461315,13.071248370864282,0.0,0.14522980502290175,0.1,0.003270864486694336,0.059581756591796875,0.049879257,0.8579228,13.23033880220758,0.0,0.1489244337341644,0.0,300,0.028268098831176758,0.0017800431224819302,0.0011696965838523924,1009351,13.60781170983933,0.0
3387,3.0351474285125732,13.445422762440419,0.07693689572652089,13.533365378424763,13.358539085097334,0.0,0.15642404562277637,0.1,0.003445863723754883,0.05955839157104492,0.049710665,1.8863367,13.251847198230864,0.0,0.15031552310461,0.0,300,0.07936859130859375,0.0018982757746452761,0.0013546333828144323,1009651,13.54406815698232,0.0
3388,3.062384605407715,13.40202256925572,0.15845576542591883,13.630247438485862,13.18910610759889,0.0,0.16030015403240933,0.1,0.0036122798919677734,0.06133294105529785,0.050242126,3.774831,13.26686473533335,0.0,0.14972453813133454,0.0,300,0.028368711471557617,0.0013920575187881161,0.0011191460018699043,1009951,13.140766880009386,0.0
3389,3.090198278427124,13.380562187433021,0.05141600021290545,13.435858083186078,13.302263874450167,0.0,0.15244057021113164,0.1,0.0033974647521972656,0.06046175956726074,0.050492026,0.59782755,13.278234480543318,0.0,0.14945622582674123,0.0,300,0.03045487403869629,0.001076717806817301,0.0006794463896895567,1010251,13.509635625899065,0.0
3390,3.101914644241333,13.416255423004216,0.15628660717520884,13.58172580453872,13.166420030649292,0.0,0.1566491333419656,0.1,0.003306150436401367,0.061011552810668945,0.04997624,0.6440024,13.292036574789408,0.0,0.14988775482378863,0.0,300,0.02901935577392578,0.0014715983188023473,0.001031972892518337,1010551,13.64744543510175,0.0
3391,3.1129138469696045,13.340024905710791,0.12410809184285403,13.538165887898913,13.204398481594426,0.0,0.15829377943990955,0.1,0.0033721923828125,0.062316179275512695,0.049977504,1.6374158,13.296835407881547,0.0,0.14893086756162138,0.0,300,0.028748750686645508,0.0009493994327976822,0.0008092470254034684,1010851,13.472393454855014,0.0
3392,3.121596097946167,13.292230902235962,0.12226990953426486,13.412179838651937,13.08795261023473,0.0,0.16126524178116355,0.1,0.0033464431762695312,0.060904741287231445,0.04934231,1.7736491,13.296374957316988,0.0,0.14823314053903092,0.0,300,0.047527313232421875,0.0013376475551692293,0.0009817051044245654,1011151,13.41245521716956,0.0
3393,3.1093592643737793,13.403493660016846,0.13539261774594016,13.551650824730276,13.209213672146758,0.0,0.15656129828966006,0.1,0.0033593177795410156,0.13612031936645508,0.05010004,0.6357788,13.307086827586975,0.0,0.14975940910818306,0.0,300,0.03212618827819824,0.0014267628202308971,0.001044329772664916,1011451,13.42912023640451,0.0
3394,3.0017881393432617,13.40507146242501,0.1258572850352276,13.52065325790268,13.200381081643924,0.0,0.15532738319511358,0.1,0.0034933090209960938,0.06059741973876953,0.049788184,0.6428948,13.31688529107078,0.0,0.14977171695688046,0.0,300,0.029845714569091797,0.001269498208604277,0.0007833466097521352,1011751,13.285236254740342,0.0
3395,3.068601369857788,13.389798986291815,0.11272651249840938,13.565252322959712,13.253498500718425,0.0,0.14587682005045166,0.1,0.003385305404663086,0.06116151809692383,0.04949543,2.675596,13.324176660592883,0.0,0.14950539656362455,0.0,300,0.028821945190429688,0.0007552222776561542,0.0005166523390019482,1012051,13.213952073227157,0.0
3396,3.066692590713501,13.419404264136476,0.08409260790837364,13.544748358444,13.341181668181983,0.0,0.15870752081237816,0.1,0.0033876895904541016,0.05984187126159668,0.05000049,1.2471755,13.333699420947244,0.0,0.1499496374532691,0.0,300,0.028622150421142578,0.0010751024582912358,0.0009199967947052353,1012351,13.166980336973573,0.0
3397,2.9974892139434814,13.386692656492306,0.07241890028830382,13.465558000194996,13.27396057234271,0.0,0.16252965015486048,0.1,0.003315448760986328,0.07670760154724121,0.04989339,0.6831803,13.338998744501751,0.0,0.14950228982587405,0.0,300,0.053020477294921875,0.0010289599753890558,0.0007436085337635819,1012651,13.486843522386414,0.0
3398,3.0459797382354736,13.334105415351909,0.16282486989978612,13.51998252198168,13.07284272997249,0.0,0.15585829056212927,0.1,0.003319978713989258,0.08087778091430664,0.050252493,0.7816524,13.338509411586767,0.0,0.1488440618913823,0.0,300,0.058709144592285156,0.0013666479424815506,0.0009491240886541753,1012951,13.432923565516196,0.0
3399,3.033034324645996,12.9890629939937,0.9746065533504008,13.6948007725147,11.308392496126661,0.0,0.16153261718587217,0.1,0.0032699108123779297,0.06005716323852539,0.049687896,0.7170386,13.30356476982746,0.0,0.1444089613211762,0.0,300,0.028270959854125977,0.007471642712414497,0.005792626111440281,1013251,13.47232727661519,0.0
3400,3.0870919227600098,13.437447063217846,0.11747066660259366,13.577164796412148,13.26774338047086,0.0,0.1666619172625291,0.1,0.00524449348449707,0.06078195571899414,0.049695797,0.97160155,13.3169529991665,0.0,0.15022336585198012,0.0,300,0.029468774795532227,0.003427006141928905,0.0011748809642355225,1013551,13.34488411576046,0.0
3401,3.0386900901794434,13.451288421571743,0.11912970883039882,13.64772567514814,13.326639509059994,0.0,0.15589108594604975,0.1,0.0033156871795654297,0.06106853485107422,0.0485111,1.2536072,13.330386541407025,0.0,0.15038270683682625,0.0,300,0.0700526237487793,0.0008044816939954408,0.0006080492254837858,1013851,13.548272886455484,0.0
3402,3.1439626216888428,13.451686125141201,0.17177407379207157,13.65563398665968,13.18388764444418,0.0,0.1729625229102392,0.1,0.0037097930908203125,0.1157376766204834,0.04960975,0.7848783,13.342516499780443,0.0,0.15038447134410052,0.0,300,0.02956104278564453,0.0009110557685115419,0.0008628488534834649,1014151,13.651116176057997,0.0
3403,3.0651490688323975,13.270955914877035,0.25526582093123545,13.497795666426521,12.84224639140611,0.0,0.16431058109599708,0.1,0.003408193588256836,0.06011819839477539,0.04989783,1.1599724,13.335360441290101,0.0,0.14808769690193832,0.0,300,0.028725147247314453,0.0005290536565663338,0.0005122435038056056,1014451,13.355197327285728,0.0
3404,3.069243907928467,13.05710016494246,0.6582025055083518,13.635707538798746,11.966319410648225,0.0,0.15809706327818834,0.1,0.006049394607543945,0.08421659469604492,0.04939447,0.7253756,13.307534413655336,0.0,0.145288874829493,0.0,300,0.03212690353393555,0.0018289864029529725,0.0015818311721253115,1014751,13.54202669814063,0.0
3405,3.0957295894622803,13.429315247828491,0.04733819294229787,13.483251346441794,13.364424586597819,0.0,0.15984201652354743,0.1,0.0032088756561279297,0.058495521545410156,0.049868103,0.9557131,13.31971249707265,0.0,0.15004953470280874,0.0,300,0.04173684120178223,0.0008256226428803192,0.0006295513732809548,1015051,13.508982936764404,0.0
3406,3.0440266132354736,13.24077124077527,0.29481868214737866,13.458990540161686,12.733309790578408,0.0,0.15477732710017064,0.1,0.0032896995544433594,0.05904960632324219,0.050339095,0.42552906,13.311818371442914,0.0,0.14754809132649122,0.0,300,0.028999805450439453,0.0010997811981549599,0.0008758920687367141,1015351,13.27491244907612,0.0
3407,2.9970643520355225,13.333878016066407,0.17483059311482507,13.539713071454512,13.083775224076168,0.0,0.1553962178452784,0.1,0.0032258033752441406,0.06340622901916504,0.051140588,2.7080052,13.314024335905264,0.0,0.14887353157891825,0.0,300,0.028449535369873047,0.0006980330755631502,0.0006941898137944016,1015651,13.510307034642942,0.0
3408,3.1190600395202637,13.171475768350344,0.2118329818233797,13.437284449830424,12.846102508151974,0.0,0.1597745739845524,0.1,0.0031197071075439453,0.060997962951660156,0.049658872,1.6116624,13.299769479149774,0.0,0.14667415690793048,0.0,300,0.028681039810180664,0.000824529963275846,0.0007770713407720356,1015951,13.08670791832771,0.0
3409,3.0854270458221436,13.10993512927385,0.22031001402847986,13.268792145557677,12.731392896251556,0.0,0.1602109143607066,0.1,0.004265546798706055,0.06314873695373535,0.049773097,0.6804376,13.280786044162182,0.0,0.14591859226156415,0.0,300,0.028372526168823242,0.001082584932829313,0.0008409532101987996,1016251,13.595933828295076,0.0
3410,3.001967430114746,13.233183069900665,0.23028708139268433,13.434309790950017,12.85775728627206,0.0,0.16430172410120347,0.1,0.003392457962036133,0.06132817268371582,0.05031224,0.99758303,13.276025746736032,0.0,0.14746967714061573,0.0,300,0.02927851676940918,0.0010987475045519152,0.0009045827338756725,1016551,13.6421457774644,0.0
3411,3.0221569538116455,13.143276505993141,0.41926856085168807,13.430812578485101,12.422833836131957,0.0,0.1569388100970209,0.1,0.003354787826538086,0.0701894760131836,0.049949076,0.86323875,13.262750822661742,0.0,0.14629566251859483,0.0,300,0.05900740623474121,0.0010816120404879535,0.0008676609936071437,1016851,13.605147477561273,0.0
3412,3.0051381587982178,12.943597421220707,0.3680762336883303,13.347055261614798,12.450327940528009,0.0,0.15165914035486291,0.1,0.0032601356506347656,0.06054067611694336,0.049945842,0.668286,13.230835482517639,0.0,0.1437071372130044,0.0,300,0.05811715126037598,0.0010910690369556949,0.0007906484251301312,1017151,13.503848793154953,0.0
3413,3.040936231613159,13.174191235997199,0.25972726996664436,13.425233616921801,12.743965860044481,0.0,0.16217711488665493,0.1,0.0032415390014648438,0.0606083869934082,0.049751356,0.9051898,13.225171057865595,0.0,0.14675205648762554,0.0,300,0.0286862850189209,0.0008823174074400466,0.000859821401990735,1017451,12.023321326110661,0.0
3414,3.0275685787200928,13.430021710836364,0.05404396389678314,13.512769062401341,13.368233505707444,0.0,0.16449951489747963,0.1,0.0035889148712158203,0.1348423957824707,0.050015204,0.58337593,13.245656123162671,0.0,0.15003683245634783,0.0,300,0.033390045166015625,0.0009909543038428314,0.0007010818435551575,1017751,13.317746513837248,0.0
3415,3.085880756378174,13.395148396150457,0.07818896087197147,13.519709415617633,13.328443125201384,0.0,0.16069623207243094,0.1,0.0033876895904541016,0.06127595901489258,0.050044786,1.4133062,13.26060535046145,0.0,0.14959564618299348,0.0,300,0.03632521629333496,0.0006753162871278625,0.0005946710670531805,1018051,13.472793299465346,0.0
3416,3.042741298675537,13.28100804510147,0.25289912948430915,13.494082054258099,12.868775746558681,0.0,0.16024110541633363,0.1,0.003390073776245117,0.0605313777923584,0.04996023,0.5799992,13.262645619925452,0.0,0.1481013943340849,0.0,300,0.028431415557861328,0.0009974898518386637,0.0008653407228237392,1018351,13.497251052316209,0.0
3417,3.181035280227661,13.453117962919386,0.07631497620117739,13.57174940131337,13.36135750277117,0.0,0.17001623507461275,0.1,0.011973381042480469,0.07421326637268066,0.05013359,0.90752095,13.281692854224847,0.0,0.15041002989860822,0.0,300,0.02883315086364746,0.000604432723618766,0.0005678296290109297,1018651,13.393647046819526,0.0
3418,3.075573682785034,13.26339208311389,0.20500389203284833,13.499168755677132,12.936067464286312,0.0,0.16358476086469154,0.1,0.003301382064819336,0.06891441345214844,0.050203644,0.8190621,13.27986277711375,0.0,0.14789945157874823,0.0,300,0.028896808624267578,0.0007604955831316314,0.0006184101546493467,1018951,13.56023203428101,0.0
3419,3.1171183586120605,13.418941306018256,0.13476023033124138,13.589691610071075,13.212837015421231,0.0,0.1691959082726192,0.1,0.003269195556640625,0.06007671356201172,0.049786042,0.653896,13.293770630004202,0.0,0.14990210719403324,0.0,300,0.03197741508483887,0.0008336351800866455,0.0006553210664291132,1019251,13.414362872133268,0.0
3420,3.085939884185791,12.955263213657537,0.34512499624420157,13.326667270073665,12.41361860125794,0.0,0.15526887554886848,0.1,0.003485441207885742,0.06020617485046387,0.05023902,1.0106685,13.259919888369536,0.0,0.14379879709641769,0.0,300,0.028487205505371094,0.001774838147482341,0.0009795745219043051,1019551,13.52627464737109,0.0
3421,3.149136781692505,13.128852280981693,0.5353148047873132,13.490563848317526,12.205392682521955,0.0,0.15566908362949877,0.1,0.013080835342407227,0.08286166191101074,0.049922377,0.81926745,13.246813127630752,0.0,0.14614823394220242,0.0,300,0.029930591583251953,0.001509087169485132,0.0012852835190258261,1019851,13.306178171039365,0.0
3422,3.0224196910858154,13.248174413637559,0.11430234098180445,13.390069866764135,13.121449849860987,0.0,0.15170078208714546,0.1,0.003101825714111328,0.09724116325378418,0.049873814,1.1882937,13.246949256231433,0.0,0.14776871607194225,0.0,300,0.029234886169433594,0.0006660176941226662,0.00044892672297869584,1020151,13.500788658163176,0.0
3423,3.097776412963867,13.062889034546952,0.28520375121927166,13.384757384571568,12.713625638533056,0.0,0.15446196466290416,0.1,0.003606557846069336,0.07587385177612305,0.050162297,0.76617366,13.228543234062986,0.0,0.1452423999794697,0.0,300,0.0551602840423584,0.001016564214765621,0.0008604775424684409,1020451,13.610743575592727,0.0
3424,3.0901851654052734,13.405945180401602,0.05715986664590239,13.470401684117594,13.337425166030808,0.0,0.1594427828269206,0.1,0.0031354427337646484,0.06295299530029297,0.05005974,0.5585568,13.246283428696849,0.0,0.14982633343523324,0.0,300,0.028790950775146484,0.0008277629147213673,0.0006586099273157828,1020751,13.638642444854804,0.0
3425,3.1327219009399414,13.382992195129063,0.05642859215094648,13.436268986482856,13.293771005925748,0.0,0.15431284059241945,0.1,0.0031325817108154297,0.06023597717285156,0.050029352,1.2560651,13.25995430534007,0.0,0.14945530734286414,0.0,300,0.07049250602722168,0.0007333950392882404,0.0004948249313918244,1021051,13.68727669272964,0.0
3426,3.1602113246917725,13.333519072317687,0.19124350012232924,13.541122882821066,13.026810381279056,0.0,0.17585914610104866,0.1,0.0029747486114501953,0.12698745727539062,0.049875904,0.5713261,13.267310782037832,0.0,0.14880284415886955,0.0,300,0.03493070602416992,0.0011596148577294994,0.0008432561144414164,1021351,13.601704978544111,0.0
3427,3.86995792388916,13.296769601009268,0.06158340810467925,13.388372313839714,13.215106147451813,0.0,0.15958950993299645,0.1,0.009795665740966797,0.09208488464355469,0.04997907,1.0918417,13.270256663934976,0.0,0.1483638974763065,0.0,300,0.02835822105407715,0.000918582148592371,0.0007187260604143577,1021651,13.530412175499682,0.0
3428,3.039669990539551,13.406679190772984,0.058184445655088464,13.46452359601203,13.314858311420902,0.0,0.16128999533731564,0.1,0.0038521289825439453,0.11338114738464355,0.050145738,1.4230741,13.283898916618778,0.0,0.14974220745397737,0.0,300,0.0290682315826416,0.0008046474752968233,0.0005539849610811686,1021951,13.535682854163744,0.0
3429,3.0267581939697266,13.358821764778561,0.15860390938895821,13.488204523811289,13.089246698554845,0.0,0.16929744367820337,0.1,0.003573894500732422,0.06171059608459473,0.04941041,0.66932774,13.291391201434756,0.0,0.14908146178407594,0.0,300,0.02942204475402832,0.0010339409651035747,0.0008233429537121441,1022251,13.521341815677003,0.0
3430,3.117115020751953,13.221703711706427,0.35846385139238285,13.578174007098857,12.661528302513451,0.0,0.14828934645320752,0.1,0.003427743911743164,0.06130194664001465,0.049736336,0.6313486,13.284422452461923,0.0,0.14733627808172017,0.0,300,0.02869439125061035,0.0010015540752637557,0.0008777309047996832,1022551,13.687947336846628,0.0
3431,3.1029725074768066,13.175827397286401,0.25998096727357506,13.510101818121768,12.843029399765275,0.0,0.1437288327071384,0.1,0.0034914016723632812,0.06063508987426758,0.049940687,1.902161,13.273562946944372,0.0,0.14668835869945418,0.0,300,0.02959299087524414,0.000815917795018582,0.0006579420961767428,1022851,13.418005952971859,0.0
3432,3.1232659816741943,13.391687534953403,0.14704557544366345,13.630172936522468,13.233094266625784,0.0,0.1692084104513386,0.1,0.0031185150146484375,0.06039237976074219,0.05018415,0.72010446,13.285375405745274,0.0,0.14955209479398232,0.0,300,0.028731107711791992,0.0007079919172320309,0.0006282864480592139,1023151,13.423691651101649,0.0
3433,3.172625780105591,13.204658577470825,0.2595283065980137,13.439819489864075,12.782605654851062,0.0,0.15457286132355852,0.1,0.003247976303100586,0.06222987174987793,0.049962834,0.80228037,13.27730372291783,0.0,0.1471565755766197,0.0,300,0.028717994689941406,0.0008403045953652604,0.0006094380329319487,1023451,13.554524661079315,0.0
3434,3.059185028076172,13.41552820584757,0.06885517207306514,13.529195069525564,13.3560397054993,0.0,0.17544333881775553,0.1,0.0033898353576660156,0.06354331970214844,0.050352633,0.6076297,13.291126171210806,0.0,0.1499405450414094,0.0,300,0.02850818634033203,0.0011738765926937755,0.0008068772116521711,1023751,13.174548811081145,0.0
3435,3.012744426727295,13.16430255036678,0.39214491940910656,13.538429376399787,12.509375829776573,0.0,0.1565926444483287,0.1,0.0033605098724365234,0.06596660614013672,0.04973705,0.7085242,13.278443809126404,0.0,0.14658934395829248,0.0,300,0.06273412704467773,0.001179534369366055,0.0006984756962205251,1024051,13.606863602017059,0.0
3436,3.067258596420288,13.273819804150474,0.19998406894942602,13.535909457711783,13.068529091059116,0.0,0.15381568352177874,0.1,0.003123044967651367,0.06088733673095703,0.04994528,0.6987275,13.277981408628811,0.0,0.1479859013567549,0.0,300,0.028604507446289062,0.0009714031081167106,0.00045323801684865974,1024351,13.136370034949854,0.0
3437,3.0867507457733154,13.542057413742832,0.08074501133076284,13.636650678630337,13.415673878228619,0.0,0.16580220901053613,0.1,0.0036034584045410156,0.06254053115844727,0.049997963,0.908662,13.304389009140214,0.0,0.15155368007168774,0.0,300,0.02900838851928711,0.0011159736498980186,0.0007194144547009537,1024651,13.588187271571961,0.0
3438,3.0641942024230957,13.267160015035808,0.08494797853642556,13.400142969721434,13.185355377151046,0.0,0.14973818641850464,0.1,0.0037581920623779297,0.08328795433044434,0.049974963,1.1373461,13.300666109729773,0.0,0.14800562786791632,0.0,300,0.02817845344543457,0.0005518860041539633,0.00052996794017589,1024951,13.519840135448417,0.0
3439,3.094653606414795,13.154676785340008,0.41760893618811507,13.501216419906529,12.441390974959488,0.0,0.1530214494114541,0.1,0.0032148361206054688,0.06055307388305664,0.049737867,0.5478199,13.286067177290796,0.0,0.14647395630429322,0.0,300,0.028751373291015625,0.0011874769934400438,0.0010238745939762624,1025251,13.593139961547164,0.0
3440,3.1112377643585205,13.355778569870512,0.07218999132441033,13.454902558613508,13.272532192752552,0.0,0.1498988400943518,0.1,0.003245830535888672,0.05976247787475586,0.049439788,1.4672667,13.293038316548769,0.0,0.14923093656694345,0.0,300,0.028773784637451172,0.0007345607418825663,0.0005116765073439592,1025551,13.704862940516422,0.0
3441,3.0770156383514404,12.888377440785339,0.5986382977499891,13.437691666659589,11.893793053776923,0.0,0.15989276415448306,0.1,0.003178834915161133,0.0594480037689209,0.049735073,0.46408477,13.252572228972426,0.0,0.14310404041460284,0.0,300,0.028513669967651367,0.0016106144813319322,0.0013538216561786761,1025851,13.33196976407052,0.0
3442,3.0644991397857666,13.299337853441571,0.1981040401340514,13.497119897070617,12.983256011567034,0.0,0.16381912160049117,0.1,0.003078460693359375,0.05939006805419922,0.050448004,0.6232002,13.25724879141934,0.0,0.1483517787334671,0.0,300,0.028597354888916016,0.0007796425682498461,0.0005602787731844548,1026151,13.559341800189424,0.0
3443,3.025954008102417,12.997627278690425,0.8446755946302884,13.540824799682765,11.535919868004688,0.0,0.14267686903993598,0.1,0.004102468490600586,0.063018798828125,0.04996613,0.5336406,13.231286640146449,0.0,0.14436955410963964,0.0,300,0.030115365982055664,0.002397218503823341,0.0019843702319148953,1026451,13.544916240809323,0.0
3444,2.982240676879883,12.958566756102385,0.5195618424511452,13.490902010010387,12.111972482341951,0.0,0.15432532632025883,0.1,0.003353118896484375,0.06362128257751465,0.049118496,0.7476967,13.204014651742042,0.0,0.14406395851554557,0.0,300,0.028992414474487305,0.0013151498309561765,0.0012151167767104443,1026751,13.57248800002271,0.0
3445,3.004549980163574,12.948200363833893,1.0042669682575596,13.591720430386696,11.211844479872617,0.0,0.16136082843348257,0.1,0.003278493881225586,0.06327581405639648,0.05002822,0.50306857,13.178433222951227,0.0,0.14386258310492903,0.0,300,0.03034830093383789,0.0044935101016976104,0.004254969319757905,1027051,13.463393650428067,0.0
3446,3.002537250518799,13.226829708001775,0.11961526674325755,13.396769888842202,13.103113337512992,0.0,0.15484614973762803,0.1,0.0033915042877197266,0.06061911582946777,0.04950108,1.0277146,13.183272871456282,0.0,0.1474984667104772,0.0,300,0.028820276260375977,0.0008461120572520732,0.0005281440307606436,1027351,13.607208421651253,0.0
3447,3.0473108291625977,12.997816384350788,0.6443654142092445,13.402940282298061,11.882301358529695,0.0,0.15843052759347048,0.1,0.003325939178466797,0.06069350242614746,0.049765717,0.6231005,13.164727222745732,0.0,0.1445120542146382,0.0,300,0.05195355415344238,0.0012581881307683926,0.0010707960478472693,1027651,13.530456154203925,0.0
3448,3.0060229301452637,13.203744176765355,0.20100325024143784,13.432456651664546,12.880533058196374,0.0,0.14365697816470144,0.1,0.003427743911743164,0.1313796043395996,0.048773043,2.5429828,13.168628918147695,0.0,0.14715077793928316,0.0,300,0.03066277503967285,0.0009238380941287039,0.0007283651394192232,1027951,13.186199631338154,0.0
3449,3.0190353393554688,13.060496191875728,0.329556986742754,13.397917027183402,12.517848197748798,0.0,0.1638651821142853,0.1,0.0031507015228271484,0.061887264251708984,0.049572702,0.73688793,13.157815645520497,0.0,0.14531329055652997,0.0,300,0.02874135971069336,0.0008509245427012231,0.000816602011296363,1028251,13.519750984063883,0.0
3450,3.031898260116577,13.337746815400756,0.10305542595406528,13.46018565764515,13.181938062947356,0.0,0.15543326135475602,0.1,0.011736631393432617,0.07036042213439941,0.050015915,0.7288677,13.175808762508524,0.0,0.14885579432387053,0.0,300,0.031737327575683594,0.0005360802952696398,0.00043951326062791567,1028551,13.64540190888133,0.0
3451,3.0270309448242188,12.939359549045777,0.3374553727651065,13.508822159611169,12.683965172437615,0.0,0.15879354964170875,0.1,0.003330230712890625,0.0607454776763916,0.04978717,0.74889356,13.152163841162249,0.0,0.14367159857909295,0.0,300,0.04476666450500488,0.0016562821734422651,0.0014174762302524785,1028851,13.434327056488748,0.0
3452,3.119378089904785,13.36351103998523,0.1423426133782471,13.537241449783178,13.170474812606379,0.0,0.15245136511482696,0.1,0.003216981887817383,0.09589409828186035,0.050526112,2.2429793,13.173298561044547,0.0,0.14917288558068137,0.0,300,0.05109095573425293,0.0015685863581901798,0.0009035931154218598,1029151,13.582615658829669,0.0
3453,3.0731756687164307,13.53661378705565,0.05987973929839337,13.587350547736522,13.434633541916847,0.0,0.1680305201842932,0.1,0.003187894821166992,0.05786252021789551,0.05008525,0.7509843,13.209630083645658,0.0,0.1514885572338094,0.0,300,0.03143739700317383,0.001349895624684989,0.0007342576728251988,1029451,13.29742972371461,0.0
3454,3.1213083267211914,13.431726403371691,0.09949818240238137,13.563614048570946,13.286303790204592,0.0,0.1544840493058139,0.1,0.0030944347381591797,0.061714887619018555,0.04914883,0.48902828,13.231839715618262,0.0,0.15006643243929998,0.0,300,0.02872180938720703,0.0014153059879347199,0.0008075311412592822,1029751,13.493171574513747,0.0
3455,3.1222777366638184,13.253222857082028,0.12617884750065053,13.443570930170173,13.101082341971322,0.0,0.16128219298652752,0.1,0.003180265426635742,0.06432700157165527,0.04938121,0.7456063,13.23397802976464,0.0,0.14795307277197264,0.0,300,0.0421907901763916,0.0016195404658358103,0.0009278871131869484,1030051,13.349888315904868,0.0
3456,3.0700316429138184,12.970475975602653,0.4050713911124915,13.357881794612167,12.345970779575502,0.0,0.1572728018141305,0.1,0.0030264854431152344,0.05940890312194824,0.05030651,1.0124474,13.20762782434844,0.0,0.14414242010934186,0.0,300,0.029102802276611328,0.0014935542883223562,0.0013624178699755388,1030351,13.551226651669031,0.0
3457,3.056810140609741,13.310118869563281,0.19179009980742906,13.600573890941677,13.062879149161262,0.0,0.14247304192522484,0.1,0.003098011016845703,0.08798503875732422,0.05001338,8.9357195,13.217876928869924,0.0,0.14854093906090154,0.0,300,0.05788373947143555,0.0015344789856942909,0.0011715978977250442,1030651,13.527227679750055,0.0
3458,3.063931465148926,13.10883788925598,0.21757143481895244,13.363378362628165,12.852369911572335,0.0,0.15153006534372163,0.1,0.0032913684844970703,0.06271862983703613,0.050404664,0.9107443,13.206973024908528,0.0,0.14587104479354068,0.0,300,0.031525373458862305,0.0018425848320048534,0.0011489128115949828,1030951,13.45149293337366,0.0
3459,3.06142520904541,13.226807105641388,0.2965766803264736,13.588899661087122,12.764347332977193,0.0,0.15766609212054503,0.1,0.003907203674316406,0.06421232223510742,0.049974665,0.57220614,13.208956432981815,0.0,0.14739969679610482,0.0,300,0.0772562026977539,0.0024889550276457743,0.0014584836131295105,1031251,13.470966995492146,0.0
3460,3.0389010906219482,13.312504124933842,0.21909058188534966,13.584520215406853,12.979082419418058,0.0,0.1590321299816028,0.1,0.003253459930419922,0.060021162033081055,0.050125003,1.3026919,13.219311202177018,0.0,0.14866515883495543,0.0,300,0.028911113739013672,0.001145712896093143,0.0007824248360505604,1031551,13.633500987527269,0.0
3461,3.031656265258789,13.297599039095193,0.19707797244434377,13.549184921050843,12.9962412939481,0.0,0.16439017849858767,0.1,0.0033910274505615234,0.059713125228881836,0.050029542,0.7266458,13.227139985868835,0.0,0.1483380285122709,0.0,300,0.03169679641723633,0.0006310115964547406,0.0004553706711029606,1031851,13.663945936205465,0.0
3462,3.05412220954895,13.050932530879358,0.3480734261463395,13.369194185486233,12.462112112819444,0.0,0.15061970454927182,0.1,0.0031175613403320312,0.05906391143798828,0.050278656,0.6893336,13.209519240369888,0.0,0.14502695488561138,0.0,300,0.02973628044128418,0.0014533750111654538,0.0007954237349097641,1032151,13.464424649322128,0.0
3463,3.1064531803131104,12.418807779615145,1.4510462094258023,13.417575173084716,9.911580676938748,0.0,0.15121125405842473,0.1,0.006261348724365234,0.07942056655883789,0.04906474,0.39681715,13.130448094294414,0.0,0.13675802868913628,0.0,300,0.029003620147705078,0.01178254378539412,0.009212164767961122,1032451,13.567556076921965,0.0
3464,3.0315964221954346,13.051152337527844,0.8081822247118015,13.58186476093374,11.653070370832513,0.0,0.1479567657397087,0.1,0.003358125686645508,0.05928325653076172,0.048674896,0.59153664,13.122518518617758,0.0,0.14502076125844535,0.0,300,0.030339717864990234,0.004056258331904244,0.0026173286708467804,1032751,13.517521922897297,0.0
3465,3.06227445602417,13.442177116207922,0.045495591457650475,13.494361608144953,13.369971893221107,0.0,0.15566321095666646,0.1,0.006718873977661133,0.10825324058532715,0.04948178,1.0615926,13.154484378376775,0.0,0.15022017275480964,0.0,300,0.029206514358520508,0.0014253594570204826,0.0008268452747591092,1033051,13.659914066058482,0.0
3466,2.9821298122406006,12.78277055200093,0.5023934594580362,13.288103043461303,11.976475257906074,0.0,0.159623903491028,0.1,0.0036170482635498047,0.059844017028808594,0.050159294,0.48364553,13.11731299573919,0.0,0.1416563025988943,0.0,300,0.02846670150756836,0.003030413298940521,0.001911501257900608,1033351,13.66545443566674,0.0
3467,3.054161548614502,13.194842699066296,0.21225261446672086,13.46121583452428,12.917929605736264,0.0,0.16402240511031696,0.1,0.003122091293334961,0.059514522552490234,0.049994,0.71560705,13.125065966071901,0.0,0.14705299830481272,0.0,300,0.028841018676757812,0.0012679026388265422,0.001154339059708676,1033651,13.56774814264161,0.0
3468,3.0689597129821777,12.416110539951893,1.5523118577699124,13.51435193845651,9.752948901995824,0.0,0.15659006282701052,0.1,0.0031540393829345703,0.06647920608520508,0.05003787,0.4150492,13.054170423459901,0.0,0.13671464715087625,0.0,300,0.07628798484802246,0.005483728893265662,0.0045003376085245225,1033951,13.553255980145108,0.0
3469,3.0564658641815186,13.438872382436882,0.03167631026033943,13.463759725251846,13.386138035351069,0.0,0.15837772555945367,0.1,0.004581451416015625,0.05900716781616211,0.050138928,1.9481926,13.0926406193576,0.0,0.15024194227359078,0.0,300,0.028340816497802734,0.003141764005231155,0.0015352108471267934,1034251,13.505741006577088,0.0
3470,3.0425972938537598,13.052219940140043,0.28511195405539236,13.431419022590092,12.62914261804485,0.0,0.14964618674561822,0.1,0.0031371116638183594,0.05815887451171875,0.049841374,1.7461053,13.088598551435844,0.0,0.14529433623322174,0.0,300,0.028557538986206055,0.004761385016598382,0.00239257029369598,1034551,13.708512341244182,0.0
3471,3.102895498275757,13.131413334035807,0.43329695318835587,13.645499231467143,12.48122166324298,0.0,0.14367486452193154,0.1,0.003103494644165039,0.05762028694152832,0.050004277,0.5158132,13.09288002969584,0.0,0.14620958979822132,0.0,300,0.02867412567138672,0.0041597594010519875,0.002250680714932457,1034851,13.575618586483264,0.0
3472,3.0704009532928467,12.456849633824607,1.658354442927432,13.581292454801137,9.590147878208862,0.0,0.1542078264364806,0.1,0.003270387649536133,0.06439924240112305,0.04985012,0.550841,13.029276990108716,0.0,0.1370920620281813,0.0,300,0.06172943115234375,0.010361946432997145,0.0076228646142433585,1035151,13.625705483812274,0.0
3473,2.9685654640197754,12.814506507059289,1.107764449791649,13.649983894435206,10.922836510585435,0.0,0.14922711385370768,0.1,0.004791259765625,0.07741165161132812,0.049918316,0.81911033,13.007799941803775,0.0,0.14213504228032475,0.0,300,0.02956676483154297,0.006073399641334987,0.004973825570659692,1035451,13.64906713264405,0.0
3474,3.113759994506836,13.121582335312699,0.23933794157567786,13.435244498009299,12.86172443933412,0.0,0.15734541751109044,0.1,0.0034029483795166016,0.06148934364318848,0.04990894,0.9252269,13.019178181154668,0.0,0.14602713118561583,0.0,300,0.02912759780883789,0.0022316456206438948,0.001553750273879055,1035751,13.648215363154653,0.0
3475,3.018986940383911,13.307560738147286,0.08138916345911328,13.406925143443694,13.184509511421417,0.0,0.14793734807169284,0.1,0.0037755966186523438,0.06128096580505371,0.05016883,1.5540106,13.048016436853931,0.0,0.14846310335759275,0.0,300,0.031391143798828125,0.0017304571906054896,0.0010783833795806072,1036051,13.439170073981302,0.0
3476,2.966163158416748,12.806827167004998,0.509721298139225,13.350761483388567,11.99875254175896,0.0,0.14422983701219225,0.1,0.0034151077270507812,0.06061100959777832,0.0499282,1.4164269,13.02389750986904,0.0,0.14187973610643848,0.0,300,0.031043529510498047,0.002879953564089287,0.0019888298599388507,1036351,13.575899165415725,0.0
3477,2.9934775829315186,13.437547198412753,0.1020866865190318,13.59393023085024,13.311598097935374,0.0,0.16116813796872823,0.1,0.003480195999145508,0.05920696258544922,0.049804907,1.551965,13.06526247872341,0.0,0.15017891410107062,0.0,300,0.028607845306396484,0.00093258268428833,0.0007579189947514371,1036651,13.645156600156682,0.0
3478,3.0449368953704834,13.418504729401937,0.21602160633979905,13.750092872936841,13.219762453873562,0.0,0.15313168429318977,0.1,0.00617527961730957,0.08271646499633789,0.05017903,1.005924,13.100586703791262,0.0,0.14987292909340694,0.0,300,0.028777122497558594,0.0006782133709844632,0.000529290694944179,1036951,13.514807656899768,0.0
3479,3.025437831878662,13.391054892856388,0.07495046595491053,13.468821135856754,13.272278006923477,0.0,0.1524730801208619,0.1,0.0032176971435546875,0.06388521194458008,0.050094362,0.92180645,13.129633522697775,0.0,0.14954784913434138,0.0,300,0.028481483459472656,0.0008559901469408344,0.0006874997302804295,1037251,13.66654208331312,0.0
3480,2.9721109867095947,13.277538401590919,0.33820182327167697,13.56357159144738,12.700380404742258,0.0,0.14962849243048812,0.1,0.005724906921386719,0.058977603912353516,0.050068952,0.94056517,13.14442401058709,0.0,0.14810985035342444,0.0,300,0.0295717716217041,0.001019204880596904,0.0007729965079029203,1037551,13.560179153795389,0.0
3481,2.9978926181793213,12.976051958853802,0.689820767043179,13.48586939318203,11.806288828664604,0.0,0.15382663436815958,0.1,0.003343820571899414,0.05865192413330078,0.049866296,0.8233253,13.12758680541376,0.0,0.14418215038323906,0.0,300,0.02934432029724121,0.0017544494271612833,0.001546402356219766,1037851,13.678501949100957,0.0
3482,2.982724666595459,13.272496348688303,0.3457669612039959,13.5867559782584,12.68905988339934,0.0,0.15364461815368036,0.1,0.003200054168701172,0.07450675964355469,0.04978092,1.1706703,13.142077759741216,0.0,0.14811023106931884,0.0,300,0.028712749481201172,0.001593015555411434,0.0011665848007812423,1038151,13.666893380427275,0.0
3483,3.07627534866333,13.001290206355966,0.40159957381455186,13.368771129510002,12.362480190075466,0.0,0.15714360661667476,0.1,0.0032029151916503906,0.13022518157958984,0.04982909,0.5704087,13.12799900440269,0.0,0.14448037523340101,0.0,300,0.029267311096191406,0.002031006200061892,0.0014075910054879232,1038451,13.609993891251834,0.0
3484,3.104639768600464,13.356312187999121,0.09050406705218542,13.481034158002034,13.227273959240096,0.0,0.14661920340391515,0.1,0.0031332969665527344,0.06272554397583008,0.05134666,1.5293734,13.150830322762335,0.0,0.14915547181624467,0.0,300,0.029146909713745117,0.0012260978080696526,0.000640218881866014,1038751,13.609975164393271,0.0
3485,3.068305015563965,13.401996244894734,0.053595645045336586,13.454019832403446,13.312404827670031,0.0,0.16616971699333855,0.1,0.003033876419067383,0.05907869338989258,0.049963698,0.6827024,13.175946914975576,0.0,0.14967803757057688,0.0,300,0.028573036193847656,0.0005953873801650358,0.0004989098952545462,1039051,13.53467674571604,0.0
3486,3.0141823291778564,13.555188212661367,0.07198561407972828,13.675991248253244,13.499526747189789,0.0,0.16042710941713362,0.1,0.0032415390014648438,0.05937838554382324,0.050067876,0.923791,13.213871044744156,0.0,0.1517419271840047,0.0,300,0.02924036979675293,0.00041014014515305356,0.0003467112819276408,1039351,13.381409200213119,0.0
3487,3.401078462600708,13.407323414675174,0.11177769858531979,13.505976771327983,13.217612865166865,0.0,0.15414901985594817,0.1,0.002915620803833008,0.05971837043762207,0.049583416,0.8966597,13.23321628173726,0.0,0.14982550497557176,0.0,300,0.06405878067016602,0.0006403059610017105,0.0005556868240676573,1039651,13.596991014075101,0.0
3488,2.942415475845337,13.41229167088824,0.07407914884426679,13.501021155849276,13.295355986869952,0.0,0.14927528453590772,0.1,0.017733097076416016,0.07792043685913086,0.0490301,2.1669958,13.251123820652358,0.0,0.14987780472227064,0.0,300,0.0320897102355957,0.000630022675415113,0.00038859453933163727,1039951,13.68556527161851,0.0
3489,3.0167460441589355,13.207638730015628,0.21240384914280686,13.39429967395799,12.853540755749057,0.0,0.15763828097237256,0.1,0.0034084320068359375,0.06403636932373047,0.049882438,0.53201354,13.246775311588685,0.0,0.14710162088177342,0.0,300,0.03182339668273926,0.0007491528097824559,0.000513717206607925,1040251,13.686730225122552,0.0
3490,2.9315898418426514,13.388693285430648,0.1978162675188936,13.544898116799311,13.049142198234648,0.0,0.1604704900026972,0.1,0.003293752670288086,0.07410979270935059,0.04979389,0.9192503,13.260967108972883,0.0,0.14955245194926056,0.0,300,0.0652308464050293,0.0009182957817328894,0.000884533672426211,1040551,13.559953159672524,0.0
3491,2.9843592643737793,13.313362963227778,0.12223363767286523,13.433713366066835,13.136232129745283,0.0,0.17481044728510178,0.1,0.0032515525817871094,0.059197187423706055,0.050124377,0.7760202,13.266206694398374,0.0,0.1485498720287194,0.0,300,0.02873539924621582,0.000829874621739926,0.0007497767872591998,1040851,13.345659228073501,0.0
3492,2.9743688106536865,13.027016009354735,0.9414178682827371,13.650193629267958,11.398855681740734,0.0,0.14244812970613496,0.1,0.003256082534790039,0.05948233604431152,0.050924487,0.6756815,13.242287625894011,0.0,0.14486124294788036,0.0,300,0.02872633934020996,0.0022478134464173406,0.0019183725514317896,1041151,13.499553577801484,0.0
3493,2.9898855686187744,13.453912050895292,0.10429373282293676,13.549194950835824,13.278222292903306,0.0,0.16257380142724592,0.1,0.003256082534790039,0.05892610549926758,0.05033835,0.9187669,13.263450068394139,0.0,0.15040563505977256,0.0,300,0.029474973678588867,0.0010615211734863173,0.0006987019982939533,1041451,13.487554702275842,0.0
3494,3.0408051013946533,13.33588218819465,0.12591578007680448,13.534466148430257,13.19319233901168,0.0,0.16985131447856788,0.1,0.0031731128692626953,0.07029366493225098,0.05009821,0.59889245,13.27069328037419,0.0,0.14884298585046896,0.0,300,0.028578519821166992,0.0007621465435505046,0.0006557560583862764,1041751,13.448047901860287,0.0
3495,2.9563162326812744,13.307589505777162,0.30658242446954087,13.504038080694919,12.777644251084011,0.0,0.15915607001472978,0.1,0.003220796585083008,0.06205296516418457,0.050933156,0.5315101,13.274382902914486,0.0,0.14842490511339318,0.0,300,0.02866840362548828,0.0008784127622374004,0.0005534209693681445,1042051,13.476101961169972,0.0
3496,2.999375343322754,13.508458329657696,0.1351768811752585,13.65216432486549,13.286336542857468,0.0,0.16741188290411324,0.1,0.003237009048461914,0.058066606521606445,0.050666183,1.0098374,13.297790445588806,0.0,0.15109509656193112,0.0,300,0.0314030647277832,0.0004926410285965871,0.0004748893271260476,1042351,13.508572426732433,0.0
3497,2.9933204650878906,13.253738369848715,0.07590752448991021,13.350060257981273,13.148361605359678,0.0,0.15704239633416103,0.1,0.008819103240966797,0.08164191246032715,0.05015971,0.9832037,13.293385238014798,0.0,0.14790526582327307,0.0,300,0.02942824363708496,0.0013598703779993193,0.0009271032616287386,1042651,13.572430648587106,0.0
3498,3.0187623500823975,13.567724164482016,0.05506643048187188,13.661294318591054,13.52199757015119,0.0,0.16388436753737287,0.1,0.0031042098999023438,0.05918550491333008,0.050630666,0.809841,13.32081913066152,0.0,0.15185884220603074,0.0,300,0.029432296752929688,0.0009502822774356039,0.0006880437959496204,1042951,13.486534436628453,0.0
3499,3.1035304069519043,13.270264073419977,0.2641831595247739,13.529398322982452,12.88304032581684,0.0,0.15931506306186002,0.1,0.003166675567626953,0.05920743942260742,0.05004663,0.5670192,13.315763624937366,0.0,0.14800125064062153,0.0,300,0.02895641326904297,0.0009997363621131626,0.0006056577691049141,1043251,13.39064439342905,0.0
3500,3.048368453979492,13.472923751515745,0.14121456730287477,13.570485649651538,13.23085978580571,0.0,0.1571817104834183,0.1,0.003141164779663086,0.05844616889953613,0.050249808,0.8722762,13.331479637595205,0.0,0.1506897066127941,0.0,300,0.060185909271240234,0.000700644458219905,0.0006898508485557276,1043551,13.602590186997814,0.0
3501,2.961787223815918,13.051553262496979,0.7244983693891648,13.5111905162391,11.799498444204735,0.0,0.1493108499397276,0.1,0.004722118377685547,0.06115150451660156,0.04907624,0.45481864,13.303487000085383,0.0,0.14505013090826405,0.0,300,0.031139850616455078,0.001943661983995654,0.0017808186333471904,1043851,13.523902520338199,0.0
3502,2.9683170318603516,13.30854417767295,0.2856396638435814,13.57734402376774,12.844120535631665,0.0,0.15442151976053356,0.1,0.0034608840942382812,0.06247353553771973,0.05019216,1.0149012,13.30399271784414,0.0,0.14845729192370327,0.0,300,0.02875828742980957,0.000819315388091631,0.0006819343362291794,1044151,13.511221685455299,0.0
3503,2.9895057678222656,12.886567984306694,0.7070384505994398,13.361809375013294,11.666578252830579,0.0,0.15107625587936066,0.1,0.0031452178955078125,0.0592806339263916,0.049196754,1.8592082,13.262250244490396,0.0,0.1431632790343172,0.0,300,0.0288393497467041,0.0033663769849716055,0.00229892240840172,1044451,13.657399183412906,0.0
3504,2.965751886367798,13.253875068083957,0.6132070944607471,13.656578832769098,12.193806997921799,0.0,0.15737577809539288,0.1,0.0033483505249023438,0.06010890007019043,0.049786903,0.8792556,13.261412726849752,0.0,0.14779123792270882,0.0,300,0.031351566314697266,0.003186441806149763,0.0017228133187837298,1044751,13.47651088932807,0.0
3505,2.9929890632629395,13.47747603890681,0.16983751854046059,13.659449199838399,13.2256199310093,0.0,0.16425198234392852,0.1,0.0032494068145751953,0.05880570411682129,0.05011648,1.09659,13.283019058055459,0.0,0.15069257205054817,0.0,300,0.028913021087646484,0.0013988711092352446,0.0008071797503505557,1045051,13.578885970616561,0.0
3506,2.9745872020721436,13.427796007406178,0.1009311499243905,13.51245934358674,13.26215876166959,0.0,0.16279818993628495,0.1,0.0032715797424316406,0.06066727638244629,0.05026706,0.768933,13.297496752990531,0.0,0.15009195451964863,0.0,300,0.0299379825592041,0.0005700449448552052,0.0005191034373145331,1045351,13.62104212792642,0.0
3507,3.020740509033203,12.89118937573843,0.5380368275623756,13.421300013938657,12.08181364971717,0.0,0.14642208479831828,0.1,0.0034379959106445312,0.06022763252258301,0.048954204,0.4532991,13.25686601526532,0.0,0.1430028828710414,0.0,300,0.053056955337524414,0.002387636214880237,0.0018424258056151303,1045651,13.428283142997552,0.0
3508,2.982194423675537,13.52878733637052,0.06515597529134864,13.61743923339685,13.434783964173603,0.0,0.15683416851790175,0.1,0.003316640853881836,0.05994272232055664,0.049508713,1.4507351,13.284058147375841,0.0,0.15139137503338396,0.0,300,0.031169652938842773,0.001579360386205232,0.0010558519898510661,1045951,13.36691795430348,0.0
3509,3.066039800643921,12.915457983020367,0.6192763834981599,13.547233834461014,11.888826131502135,0.0,0.155089399261605,0.1,0.0033397674560546875,0.06614208221435547,0.04931717,0.5740636,13.247198130940294,0.0,0.14327827110505076,0.0,300,0.07175445556640625,0.0020374227193503927,0.0019792147410930216,1046251,13.629180697245282,0.0
3510,3.10359263420105,13.36182255022021,0.23210543009369972,13.594012292138574,12.984844571539956,0.0,0.15825576371798925,0.1,0.003200531005859375,0.06037545204162598,0.049815837,0.5801447,13.258660572868287,0.0,0.1492039702087506,0.0,300,0.08467912673950195,0.0007698583716825324,0.0006694626580026037,1046551,13.499671954594866,0.0
3511,3.0764763355255127,13.215642245001057,0.18463392856414745,13.375057379287956,12.912480622648372,0.0,0.1556178887353142,0.1,0.0032188892364501953,0.06127500534057617,0.049823966,1.0997244,13.254358740081564,0.0,0.14731028319965359,0.0,300,0.027759075164794922,0.0010619579236682566,0.0009948694312600114,1046851,13.491224163070129,0.0
3512,3.0115513801574707,13.452001157962767,0.17186119920156473,13.666307998653815,13.185812628960598,0.0,0.1621463856574518,0.1,0.004981040954589844,0.05911588668823242,0.049897637,1.0450106,13.274122981869684,0.0,0.1503486036588526,0.0,300,0.08003473281860352,0.0006574972224223541,0.0004959120315007685,1047151,13.41388298047796,0.0
3513,3.0697500705718994,13.262440426542486,0.15047062892991978,13.437124872729768,13.096387023491998,0.0,0.16289688051643178,0.1,0.003124237060546875,0.05792093276977539,0.05001126,0.7840943,13.272954726336966,0.0,0.1479528718223711,0.0,300,0.029010772705078125,0.0010324435131767288,0.000739373261699455,1047451,13.413260905967215,0.0
3514,3.07804799079895,13.378943135238636,0.2399422410951495,13.712627389792926,13.055929570990214,0.0,0.14318555733974173,0.1,0.003293275833129883,0.10084033012390137,0.050828997,1.160935,13.283553567227132,0.0,0.14942480467297065,0.0,300,0.028856277465820312,0.0005521882107531701,0.0005178108091139639,1047751,13.501886047847288,0.0
3515,3.081071615219116,13.303849817459184,0.12917410745170632,13.524538220536996,13.209225014632622,0.0,0.1517519805862422,0.1,0.0058650970458984375,0.08724284172058105,0.050232682,1.0793996,13.285583192250337,0.0,0.1484410820385771,0.0,300,0.03191995620727539,0.0004009125535301135,0.000277342044348141,1048051,13.603140527384875,0.0
3516,3.0417542457580566,13.49578593856203,0.06914212212567336,13.581267834761093,13.420103449886764,0.0,0.15842630869218283,0.1,0.003719806671142578,0.06529593467712402,0.05012785,0.81237334,13.306603466881507,0.0,0.15090581042238324,0.0,300,0.029265880584716797,0.0007348831187057397,0.0005190461726778344,1048351,13.500670653349351,0.0
3517,3.0291993618011475,13.459311622146194,0.08461601978400995,13.554557375805182,13.32329709612541,0.0,0.1552614061192816,0.1,0.003514528274536133,0.06202435493469238,0.049913377,0.9593808,13.321874282407975,0.0,0.15050982802334506,0.0,300,0.029894113540649414,0.0006390314495398673,0.0005069686926155923,1048651,13.483832988235454,0.0
3518,2.987316608428955,13.250987744825949,0.21563326631285368,13.49261456448268,13.026169974974199,0.0,0.16170482472606382,0.1,0.0032968521118164062,0.061483144760131836,0.04984257,0.67381215,13.314785628649773,0.0,0.14772166394321568,0.0,300,0.029378175735473633,0.0018764501851572099,0.001382945309757076,1048951,13.563987435431125,0.0
3519,2.986807346343994,13.330316111856149,0.2514561861034221,13.62767957247268,12.945552235949853,0.0,0.15320124013897254,0.1,0.0033118724822998047,0.06089973449707031,0.05000136,0.8892634,13.31633867697041,0.0,0.14879953287271672,0.0,300,0.0373234748840332,0.001048287131485246,0.0005867111630955895,1049251,13.436929697555202,0.0
3520,3.116669178009033,13.371036905778826,0.28499585385048226,13.609030545991946,12.884061744817403,0.0,0.1567193831139756,0.1,0.003262042999267578,0.058919668197631836,0.049743734,2.2973497,13.321808499851251,0.0,0.14927090672491664,0.0,300,0.029201269149780273,0.0010009103410336421,0.0005906797372232335,1049551,13.689134208259226,0.0
3521,3.050075054168701,12.907243682770547,0.5042377870572812,13.486437249774214,12.158019755196554,0.0,0.1559358427710087,0.1,0.010859012603759766,0.09218788146972656,0.050039686,0.58875066,13.28035201814318,0.0,0.14314357335132044,0.0,300,0.029825687408447266,0.002799573687081639,0.001745816144371618,1049851,13.637100898794975,0.0
3522,3.066925287246704,13.374294174053464,0.11746820102902036,13.567282711032771,13.249257382186268,0.0,0.16038641487895464,0.1,0.0031914710998535156,0.060575008392333984,0.04938202,0.5764729,13.289746233734208,0.0,0.14932746981064243,0.0,300,0.029572248458862305,0.0026285878466651693,0.0012622055838948166,1050151,13.455357314182573,0.0
3523,3.0611791610717773,13.02531194500802,0.4240357625591518,13.354571568164234,12.303194323496253,0.0,0.13893973051807085,0.1,0.003285646438598633,0.0598146915435791,0.049299505,0.8797124,13.263302804861588,0.0,0.14468597545061546,0.0,300,0.02921915054321289,0.0018898739207831635,0.0012067395357785648,1050451,13.441408820395628,0.0
3524,2.9905238151550293,13.504271710027924,0.09587449013519529,13.574759135771357,13.341871160649601,0.0,0.16469224367429658,0.1,0.003381967544555664,0.060636281967163086,0.049794942,1.2401403,13.287399695378221,0.0,0.15103991503839423,0.0,300,0.0290524959564209,0.0015571278637781126,0.0005837595782141264,1050751,13.506467354889137,0.0
3525,3.0004255771636963,13.193696920750199,0.07438633777292804,13.294045832649745,13.088047819762417,0.0,0.1634733936909934,0.1,0.0033652782440185547,0.05997133255004883,0.04955514,0.81131226,13.27802941791542,0.0,0.14691894935824207,0.0,300,0.029128551483154297,0.0010444275788832535,0.0006625202182242606,1051051,13.520715980382422,0.0
3526,3.1224169731140137,13.464397588458885,0.12060159831318203,13.630650990733136,13.317426648652917,0.0,0.1614262787563376,0.1,0.010606050491333008,0.0816805362701416,0.04954173,0.5344982,13.296666234969766,0.0,0.15053790723440327,0.0,300,0.031801700592041016,0.0011338555339098467,0.0006643154200373089,1051351,13.270665511450453,0.0
3527,3.113281726837158,13.400351193176578,0.14302249768795325,13.614990723732264,13.229753989709947,0.0,0.16269163900005834,0.1,0.0032029151916503906,0.09216070175170898,0.049843922,0.9375963,13.307034730790448,0.0,0.14968388133760072,0.0,300,0.049217939376831055,0.000805946073667311,0.0004868133589794984,1051651,13.61652545187201,0.0
3528,3.1261043548583984,13.259119032192928,0.08780399549498533,13.370983696729317,13.145026516124025,0.0,0.16461553567011203,0.1,0.003017902374267578,0.08196115493774414,0.049548086,0.6511728,13.302243160930697,0.0,0.14783668413314371,0.0,300,0.030815601348876953,0.0008121766710911647,0.0004976431568212318,1051951,13.446000636499795,0.0
3529,3.0109291076660156,13.336002791806461,0.10795879570019976,13.52258679777696,13.263475463183122,0.0,0.1570448526412521,0.1,0.0030679702758789062,0.05914163589477539,0.049849436,1.7853028,13.305619124018275,0.0,0.14892876847550823,0.0,300,0.029195308685302734,0.0006950403017140516,0.0006882838772531092,1052251,13.465137338847851,0.0
3530,3.0921292304992676,13.260353259513984,0.2670807719169368,13.477019648167854,12.80511702795626,0.0,0.15837930733689742,0.1,0.003111124038696289,0.060744285583496094,0.050353393,1.194357,13.301092537567847,0.0,0.14784580859160232,0.0,300,0.03136563301086426,0.0008459286219732479,0.0008206436561715217,1052551,13.536459571435067,0.0
3531,3.133450746536255,13.395998717358575,0.16122010822017055,13.58547040033162,13.218435732432269,0.0,0.1738174999398256,0.1,0.0032715797424316406,0.059908151626586914,0.050045006,0.76740456,13.310583155546919,0.0,0.1495840124536838,0.0,300,0.03606224060058594,0.0007973562059844648,0.0006772655933340875,1052851,13.539248659157742,0.0
3532,3.6796743869781494,13.404631070656476,0.09623588333470158,13.494388728479725,13.244910863239108,0.0,0.17771699149575884,0.1,0.0033745765686035156,0.06301116943359375,0.049880315,0.6253042,13.319987947057875,0.0,0.149784905045399,0.0,300,0.028897523880004883,0.0009456389117713673,0.0008199044083848836,1053151,13.364413657977858,0.0
3533,3.133779764175415,13.450822843181715,0.10579667220430153,13.553015535528374,13.282582490013871,0.0,0.15914974094925136,0.1,0.003621339797973633,0.062143802642822266,0.04991246,0.8984064,13.33307143667026,0.0,0.1503609778160765,0.0,300,0.029264211654663086,0.0011317315471360168,0.0007111479684123697,1053451,13.365227742117847,0.0
3534,2.9985554218292236,13.47043289049203,0.07123307372125125,13.546254298794869,13.35856771519681,0.0,0.17090799535198345,0.1,0.0034008026123046875,0.060018301010131836,0.049478974,1.3870316,13.346807582052437,0.0,0.1506295368100101,0.0,300,0.03150153160095215,0.0009686942931121556,0.0005704316767106211,1053751,13.581185470650176,0.0
3535,3.0401151180267334,13.268834420112752,0.26991859189964984,13.53608945843664,12.846627659499953,0.0,0.15592067553164674,0.1,0.00623774528503418,0.06973052024841309,0.050145637,0.56363595,13.33901026585847,0.0,0.14792492041239313,0.0,300,0.0288236141204834,0.001474751846431037,0.0007803094640193472,1054051,13.505561833767699,0.0
3536,2.989614725112915,13.102213417028796,0.6473917055369043,13.585428123155936,11.99678779868198,0.0,0.15082903145308474,0.1,0.0034193992614746094,0.059007883071899414,0.049796868,0.5552186,13.315330580975502,0.0,0.1458406572906179,0.0,300,0.028324127197265625,0.001253942460768085,0.001168452309362837,1054351,13.55659597615695,0.0
3537,3.052377223968506,13.461345504981535,0.0686751987281556,13.538545055119714,13.350957624443199,0.0,0.17303969072392564,0.1,0.008072376251220703,0.060385704040527344,0.04991818,0.9442543,13.329932073376105,0.0,0.15048296900859318,0.0,300,0.029249191284179688,0.00112927901476306,0.0008780856619380767,1054651,13.323669883325186,0.0
3538,2.9911770820617676,13.225775031389514,0.1817847316445889,13.455774315560415,12.95618409452671,0.0,0.14855179188218232,0.1,0.0032067298889160156,0.05921673774719238,0.049870975,0.7742561,13.319516369177446,0.0,0.1473955088076567,0.0,300,0.02884387969970703,0.000969660962265282,0.000683638133885969,1054951,13.577279293329694,0.0
3539,2.966399669647217,13.15595760142663,0.396854897053386,13.603418965638033,12.751704597819488,0.0,0.16130665914791106,0.1,0.003155946731567383,0.05840778350830078,0.05010111,0.72356486,13.303160492402366,0.0,0.14648181488458675,0.0,300,0.06876373291015625,0.0014098798468827527,0.0012959250755814771,1055251,13.466003473634737,0.0
3540,3.037430763244629,13.242919399202297,0.19155717442911274,13.530018692176313,13.062929327178026,0.0,0.16487497002224197,0.1,0.003223896026611328,0.05986762046813965,0.04984251,0.7669832,13.297136383082359,0.0,0.1476691666151217,0.0,300,0.02881479263305664,0.0006457019799306177,0.0005372748502852895,1055551,13.542775691523815,0.0
3541,3.032113790512085,12.947687017044704,0.6141791689925439,13.463710735620081,11.92932252944041,0.0,0.15473044230746485,0.1,0.003263235092163086,0.06070446968078613,0.050257947,0.59594345,13.262191446478592,0.0,0.1438856307708915,0.0,300,0.05616950988769531,0.0019024499251332862,0.0013780545759285395,1055851,13.499853997867698,0.0
3542,2.9748682975769043,13.473316347974087,0.1289920833389683,13.690820969227284,13.353297817694408,0.0,0.15541524195905723,0.1,0.0032508373260498047,0.06041359901428223,0.049945213,3.0645523,13.283303936628144,0.0,0.1506104561508214,0.0,300,0.028830528259277344,0.0015414390438814667,0.0009979151207236542,1056151,13.549048774651332,0.0
3543,3.0531210899353027,13.463731502295266,0.1284392010327525,13.588402327193341,13.26957153415352,0.0,0.16692763694618273,0.1,0.003179788589477539,0.05837440490722656,0.0499254,0.6853889,13.301346693194857,0.0,0.15052602411947724,0.0,300,0.02878570556640625,0.001270133484636236,0.0008160328071313802,1056451,13.430470217349827,0.0
3544,3.025707244873047,13.549758862593066,0.06256015325368035,13.651382525419566,13.480438109169235,0.0,0.162780108400162,0.1,0.0030565261840820312,0.05781126022338867,0.05016399,0.5392227,13.326187910134678,0.0,0.15162691500849332,0.0,300,0.05712699890136719,0.0009674002085947582,0.0006149164014515326,1056751,13.444469056523355,0.0
3545,3.1079320907592773,13.240701013300804,0.2910095497290098,13.430934643912485,12.737737966618825,0.0,0.1599131371932423,0.1,0.0031762123107910156,0.05761075019836426,0.049961187,0.5268307,13.31763922045129,0.0,0.1475082988694622,0.0,300,0.028428316116333008,0.0016469622297141985,0.0009082255523271734,1057051,13.341004818170722,0.0
3546,3.03056263923645,13.139783252436187,0.40651329513829687,13.458280408265887,12.448471612620018,0.0,0.15288764084336418,0.1,0.0031638145446777344,0.06061959266662598,0.05230832,0.60835594,13.299853623649781,0.0,0.14617045930109973,0.0,300,0.07072162628173828,0.0016060088621089837,0.001290421916933927,1057351,13.382548344134781,0.0
3547,3.009904623031616,12.603879818243218,1.2127839126664017,13.408519460586776,10.51034355127603,0.0,0.14311138332358417,0.1,0.003343343734741211,0.0621485710144043,0.04929223,0.40137264,13.230256243109125,0.0,0.13902057313002786,0.0,300,0.029356718063354492,0.0038683279402670964,0.0033060774489812694,1057651,13.45268745129862,0.0
3548,3.4061968326568604,13.466319255572538,0.07369319844605317,13.535469758577364,13.345446037344256,0.0,0.16457568346675525,0.1,0.003015279769897461,0.06028103828430176,0.05050587,2.0073125,13.253862544355467,0.0,0.15052765052158193,0.0,300,0.02932453155517578,0.0022244024644938794,0.0006504799816596537,1057951,13.489461364480555,0.0
3549,3.0143539905548096,13.479607303704034,0.0318638004148547,13.50982162500198,13.427844727405395,0.0,0.16099934890422607,0.1,0.0034661293029785156,0.0648188591003418,0.049732544,0.7093856,13.276437020290324,0.0,0.15069441111142753,0.0,300,0.02929234504699707,0.0007112621480867725,0.0008969929499896796,1058251,13.642074874060677,0.0
3550,3.0269486904144287,13.488053567359618,0.1228129129165262,13.603209410644784,13.282163876044605,0.0,0.15951544255581115,0.1,0.003491640090942383,0.0642848014831543,0.04987948,0.44912797,13.297598674997253,0.0,0.15084007554190998,0.0,300,0.02990412712097168,0.0012733844124941005,0.0005055864271146849,1058551,13.593246731025884,0.0
3551,3.044118881225586,13.23195811921325,0.36197833749574515,13.496430458293062,12.609816626645308,0.0,0.16142508028991645,0.1,0.003580331802368164,0.1315147876739502,0.049347475,0.62873995,13.291034619418854,0.0,0.14744235294039534,0.0,300,0.03111553192138672,0.0007147643449340848,0.0008314100295469274,1058851,13.51026637830706,0.0
3552,2.992469072341919,13.418060388271254,0.16802156326624645,13.601357337469489,13.15466557643492,0.0,0.15515689373210365,0.1,0.003289461135864258,0.061605215072631836,0.050181363,1.6002959,13.303737196304095,0.0,0.14987173292419387,0.0,300,0.032820940017700195,0.00140281154597525,0.0005772726491713989,1059151,13.467021687586785,0.0
3553,3.0057883262634277,13.424328973466963,0.16343934068231777,13.534143694272316,13.143096214649116,0.0,0.1549395164745645,0.1,0.0032317638397216797,0.05985283851623535,0.049475238,0.7488138,13.315796374020383,0.0,0.14996518727128563,0.0,300,0.0294797420501709,0.0006587483433677499,0.0006737540413891272,1059451,13.491662643055854,0.0
3554,2.959289073944092,13.444746002872275,0.15033116776507663,13.599009452850392,13.217598986353936,0.0,0.1566782305954954,0.1,0.004053592681884766,0.07730746269226074,0.050352823,0.5928114,13.328691336905573,0.0,0.15029808510848214,0.0,300,0.030178546905517578,0.000975163019811065,0.0005331156592367247,1059751,13.530506720807873,0.0
3555,3.047654628753662,13.424495759073029,0.17967369610320824,13.692610143668203,13.25439800708281,0.0,0.15805179446968237,0.1,0.004488706588745117,0.10422968864440918,0.05006726,1.0618026,13.338271779122318,0.0,0.14999455881278842,0.0,300,0.029828548431396484,0.0010681472587556308,0.0008391891419268313,1060051,13.570273701072614,0.0
3556,3.116032838821411,13.338961186152693,0.1477381598907562,13.515299538643953,13.110456924909947,0.0,0.15145218199670962,0.1,0.0033206939697265625,0.11722373962402344,0.050099436,0.95756584,13.338340719825355,0.0,0.14883923243625852,0.0,300,0.030702829360961914,0.0007573665399359304,0.0003633970423197838,1060351,13.462779388188915,0.0
3557,3.1007471084594727,13.473477039334915,0.1634221754439616,13.63754823389635,13.204012570933962,0.0,0.15012691583432142,0.1,0.003344297409057617,0.06341052055358887,0.049610708,0.8297786,13.351854351776312,0.0,0.15065428220656946,0.0,300,0.0718080997467041,0.0003293977111389951,0.00036638907108271996,1060651,13.53583901367602,0.0
3558,3.1320574283599854,13.438688190458063,0.07973960088383648,13.542909473404238,13.319727073163905,0.0,0.15943420676291659,0.1,0.0030584335327148438,0.08998918533325195,0.050357435,0.57376975,13.360537735644487,0.0,0.15020868849162286,0.0,300,0.04853940010070801,0.0009302275095057321,0.0005439551356565804,1060951,13.467333976642777,0.0
3559,3.076683282852173,13.406184184809623,0.09699725250232036,13.547609301138609,13.316076631433877,0.0,0.16071248488166107,0.1,0.0032148361206054688,0.06013131141662598,0.049829174,1.4541737,13.365102380561002,0.0,0.14973103400382068,0.0,300,0.04448509216308594,0.0006043993839838381,0.0005216117809275482,1061251,13.607656339474032,0.0
3560,3.0736653804779053,13.456699663830602,0.06041239262005345,13.535728039184523,13.373263982471979,0.0,0.16436855441376724,0.1,0.0032320022583007812,0.11542034149169922,0.0501241,0.79780185,13.374262108887962,0.0,0.15043564278909127,0.0,300,0.03168606758117676,0.0014162993218199786,0.000978580682493324,1061551,13.462430354447372,0.0
3561,3.080676555633545,13.415731499432967,0.15201770637473977,13.611264690079137,13.192984685211849,0.0,0.1658681351381118,0.1,0.0031156539916992188,0.06013131141662598,0.05013284,0.8635012,13.378409047942464,0.0,0.14986041720628673,0.0,300,0.06296157836914062,0.0012409609564291272,0.0008526237743115027,1061851,13.433116219380759,0.0
3562,3.0445220470428467,13.261104958045198,0.27541659805951835,13.60860893163518,12.865368021256156,0.0,0.15485339118029123,0.1,0.003011465072631836,0.06257438659667969,0.05016626,0.876151,13.366678638952738,0.0,0.14788931070423447,0.0,300,0.028588533401489258,0.0008840887260077349,0.0006594335759376025,1062151,13.462420430032887,0.0
3563,3.0400445461273193,13.412336125506107,0.1259620014243148,13.575440168812928,13.25109135472395,0.0,0.16313093224192274,0.1,0.002938985824584961,0.057160139083862305,0.0502845,0.5552339,13.371244387608074,0.0,0.14988525742975994,0.0,300,0.029073238372802734,0.0004678154037518,0.00046995585282904435,1062451,13.432682897141936,0.0
3564,2.9803783893585205,13.498113489851566,0.025484159456080388,13.526298619787857,13.459653348015127,0.0,0.1484490347753832,0.1,0.003683328628540039,0.06321907043457031,0.05007714,0.9099517,13.383931297832424,0.0,0.15096812964328246,0.0,300,0.02883124351501465,0.0007246652768030876,0.00042190987965292774,1062751,13.504635749013664,0.0
3565,2.9887280464172363,13.506753883072435,0.1283065463595372,13.59124050268965,13.285232804622105,0.0,0.16340005525570547,0.1,0.0035829544067382812,0.060063838958740234,0.049741715,0.72456306,13.396213556356425,0.0,0.15106262073229046,0.0,300,0.029552221298217773,0.0005922095596353267,0.0004791546332552628,1063051,13.418677048293942,0.0
3566,2.945621967315674,13.194539118247528,0.5132641011670118,13.589113996156764,12.312102837207885,0.0,0.1713371452687569,0.1,0.007371425628662109,0.07012009620666504,0.049886584,0.6553045,13.376046112545534,0.0,0.1470924263800146,0.0,300,0.030577421188354492,0.0033448776442694325,0.0024726292825240225,1063351,13.447374324603635,0.0
3567,3.0661497116088867,13.424787651805923,0.25113191200663837,13.631676855680608,13.000562060121931,0.0,0.15922632670757506,0.1,0.003217935562133789,0.09394478797912598,0.050280157,0.76879406,13.380920266471573,0.0,0.1499928157892208,0.0,300,0.05825948715209961,0.0011921521483828606,0.00072728322255542,1063651,13.443463884253148,0.0
3568,3.1078877449035645,13.48337852438622,0.02448525098982984,13.521954739895262,13.459439394151817,0.0,0.1564143097585374,0.1,0.0065457820892333984,0.06811285018920898,0.050136972,0.9528335,13.391166092263038,0.0,0.15093445794085927,0.0,300,0.029441118240356445,0.0005641105194746858,0.0004520557404400755,1063951,13.348549807026734,0.0
3569,2.9954824447631836,13.317257631541215,0.14382883921496425,13.53462635052611,13.144921440115281,0.0,0.14666882571996456,0.1,0.003385782241821289,0.06152057647705078,0.049792387,0.695648,13.383775246190856,0.0,0.14859126221851338,0.0,300,0.029505252838134766,0.0009617886523531705,0.0005663734926313216,1064251,13.452948755516454,0.0
3570,2.9747002124786377,13.476424830707208,0.11323230020404497,13.620533399857415,13.323409149411438,0.0,0.16863616256908903,0.1,0.0036568641662597656,0.08134675025939941,0.04993237,0.81148183,13.393040204642492,0.0,0.15067856712189528,0.0,300,0.06820273399353027,0.0009313054159920483,0.0008656992439187825,1064551,13.336724629368469,0.0
3571,3.035783529281616,13.12095637656004,0.319190371483198,13.525523387856815,12.755036098656781,0.0,0.15312363738783313,0.1,0.0032567977905273438,0.05999398231506348,0.05014395,0.8195641,13.365831821834247,0.0,0.14606559775845412,0.0,300,0.029294490814208984,0.0011342302401557655,0.0009446436575572442,1064851,13.560716832391941,0.0
3572,2.9873201847076416,13.326229320695532,0.25624895967469563,13.589337975589284,12.904587700254512,0.0,0.16945787148333624,0.1,0.0031456947326660156,0.0581514835357666,0.049805887,0.6060471,13.361871571720375,0.0,0.14879811390888048,0.0,300,0.029129981994628906,0.002009311562475572,0.0014982350793934984,1065151,13.384597519961183,0.0
3573,3.0063247680664062,13.466806935751578,0.04554411627138032,13.523374412795258,13.40494661267756,0.0,0.15353014911681648,0.1,0.004204988479614258,0.057769775390625,0.04980484,1.1037239,13.372365108123494,0.0,0.15053272838944148,0.0,300,0.02942490577697754,0.0007864028160195338,0.0005576561922309824,1065451,13.439101518610277,0.0
3574,3.059110641479492,13.509199425878336,0.14295728653717066,13.692177176723307,13.290942601605055,0.0,0.16281334480565657,0.1,0.0031290054321289062,0.05758357048034668,0.050111614,1.0932926,13.38604853989898,0.0,0.15109966369775246,0.0,300,0.028798580169677734,0.0009324975528643689,0.0004931115933208436,1065751,13.459970528731445,0.0
3575,3.035876750946045,13.487096847335733,0.11508878502396583,13.577737166474067,13.290138506624052,0.0,0.16023663722143647,0.1,0.013241291046142578,0.08965826034545898,0.05044777,0.7522824,13.396153370642654,0.0,0.15081160257446458,0.0,300,0.029300451278686523,0.0008263654999833591,0.0006969042323034157,1066051,13.286159143904994,0.0
3576,3.0847036838531494,13.553316773789442,0.055559081419865305,13.620605654887793,13.4770061754599,0.0,0.15781628531803193,0.1,0.0030279159545898438,0.07263755798339844,0.049837098,0.6283643,13.411869710957333,0.0,0.15168274178130728,0.0,300,0.029803991317749023,0.0003388668379795181,0.00029622209328828726,1066351,13.422634148262697,0.0
3577,3.1170971393585205,13.349401816098652,0.24849563670844968,13.707923871565733,13.101310047538176,0.0,0.16287592787519017,0.1,0.010198354721069336,0.07983517646789551,0.049983274,0.5669705,13.405622921471466,0.0,0.1489999502372361,0.0,300,0.02954387664794922,0.0009345331070532988,0.0006085178696127035,1066651,13.484425057542786,0.0
3578,2.9765002727508545,13.523017392861485,0.05635494013032601,13.5899740438074,13.441278371429666,0.0,0.15622194593501448,0.1,0.0036163330078125,0.0620725154876709,0.04999026,1.2019631,13.417362368610469,0.0,0.15126662949160907,0.0,300,0.02988266944885254,0.0006215376325779917,0.00034234983800588917,1066951,13.426631042290076,0.0
3579,3.009474992752075,13.287400883712259,0.1742186721971782,13.482290243052145,13.021045185118641,0.0,0.15612395657826045,0.1,0.003376483917236328,0.07475018501281738,0.050059777,0.6809,13.404366220120648,0.0,0.14819953795402596,0.0,300,0.07066917419433594,0.0006150319586369487,0.0004958990093782126,1067251,13.489533718461274,0.0
3580,3.133371591567993,13.550040527905097,0.126805054759965,13.648455663935561,13.332330177766028,0.0,0.1578787721361468,0.1,0.003492593765258789,0.061032772064208984,0.050295237,2.28789,13.418933650899092,0.0,0.1516355293163457,0.0,300,0.02989649772644043,0.0006359474348698358,0.0005028110903748682,1067551,13.442274722562383,0.0
3581,3.042921543121338,13.387682013725495,0.07785248299825047,13.462765547479604,13.268280763541044,0.0,0.16217702335929246,0.1,0.0033049583435058594,0.06284427642822266,0.04980695,0.955183,13.415808487181732,0.0,0.14950515610580253,0.0,300,0.030873775482177734,0.0007596921716976281,0.0004725683915766244,1067851,13.444435092023832,0.0
3582,3.0043704509735107,13.427037769471376,0.09295441905610967,13.512757833688672,13.288506180011671,0.0,0.16889764978827002,0.1,0.0033037662506103516,0.075408935546875,0.050081484,0.59135973,13.416931415410696,0.0,0.1500545437023359,0.0,300,0.033684492111206055,0.0010288110453257717,0.0005843446478625932,1068151,13.489431343109366,0.0
3583,3.006460189819336,13.014719819943679,0.5877698754493702,13.48822957283627,12.021054762694405,0.0,0.14096733431670308,0.1,0.0033423900604248047,0.06095290184020996,0.049824048,0.87124777,13.376710255863994,0.0,0.14469646231380334,0.0,300,0.06639790534973145,0.0062481285247410106,0.004226671654508198,1068451,13.414425536244943,0.0
3584,3.058157205581665,13.475311636790078,0.021181222261287245,13.507637610761027,13.451198025081434,0.0,0.1607231149562493,0.1,0.003313779830932617,0.06399774551391602,0.049915448,1.0812865,13.386570393956603,0.0,0.1506924533104696,0.0,300,0.03032851219177246,0.00515141830292324,0.00220069194571804,1068751,13.459618965254478,0.0
3585,3.051737070083618,13.417556539288377,0.10553871823601105,13.52784236082117,13.259956953320563,0.0,0.15602304529464311,0.1,0.003440380096435547,0.06093645095825195,0.049181566,0.9866097,13.389669008489781,0.0,0.1499291549770445,0.0,300,0.03504443168640137,0.002073023915510935,0.0011301321287043693,1069051,13.51029691367169,0.0
3586,3.1004326343536377,13.4731374921505,0.135982766472339,13.629873618567515,13.262329189189275,0.0,0.15402827997119747,0.1,0.003244638442993164,0.05891251564025879,0.048925113,0.56692684,13.398015856855853,0.0,0.15059929376999842,0.0,300,0.029855728149414062,0.0015883505980611354,0.000907827085817199,1069351,13.568587399855412,0.0
3587,3.0855751037597656,13.570806526186875,0.06665929979520276,13.649044997440583,13.5003399473851,0.0,0.1565062021602271,0.1,0.0030975341796875,0.05887770652770996,0.050437845,1.7331047,13.415294923788956,0.0,0.15192859405399606,0.0,300,0.0573878288269043,0.0005417201647499349,0.0003273154237538657,1069651,13.434453730745815,0.0
3588,3.0420138835906982,13.411625991430745,0.12365484335155423,13.555461886283325,13.224380065073975,0.0,0.17754455242165712,0.1,0.003120899200439453,0.05842757225036621,0.049904488,0.89975667,13.414928030553135,0.0,0.1498674361410537,0.0,300,0.02911996841430664,0.0006704464310865964,0.0006079804785612479,1069951,13.479202680644141,0.0
3589,3.044391393661499,13.476391138269637,0.1461165697622643,13.609230215084137,13.248911017478006,0.0,0.15841489090724906,0.1,0.0031440258026123047,0.08229565620422363,0.04991666,0.7722656,13.421074341324786,0.0,0.15069345528721592,0.0,300,0.02955937385559082,0.00037356915626140526,0.00034941390468137953,1070251,13.384746285302276,0.0
3590,3.036818027496338,13.097575081012163,0.5639653934961564,13.513348808826436,12.12562374554371,0.0,0.14569243761995002,0.1,0.0031616687774658203,0.07525253295898438,0.05028026,0.52981895,13.388724415293524,0.0,0.14578439642718158,0.0,300,0.07089591026306152,0.0014786678971406562,0.0011623640061058586,1070551,13.464454600324304,0.0
3591,2.9897186756134033,13.372629879992804,0.22660984955994545,13.629921228509827,13.048896702136842,0.0,0.14979689439738264,0.1,0.0037660598754882812,0.06287240982055664,0.04993981,0.89855987,13.387114961763452,0.0,0.14936999977732845,0.0,300,0.030367612838745117,0.0016200476822884214,0.0013160578222017384,1070851,13.530062909838655,0.0
3592,3.0871307849884033,13.4293343981058,0.2081783287976296,13.637316857682666,13.120513747629037,0.0,0.1599999218750572,0.1,0.0035600662231445312,0.0639653205871582,0.04981622,0.8742636,13.391336905397687,0.0,0.15003111097328642,0.0,300,0.02995467185974121,0.0013128579250303628,0.0009081857225242219,1071151,13.488611660128834,0.0
3593,3.161736488342285,13.347716880631147,0.1766883794089221,13.621777876401609,13.141014886406772,0.0,0.16182678288193078,0.1,0.005646705627441406,0.11343693733215332,0.050049204,1.8822732,13.386974902921033,0.0,0.14903720274103424,0.0,300,0.030099153518676758,0.0009848235383611772,0.0007293543485502572,1071451,13.464769600053392,0.0
3594,2.974090099334717,13.427302625480392,0.1489415287009594,13.621910947313124,13.203546329078263,0.0,0.15193359957054944,0.1,0.0032765865325927734,0.06112980842590332,0.04993902,0.83524877,13.391007675176969,0.0,0.15004407265882197,0.0,300,0.03142595291137695,0.001409337904000223,0.000934617500103822,1071751,13.593448159254136,0.0
3595,3.02353572845459,13.376721055239502,0.35171659772519615,13.655997247088202,12.793326260109529,0.0,0.1595437170802771,0.1,0.0031795501708984375,0.1369931697845459,0.04990473,0.80703634,13.389579013183223,0.0,0.14934289045109791,0.0,300,0.02953338623046875,0.001122892454247584,0.0007469429542219959,1072051,13.451983312617955,0.0
3596,3.035687208175659,13.410024198251621,0.13069333882937592,13.541258638184797,13.273224447088543,0.0,0.15870863117057002,0.1,0.0031719207763671875,0.059052228927612305,0.04934868,0.9766546,13.391623531690064,0.0,0.14984913422070373,0.0,300,0.04943656921386719,0.000787901319399377,0.0005512304274147017,1072351,13.452125726416737,0.0
3597,3.045186758041382,13.363808664790136,0.11203372933527889,13.522725673680462,13.231103981111128,0.0,0.16102331326748937,0.1,0.0032744407653808594,0.05862069129943848,0.0501812,0.5268494,13.38884204500007,0.0,0.14913706754101808,0.0,300,0.029582500457763672,0.0010820467243640916,0.0006287200668554422,1072651,13.537521807446238,0.0
3598,3.022641897201538,13.095230528786034,0.45483504295172367,13.604633517833921,12.397338586597057,0.0,0.15693926167121583,0.1,0.0032606124877929688,0.05934596061706543,0.04958879,0.8895494,13.359480893378667,0.0,0.14568960693596614,0.0,300,0.03182363510131836,0.002553006335229337,0.0018272571899418477,1072951,13.483670349515597,0.0
3599,3.0517778396606445,13.471647766623398,0.1296669479099157,13.593158621547387,13.256367616009525,0.0,0.1491335059758444,0.1,0.003342866897583008,0.059236764907836914,0.05005114,1.6288052,13.37069758070314,0.0,0.15057947094379598,0.0,300,0.02985095977783203,0.0018363786088031091,0.0008121654274791029,1073251,13.37530819552675,0.0
3600,3.0714190006256104,13.301931116805807,0.10678362074290958,13.415379577278761,13.141260151850178,0.0,0.15779201948890856,0.1,0.003098726272583008,0.059239864349365234,0.049928557,0.7840596,13.363820934313408,0.0,0.1483489876649357,0.0,300,0.03427696228027344,0.0013743462892027857,0.0009206409937836856,1073551,13.478146860901882,0.0
3601,3.0196993350982666,13.144228607958595,0.48412442468289396,13.565916462260695,12.374644217564091,0.0,0.146793449181858,0.1,0.003094196319580078,0.0872335433959961,0.04897917,0.4916587,13.341861701677926,0.0,0.1464607694983689,0.0,300,0.029586315155029297,0.0013955015157130287,0.001040947975009823,1073851,13.477129980291522,0.0
3602,3.014052391052246,13.539010704215174,0.06865664333393265,13.629060236686032,13.446142115264637,0.0,0.1609647597757242,0.1,0.003057241439819336,0.05980062484741211,0.04989228,0.91200167,13.361576601931652,0.0,0.151507671956491,0.0,300,0.029591798782348633,0.0008209967407645412,0.0004981778077971374,1074151,13.469898038866008,0.0
3603,3.0606279373168945,13.429562909805963,0.1235732082371852,13.548942907925476,13.228899962567052,0.0,0.1611729939849945,0.1,0.0031366348266601562,0.05842757225036621,0.049852625,1.0370288,13.368375232719085,0.0,0.15009873633041682,0.0,300,0.03172183036804199,0.0006783644573322317,0.0006606819172449606,1074451,13.251541842592642,0.0
3604,3.0163521766662598,13.507207949978476,0.05419489548090884,13.591565041586207,13.442270967148191,0.0,0.16823494476752704,0.1,0.003065824508666992,0.05776786804199219,0.050083518,0.49785188,13.382258504445025,0.0,0.1510656148252426,0.0,300,0.030438661575317383,0.0008373447831288903,0.00046414390693495235,1074751,13.252750625725179,0.0
3605,3.402693510055542,13.463507994259352,0.17525366744619655,13.73113828722379,13.286578795869852,0.0,0.165351285686319,0.1,0.0030798912048339844,0.05835080146789551,0.049757972,0.72490937,13.390383453426459,0.0,0.15053464924047835,0.0,300,0.0313258171081543,0.0005908808119174882,0.0005870708860956452,1075051,13.448056323552782,0.0
3606,3.0181357860565186,13.317780417704558,0.44651205572093866,13.67577907724994,12.552822702100217,0.0,0.15632070289313654,0.1,0.003450632095336914,0.06168031692504883,0.049936634,0.5944381,13.383123149854269,0.0,0.14860779318011308,0.0,300,0.030092477798461914,0.0009096332014410971,0.0007780609254179194,1075351,13.249410633972934,0.0
3607,3.0521340370178223,13.491378156183526,0.0875676897037433,13.595569397426335,13.396763876824565,0.0,0.15265386011401688,0.1,0.0033006668090820312,0.06012535095214844,0.049868148,0.8458889,13.393948650487195,0.0,0.15095550744857233,0.0,300,0.03176999092102051,0.00089088910839639,0.0004645636299894963,1075651,13.417873210956605,0.0
3608,3.035076141357422,13.005899665659538,0.5592319732358284,13.442065357872494,12.045336287911153,0.0,0.14626332875456446,0.1,0.0033974647521972656,0.061895132064819336,0.049703483,0.47082534,13.35514375200443,0.0,0.14443878571689162,0.0,300,0.03004288673400879,0.0017472437402071737,0.001102573159364171,1075951,13.196544302756338,0.0
3609,3.015901565551758,13.485453510535908,0.12191110986523186,13.630497715830419,13.292496361665886,0.0,0.15758217101082156,0.1,0.003457784652709961,0.10893392562866211,0.04932136,0.67653215,13.368174727857578,0.0,0.15092905742330523,0.0,300,0.040505170822143555,0.00041802487871749473,0.0005344153153169258,1076251,13.313281314805073,0.0
3610,3.0397844314575195,12.786632745398629,0.9995587391024606,13.498649276145965,11.06210892147663,0.0,0.15233805700562028,0.1,0.012617111206054688,0.12024784088134766,0.0497245,0.65939975,13.310020529611684,0.0,0.141566131381972,0.0,300,0.030430316925048828,0.006366238832931678,0.005455423904569639,1076551,13.598623706962348,0.0
3611,3.116974353790283,13.261464879766436,0.1991456768939765,13.433704221632548,12.922887451482362,0.0,0.16077040177782445,0.1,0.0031554698944091797,0.06941342353820801,0.050143894,1.0027677,13.30516496462716,0.0,0.14789929631779483,0.0,300,0.06655526161193848,0.004604294717790571,0.002284067927222737,1076851,13.290280441032623,0.0
3612,3.0972862243652344,13.29298309574131,0.22886850329267658,13.532376155043448,12.91996769280329,0.0,0.15675549853596432,0.1,0.003283262252807617,0.05902910232543945,0.049844414,0.713367,13.303946777738576,0.0,0.14834439854638093,0.0,300,0.05817246437072754,0.0021213016557995526,0.0012364953763180282,1077151,13.519398180754896,0.0
3613,3.057464838027954,13.121981083018444,0.5608367938083899,13.567723626593867,12.159670262115224,0.0,0.1513958503461145,0.1,0.003018617630004883,0.05832815170288086,0.050053153,0.41717607,13.285750208266563,0.0,0.14598331476213278,0.0,300,0.029613733291625977,0.0019608230220241737,0.0011692074667459089,1077451,13.490796890230726,0.0
3614,3.0750789642333984,13.350409899851188,0.1980598453624149,13.581602890504465,13.116552421718294,0.0,0.15985328310651947,0.1,0.0031490325927734375,0.08366584777832031,0.04958423,1.1183618,13.292216177425026,0.0,0.1490863943914114,0.0,300,0.06632709503173828,0.0007998294388774649,0.0008225419390839506,1077751,13.539737299628,0.0
3615,3.0122106075286865,13.420899804915518,0.030098148219430215,13.465021204299012,13.389728517801744,0.0,0.16689539706723686,0.1,0.0030548572540283203,0.059087514877319336,0.049405396,0.9341042,13.305084540174075,0.0,0.14990883064284705,0.0,300,0.0509030818939209,0.0009605411457658982,0.0005656757563462514,1078051,13.267322527549112,0.0
3616,3.1465532779693604,12.826378749796719,1.0805732583718375,13.555063644403578,10.958343974602386,0.0,0.14784458086955826,0.1,0.0032262802124023438,0.060868024826049805,0.049035948,0.5222581,13.25721396113634,0.0,0.1420739496106033,0.0,300,0.03008294105529785,0.00420005767443521,0.003662916652863595,1078351,13.466202525464434,0.0
3617,3.1443135738372803,13.51096472494609,0.05490283001098751,13.580917947174909,13.429494075386444,0.0,0.15968892226554274,0.1,0.0106201171875,0.06480169296264648,0.049929414,0.96963257,13.282589037517315,0.0,0.1511141489028591,0.0,300,0.029987573623657227,0.001982501262312496,0.00130684647108073,1078651,13.502186546407692,0.0
3618,3.217085838317871,13.228006555716908,0.36028363086968446,13.5130202022115,12.618193785187598,0.0,0.1563072531485912,0.1,0.014962911605834961,0.08792805671691895,0.050050154,0.8850033,13.277130789337274,0.0,0.1474078843884375,0.0,300,0.03042435646057129,0.0012713942746355982,0.0008417970117393716,1078951,13.557791111934785,0.0
3619,3.1013622283935547,13.357578336705739,0.1097102901671702,13.49695786668721,13.22452205312961,0.0,0.15362762857268553,0.1,0.003130674362182617,0.05981111526489258,0.050166965,1.059035,13.285175544074121,0.0,0.14911748403665942,0.0,300,0.030726909637451172,0.0008424176853548958,0.0005653848838814438,1079251,13.43380236013027,0.0
3620,3.090491771697998,12.893314921066082,0.40743816978724906,13.313293885704756,12.21924715526965,0.0,0.1524549977185692,0.1,0.003278970718383789,0.0647432804107666,0.049672004,0.72235614,13.245989481773318,0.0,0.1431351369170961,0.0,300,0.030556678771972656,0.0012433610487624497,0.0010674194589605738,1079551,13.383771632974257,0.0
3621,3.003044366836548,13.328257847569155,0.2093373518821636,13.584260505388226,13.002209652632281,0.0,0.1537425325486418,0.1,0.0034117698669433594,0.05999183654785156,0.050026666,0.85510063,13.254216318352901,0.0,0.1486939741135391,0.0,300,0.02982616424560547,0.0007571527195011805,0.0006171327366641193,1079851,13.212378370055456,0.0
3622,3.1542809009552,13.349014289725355,0.12682754086475925,13.543802731471667,13.207764270965502,0.0,0.16185161400733064,0.1,0.003260374069213867,0.06152009963989258,0.0503234,0.88716877,13.263696115490147,0.0,0.14901142175248364,0.0,300,0.030324220657348633,0.0006574385856484706,0.000499216852260967,1080151,13.445667371040285,0.0
3623,3.0535166263580322,13.272362952510761,0.285253712853112,13.682784175485944,12.885671478691496,0.0,0.14829681826905403,0.1,0.005856752395629883,0.05968976020812988,0.050105345,1.3849887,13.264562799192209,0.0,0.14792584140629333,0.0,300,0.030069828033447266,0.0007904258770816054,0.0006849498468075129,1080451,13.471948024946364,0.0
3624,3.089029550552368,13.238982537714424,0.25921753240243023,13.435433931663527,12.795837682945846,0.0,0.15689213467147275,0.1,0.003139019012451172,0.061514854431152344,0.050150838,0.5453706,13.262004773044431,0.0,0.14756562611524648,0.0,300,0.030097484588623047,0.0013486319818657815,0.0010770991161518377,1080751,13.44985595593611,0.0
3625,3.0819010734558105,13.514424907412259,0.033592312380321794,13.552679266668182,13.460807672381794,0.0,0.1591284285569693,0.1,0.0072214603424072266,0.05942249298095703,0.04975808,1.0177044,13.287246786481214,0.0,0.1512097273074338,0.0,300,0.02985239028930664,0.0005987651561774707,0.0004941590490440349,1081051,13.500273154474664,0.0
3626,2.9808530807495117,13.454523023134552,0.06194362409085183,13.536281254053565,13.365818227357764,0.0,0.14912272856211867,0.1,0.0036230087280273438,0.061902523040771484,0.04976107,1.3707501,13.303974410146548,0.0,0.1504278636840076,0.0,300,0.029920339584350586,0.00044212719300381297,0.0003731204985059254,1081351,13.437052917208488,0.0
3627,3.068150281906128,13.374926045020795,0.1500196230248828,13.522574972107378,13.159601359354832,0.0,0.1515915549606665,0.1,0.0062105655670166016,0.0648493766784668,0.04990025,1.0431383,13.311069573633974,0.0,0.1494122126922836,0.0,300,0.0313873291015625,0.0005338721154480971,0.00042982296863297624,1081651,13.51728767052635,0.0
3628,2.9743106365203857,13.271235079556835,0.296516665647693,13.587226516323364,12.787747852203404,0.0,0.16089839917720447,0.1,0.0032668113708496094,0.06006217002868652,0.04982853,0.6120097,13.30708612422626,0.0,0.14801017415310513,0.0,300,0.029942750930786133,0.0009235804379410253,0.0007769773534032406,1081951,13.351987806338494,0.0
3629,2.9815807342529297,13.438690085929826,0.18859914329275315,13.667502689390089,13.145022179293434,0.0,0.1532329610854145,0.1,0.0033609867095947266,0.059781789779663086,0.049516253,0.9071338,13.320246520396616,0.0,0.15018457660767437,0.0,300,0.05130267143249512,0.0009816362726493986,0.0005421695199284669,1082251,13.407920926455219,0.0
3630,3.0323703289031982,13.552084784790113,0.1161847605937582,13.716082046200578,13.395668586248595,0.0,0.15871215301876043,0.1,0.0033643245697021484,0.059775590896606445,0.050136738,0.72999,13.343430346835966,0.0,0.15167878929820877,0.0,300,0.0304563045501709,0.0007101298066324454,0.0006987837676843081,1082551,13.403946210259447,0.0
3631,3.0041728019714355,13.145736752653557,0.24053860698118948,13.404726852140396,12.768635423819417,0.0,0.1580253969914097,0.1,0.003236055374145508,0.061240196228027344,0.04980576,0.6344953,13.323660987417725,0.0,0.14638252150186584,0.0,300,0.030300617218017578,0.0012374093815941231,0.0009108070241553441,1082851,13.51338622741523,0.0
3632,2.9900007247924805,13.426459634592138,0.11195355151155295,13.562492582033475,13.300334614577626,0.0,0.15193982952054677,0.1,0.004796028137207031,0.07126021385192871,0.050052766,0.6672528,13.333940852135166,0.0,0.15009944720613766,0.0,300,0.032073974609375,0.0008550208854151307,0.0006627480453786693,1083151,13.494904339849235,0.0
3633,3.1047284603118896,13.360168109123238,0.07254918044755361,13.457832268450161,13.279989114982754,0.0,0.1516290099743589,0.1,0.014945507049560547,0.07318234443664551,0.049611796,0.9848208,13.336563577833974,0.0,0.149128258847106,0.0,300,0.029879331588745117,0.0008263823815527316,0.0004557669349928332,1083451,13.013759229857365,0.0
3634,3.074664831161499,13.341271273452637,0.11949236312078587,13.5233179687518,13.219209711707306,0.0,0.14861438913860994,0.1,0.003300189971923828,0.05890083312988281,0.050033223,0.6225748,13.337034347395841,0.0,0.1489009274490275,0.0,300,0.029965639114379883,0.0014184220289191753,0.0010764028428021202,1083751,13.346251676908517,0.0
3635,3.085334539413452,13.147575834456624,0.3159359572083622,13.531608927597945,12.690803722379531,0.0,0.15208317087879306,0.1,0.0033473968505859375,0.05879020690917969,0.049607523,0.7951155,13.318088496101918,0.0,0.14640936332027635,0.0,300,0.029876708984375,0.0019446987640728518,0.0011821165121024164,1084051,13.447738840473763,0.0
3636,3.0806703567504883,13.23225331824263,0.15229241665307552,13.43510306388289,13.012823397702736,0.0,0.16394109232717424,0.1,0.003448963165283203,0.10135650634765625,0.050252788,0.8345629,13.30950497831599,0.0,0.14747874246465917,0.0,300,0.030480384826660156,0.0013425844921449762,0.0007644345446583654,1084351,13.46095884229681,0.0
3637,3.130553722381592,11.585220780223239,3.0665201705945835,13.513462901620223,6.276574612349778,0.0,0.15444772408181845,0.1,0.003223419189453125,0.06236910820007324,0.049743358,0.41904986,13.137076558506715,0.0,0.12584501413116284,0.0,300,0.03051161766052246,0.05432075462276745,0.028018146796468572,1084651,13.507173698817843,0.0
3638,3.017611503601074,13.500280819296755,0.13555701730683745,13.633625514552977,13.291902203844604,0.0,0.16151177466899505,0.1,0.0033271312713623047,0.0645291805267334,0.049327437,1.3035649,13.17339698458572,0.0,0.15102746394542343,0.0,300,0.03489542007446289,0.0180982897545623,0.009090284546093617,1084951,13.545673402702525,0.0
3639,3.0304698944091797,13.414135788497305,0.06166141588895441,13.501841545544844,13.353748161740468,0.0,0.16318525137311773,0.1,0.009134769439697266,0.0718832015991211,0.049936324,0.94197094,13.197470864976879,0.0,0.14989321196496708,0.0,300,0.033274173736572266,0.012190882736881728,0.00633947388303284,1085251,13.39290503656351,0.0
3640,3.0415070056915283,13.271793946665941,0.22680463729287115,13.538169412398306,12.927863784951224,0.0,0.14314546974985962,0.1,0.005937337875366211,0.07106733322143555,0.0501638,0.6109782,13.204903173145786,0.0,0.14803362019602487,0.0,300,0.030300617218017578,0.007864661205590545,0.003646480211659112,1085551,13.431104901917704,0.0
3641,3.2245445251464844,13.435811252367778,0.09532011318589993,13.560310940368307,13.324726343935234,0.0,0.1476056603454525,0.1,0.011353015899658203,0.12049341201782227,0.049998436,0.7282783,13.227993981067986,0.0,0.1501668931925972,0.0,300,0.030541419982910156,0.002738045615522484,0.0013482135316522134,1085851,13.483323920893268,0.0
3642,3.015550374984741,13.357189398648174,0.13338569210113074,13.567289087226474,13.201908992547882,0.0,0.16559604987268398,0.1,0.011351585388183594,0.07027435302734375,0.04983333,0.77523303,13.240913522826004,0.0,0.14913206992546052,0.0,300,0.03206467628479004,0.0027619830777511575,0.002330012450298304,1086151,13.507342240876346,0.0
3643,3.078559637069702,13.077680529537545,0.5277396193736896,13.411880968186486,12.164240286245526,0.0,0.14862371824025505,0.1,0.0032787322998046875,0.06879496574401855,0.04997352,0.6755896,13.224590223497158,0.0,0.14539761958033814,0.0,300,0.030378341674804688,0.003102274011631159,0.002355427474060151,1086451,13.51299111403563,0.0
3644,3.060947895050049,13.229928327784876,0.14668410324979003,13.329493158518703,12.977695214709604,0.0,0.1543723962736944,0.1,0.003395557403564453,0.06101727485656738,0.050111637,0.9413704,13.22512403392593,0.0,0.14749948152778708,0.0,300,0.03038763999938965,0.001415308137627363,0.0007349519163846791,1086751,13.359738158908273,0.0
3645,3.1134705543518066,13.499863384136095,0.14344698625647095,13.721661988208096,13.323667564148911,0.0,0.15941636332251727,0.1,0.0032525062561035156,0.07438302040100098,0.050041903,0.67240804,13.252597968946947,0.0,0.15099283174802386,0.0,300,0.0789031982421875,0.0009264365660066856,0.0007394251251235794,1087051,13.527006560187125,0.0
3646,3.0335633754730225,13.306919475202541,0.35726378881998533,13.67477410775097,12.749676275942347,0.0,0.15176183816507707,0.1,0.0030536651611328125,0.05737900733947754,0.050027955,1.1105382,13.258030119572506,0.0,0.1485032625741679,0.0,300,0.0297853946685791,0.0014830139057083627,0.001260487000180607,1087351,13.442938955636462,0.0
3647,3.0524327754974365,13.455644481732337,0.05830193903234247,13.553539437947723,13.399744216840901,0.0,0.15055264441480506,0.1,0.016008853912353516,0.060788869857788086,0.04957435,0.9004763,13.27779155578849,0.0,0.15041861250319577,0.0,300,0.030421972274780273,0.0008943104864893028,0.000757604749595044,1087651,13.452969519662815,0.0
3648,3.0032317638397217,13.48238811131838,0.08113586098616771,13.581954713759991,13.375194584908945,0.0,0.15534648035492118,0.1,0.0032453536987304688,0.12797784805297852,0.05019406,0.6418627,13.298251211341478,0.0,0.15079213748538378,0.0,300,0.03212714195251465,0.001090938678590448,0.0006901007955254777,1087951,13.445585424275633,0.0
3649,3.0064125061035156,13.231599436424915,0.2152535816692809,13.492632814189893,12.92849063562839,0.0,0.16582455614996527,0.1,0.003498077392578125,0.08877992630004883,0.04992174,0.6337164,13.291586033849821,0.0,0.14748940605150593,0.0,300,0.0328521728515625,0.0020769012366009033,0.0012956674941610646,1088251,13.573820957483528,0.0
3650,3.002122402191162,13.292658019961053,0.1874880915753141,13.531373352101028,13.050485975908725,0.0,0.15546310157452725,0.1,0.0033092498779296875,0.05946540832519531,0.049641956,1.1592244,13.291693232460943,0.0,0.14824473703415925,0.0,300,0.030815839767456055,0.0008954966087221443,0.000549282564291,1088551,13.31719025430524,0.0
3651,3.0679290294647217,13.24816838476885,0.3435432462003651,13.540859924002724,12.69076639019394,0.0,0.16992499906918304,0.1,0.003198862075805664,0.06441926956176758,0.050100338,0.8764637,13.287340747691735,0.0,0.14780445445831003,0.0,300,0.03383493423461914,0.0016023742299337688,0.0012296503241210656,1088851,13.493061225253726,0.0
3652,3.0379903316497803,12.756184870640165,1.284506558713729,13.603434323873588,10.534480148816048,0.0,0.1340432179161496,0.1,0.003357410430908203,0.05981731414794922,0.049304396,0.5778702,13.234225159986579,0.0,0.14108963575434585,0.0,300,0.03270292282104492,0.005166261957539114,0.004628834362726521,1089151,13.56159353077802,0.0
3653,3.123838424682617,13.497839972136704,0.10984223108321213,13.680521779074889,13.386898744560986,0.0,0.15291248370586433,0.1,0.0032012462615966797,0.06612014770507812,0.049829364,1.4300562,13.260586641201591,0.0,0.15102196651419633,0.0,300,0.032410383224487305,0.0026677594326301344,0.0014727725932715458,1089451,13.424184777773334,0.0
3654,3.073925733566284,13.45567507933712,0.14458520632197244,13.57558700771219,13.216024850834753,0.0,0.16040352337768074,0.1,0.003343820571899414,0.05942797660827637,0.04996874,0.95033264,13.280095485015144,0.0,0.15038328901916875,0.0,300,0.030207157135009766,0.0018015644608594102,0.0009840699022825715,1089751,13.609433313967093,0.0
3655,3.123612880706787,13.421890250688312,0.15827092917073568,13.606506395786027,13.16941295528327,0.0,0.15557239062673878,0.1,0.0033578872680664062,0.063629150390625,0.04990528,1.1904496,13.294274961582461,0.0,0.15002286494335101,0.0,300,0.030765295028686523,0.0015055517470516364,0.0009683759946837666,1090051,13.435282441434984,0.0
3656,3.072295665740967,13.314982649144932,0.26048866893185557,13.533260176691313,12.891952361416246,0.0,0.15366512555591372,0.1,0.003245830535888672,0.05923128128051758,0.049944397,0.7847633,13.29634573033871,0.0,0.1486760487099918,0.0,300,0.03025078773498535,0.0011127974366605057,0.0009065317690078483,1090351,13.416327003839656,0.0
3657,3.067957639694214,13.453271537871807,0.10993192681375469,13.545759289975344,13.270836702840647,0.0,0.1558635534046241,0.1,0.0032622814178466797,0.06111884117126465,0.049686074,1.7839919,13.312038311092019,0.0,0.15043971344045715,0.0,300,0.031247615814208984,0.0012001157943926021,0.0007334208060158622,1090651,13.468690640944805,0.0
3658,3.0709755420684814,13.306817334514133,0.3572929179950446,13.61243741937569,12.698508898456215,0.0,0.16023552390941867,0.1,0.003458738327026367,0.06410932540893555,0.0502364,0.55915904,13.311516213434231,0.0,0.1484019695599489,0.0,300,0.030869483947753906,0.001106363638406462,0.0008411747850339175,1090951,13.379101650005024,0.0
3659,3.067949056625366,13.42501369483782,0.058155395875589884,13.513106761253264,13.34962870025634,0.0,0.1649830930114252,0.1,0.0033469200134277344,0.06306767463684082,0.05015733,0.8415881,13.32286596157459,0.0,0.1500010183278131,0.0,300,0.030681133270263672,0.0006851767334115499,0.0006777434773555623,1091251,13.438263345174958,0.0
3660,3.0645833015441895,13.020236982995993,0.7076739394392992,13.47685129566957,11.795790089990275,0.0,0.1448072150109752,0.1,0.0032236576080322266,0.05917024612426758,0.049307857,0.47933248,13.292603063716731,0.0,0.14471883060625113,0.0,300,0.03071904182434082,0.0030529175746035653,0.0026439582694248558,1091551,13.365077818440247,0.0
3661,3.0515220165252686,13.348572220441016,0.15610021470637772,13.529093934166212,13.106196739039925,0.0,0.15722774602726408,0.1,0.007719993591308594,0.060312747955322266,0.050087154,0.69469064,13.29819997938916,0.0,0.14899752121868715,0.0,300,0.030338525772094727,0.0007019596711618758,0.0006257207276639175,1091851,13.224901696402148,0.0
3662,2.9942421913146973,13.099922279769782,0.49787204012295316,13.467806458710152,12.244550750803137,0.0,0.15468969794425572,0.1,0.0036034584045410156,0.061986684799194336,0.05054911,0.6015409,13.278372209427223,0.0,0.14574328689997365,0.0,300,0.032883405685424805,0.0011258618076076406,0.0010735648064525364,1092151,13.435853421465199,0.0
3663,3.054108142852783,13.43521199088648,0.20121058210470807,13.67079409728085,13.121155877865275,0.0,0.1545225992817933,0.1,0.003386974334716797,0.0674591064453125,0.04993623,1.004947,13.29405618757315,0.0,0.1502330478549094,0.0,300,0.03107142448425293,0.0008559932350840421,0.0005384422281891082,1092451,13.363756016837298,0.0
3664,3.045473337173462,13.486608881279107,0.07521149443122438,13.552028198753188,13.36076308150991,0.0,0.16352985947725648,0.1,0.009313821792602539,0.09231281280517578,0.049730405,0.6003752,13.313311456943746,0.0,0.15083247827921464,0.0,300,0.0308535099029541,0.0007984587982895309,0.0007054770207746673,1092751,13.351093432209659,0.0
3665,3.0712153911590576,13.290015636393552,0.18379509693900128,13.534790677383427,13.036651026561477,0.0,0.14992762918937472,0.1,0.0034003257751464844,0.0880584716796875,0.049775243,1.3497535,13.310981874888727,0.0,0.14837321639530066,0.0,300,0.031164169311523438,0.001139697911408652,0.0007950727422281283,1093051,13.477134910295232,0.0
3666,3.087336778640747,13.18063267696257,0.2937852940012198,13.53466094753264,12.816379055518683,0.0,0.16740814110472185,0.1,0.0038535594940185547,0.06292557716369629,0.049676448,0.63117534,13.29794695509611,0.0,0.14678153986451348,0.0,300,0.03220796585083008,0.001451574636442983,0.00129755048121621,1093351,13.212876080168224,0.0
3667,3.0398483276367188,13.416864447248305,0.09763101168876145,13.585004904796254,13.34392457526501,0.0,0.15314594926613184,0.1,0.003309965133666992,0.059284210205078125,0.049271233,1.590359,13.30983870431133,0.0,0.14994393646222873,0.0,300,0.029926538467407227,0.0013706256835096036,0.0007713777033784959,1093651,13.430570065576687,0.0
3668,3.0628254413604736,13.423025317483694,0.06005372100814877,13.514864039935556,13.356469111864893,0.0,0.1517996113853361,0.1,0.003364086151123047,0.06261944770812988,0.049840245,0.8919936,13.321157365628567,0.0,0.1500518313306713,0.0,300,0.0317075252532959,0.0006661329413548518,0.0005804036671035009,1093951,13.46346185351617,0.0
3669,3.010432720184326,13.482014883261817,0.03283419198210365,13.505408425340951,13.425596381616106,0.0,0.1578268383558809,0.1,0.0144805908203125,0.06097102165222168,0.049795914,0.67212284,13.337243117391893,0.0,0.15073581329754407,0.0,300,0.031365156173706055,0.0003931366655808582,0.00036530970010399823,1094251,13.537460554791837,0.0
3670,3.047576665878296,13.049534152912063,0.6689939406835178,13.534833204307295,11.902331485125577,0.0,0.14716379327925974,0.1,0.0033392906188964844,0.06069159507751465,0.0527495,0.44763905,13.30847222094391,0.0,0.14505653263576324,0.0,300,0.031198978424072266,0.0019017742868057581,0.001469343285577542,1094551,13.386735915419544,0.0
3671,3.2192230224609375,13.269388348255326,0.35099310865995115,13.523656898157343,12.664137240796412,0.0,0.15565156650388182,0.1,0.0032656192779541016,0.1103370189666748,0.0497761,0.9729124,13.304563833675052,0.0,0.14791660364855996,0.0,300,0.03069925308227539,0.001550597015767305,0.0013424042475208126,1094851,13.4964495440895,0.0
3672,3.09686017036438,13.34513242834088,0.20546385386902755,13.544449862762706,13.00988153529721,0.0,0.14721196269437384,0.1,0.007898569107055664,0.07557821273803711,0.050012287,2.844084,13.308620693141636,0.0,0.14895959788180643,0.0,300,0.030655622482299805,0.003083556962278416,0.001919046571459355,1095151,13.570883271308903,0.0
3673,3.1483259201049805,13.45475395436161,0.0600299249077477,13.547811903575358,13.386707084349357,0.0,0.15967846694108404,0.1,0.0032830238342285156,0.06517839431762695,0.050022744,0.8071152,13.323234019263634,0.0,0.15043768135024443,0.0,300,0.030367374420166016,0.0017062515474687134,0.0010943851476065498,1095451,13.209928934994986,0.0
3674,3.0952353477478027,13.022966648234547,0.6290434008353373,13.498208967890136,11.952090550963506,0.0,0.1521995671723553,0.1,0.005822420120239258,0.05865740776062012,0.04844,0.46654662,13.293207282160726,0.0,0.1448816456690456,0.0,300,0.030167341232299805,0.0024036427349651366,0.0016972850535417363,1095751,13.49724769829563,0.0
3675,3.461655616760254,13.378172952514145,0.17110218948744446,13.538145962572376,13.1317149626266,0.0,0.16143518535143114,0.1,0.003033161163330078,0.05680584907531738,0.05019146,0.8868528,13.30170384919607,0.0,0.1493562694575815,0.0,300,0.03184223175048828,0.000911988882075659,0.0008753471069033368,1096051,13.526750987197795,0.0
3676,3.0537805557250977,13.438588695299178,0.08176190824420139,13.520491413793684,13.321577166978805,0.0,0.16537994268410652,0.1,0.010575294494628906,0.06183481216430664,0.049893312,0.9033911,13.31539233380638,0.0,0.15018553891538572,0.0,300,0.03032517433166504,0.0006311356798529755,0.0004165355373161879,1096351,13.482780102940323,0.0
3677,3.043724298477173,13.303144987685982,0.24551214698565518,13.548701185838555,12.924969998312676,0.0,0.1467126103511846,0.1,0.011482477188110352,0.060076236724853516,0.049573094,0.5722232,13.314167599194342,0.0,0.1483434772828743,0.0,300,0.03039693832397461,0.0008043905477286512,0.0006178531852226359,1096651,13.420696153859696,0.0
3678,3.032480478286743,13.459944979502897,0.059726227175121924,13.523999817294708,13.380579621926923,0.0,0.15245581720228638,0.1,0.0034372806549072266,0.061870574951171875,0.050270703,1.047095,13.328745337225198,0.0,0.15047739514429959,0.0,300,0.04447054862976074,0.0006637371315131733,0.0006982042522532226,1096951,13.47496458666537,0.0
3679,3.0230674743652344,13.373226558190325,0.0702497590057185,13.444021610978862,13.262980294280698,0.0,0.1596938108585505,0.1,0.0050640106201171875,0.06092667579650879,0.049933445,0.6766802,13.333193459321713,0.0,0.14933707487225092,0.0,300,0.03326725959777832,0.0006567625045122193,0.0005787798490182903,1097251,13.449015403751124,0.0
3680,3.03666615486145,13.21289390328469,0.41239134064722904,13.567800318500929,12.512360274506902,0.0,0.14334731962691097,0.1,0.0033016204833984375,0.06323504447937012,0.050053507,0.573072,13.321163503718012,0.0,0.14724198303682356,0.0,300,0.05016160011291504,0.0006869396651618005,0.0006283172811037379,1097551,13.435937422573621,0.0
3681,3.039806604385376,13.408710983533922,0.24095169086069634,13.567954546837115,12.991957125643673,0.0,0.15410279080537612,0.1,0.0032956600189208984,0.06061506271362305,0.05023555,1.6383784,13.329918251699604,0.0,0.14978973425255523,0.0,300,0.031920671463012695,0.00034469662166378406,0.00034597929226873455,1097851,13.411098828766766,0.0
3682,3.0760316848754883,12.58224336204429,1.538751212304088,13.539341454438707,9.919719445988614,0.0,0.14994626579588005,0.1,0.003306865692138672,0.06255602836608887,0.048689496,0.43798238,13.255150762734072,0.0,0.13888097169455144,0.0,300,0.031601667404174805,0.010957741840001235,0.007894530896133694,1098151,13.55567456286173,0.0
3683,3.0601673126220703,13.348846597981897,0.07662993216319877,13.416932163585132,13.221177017268584,0.0,0.16157879684374485,0.1,0.003485441207885742,0.06326746940612793,0.050084893,0.7770033,13.264520346258855,0.0,0.14909189478532567,0.0,300,0.030518054962158203,0.0034297476538214466,0.002163755431587342,1098451,13.42844098338139,0.0
3684,3.18772029876709,13.365666215097605,0.23224803690705212,13.55352991167754,12.970596446818352,0.0,0.15208195484298034,0.1,0.0033164024353027344,0.12617826461791992,0.050053954,0.94284964,13.27463493314273,0.0,0.149250357830339,0.0,300,0.03537774085998535,0.0028508430065217454,0.001400492095107254,1098751,13.053553116072441,0.0
3685,3.1082282066345215,13.367003104171417,0.1222601683914721,13.54417246577164,13.198599147231109,0.0,0.15700328640392877,0.1,0.003259897232055664,0.1048586368560791,0.050193023,0.5951776,13.283871750245599,0.0,0.14929803800834673,0.0,300,0.0328679084777832,0.001497927381829772,0.0008092987825602621,1099051,13.393976896586592,0.0
3686,3.0562491416931152,13.352994480601696,0.10320642118864269,13.527903961394243,13.272449917680675,0.0,0.15375182127844764,0.1,0.011917829513549805,0.07793092727661133,0.049830947,1.2279626,13.290784023281208,0.0,0.14906826858571853,0.0,300,0.030327558517456055,0.0005591945515190139,0.0005140768869812233,1099351,13.337469750793284,0.0
3687,3.1097917556762695,13.404928993430001,0.16819918801400055,13.58638605527918,13.130945559064093,0.0,0.16389103705998584,0.1,0.003149747848510742,0.06136369705200195,0.04998195,0.75524956,13.302198520296088,0.0,0.14976319505346575,0.0,300,0.08662056922912598,0.0007586795369125218,0.0006960301689110268,1099651,13.462766117691244,0.0
3688,3.051044464111328,13.0761723728429,0.5244877624924966,13.510902881844618,12.182338363565995,0.0,0.14407247946027474,0.1,0.003188610076904297,0.059308767318725586,0.048920795,2.2286758,13.279595905550769,0.0,0.14538993516049464,0.0,300,0.04906344413757324,0.0014376346232585883,0.0011472011798365229,1099951,13.092485370541453,0.0
3689,3.0182712078094482,13.298122215000209,0.19132396119410428,13.481541063733681,12.980326110075165,0.0,0.15017582616539038,0.1,0.0053021907806396484,0.0624547004699707,0.04993728,1.5672128,13.281448536495713,0.0,0.14839911087370866,0.0,300,0.030839204788208008,0.0008036946711759942,0.0006641439184791151,1100251,13.239627793801708,0.0
3690,3.0647523403167725,13.37208324147999,0.2215924514552247,13.552317054457337,13.005091090679834,0.0,0.16153821976824045,0.1,0.0034999847412109375,0.061640262603759766,0.04973341,0.751803,13.290512006994142,0.0,0.14940252157804962,0.0,300,0.03040909767150879,0.0013203194180587952,0.0011160648167432318,1100551,13.201259187302933,0.0
3691,3.066070079803467,13.454938966297654,0.11311808276674643,13.613901665726091,13.29532182328331,0.0,0.15373535919687026,0.1,0.0035352706909179688,0.06576967239379883,0.04965888,1.5259149,13.306954702924493,0.0,0.15045668588942265,0.0,300,0.03223705291748047,0.0007211955994050121,0.00048320623564654077,1100851,13.184735186877104,0.0
3692,3.057088851928711,13.357974810045011,0.10335898182988294,13.432504824982916,13.179669166718199,0.0,0.16668159963688559,0.1,0.0051267147064208984,0.1092522144317627,0.05003964,0.66910005,13.312056713636546,0.0,0.1491202374317503,0.0,300,0.03310871124267578,0.0006779908206063315,0.0005510706197272999,1101151,13.501011580324151,0.0
3693,3.077613115310669,13.376768448994694,0.23806475300826774,13.60123842285455,13.00472805784546,0.0,0.16276444877631413,0.1,0.003523588180541992,0.06082797050476074,0.050168842,0.72895056,13.31852788717236,0.0,0.1494317399090412,0.0,300,0.03061962127685547,0.0009361753893497846,0.0007275080021650455,1101451,13.464872183565191,0.0
3694,3.0430891513824463,13.53951232590989,0.05137415418968771,13.597899585097537,13.460781023247941,0.0,0.16578894738658878,0.1,0.0034449100494384766,0.1163330078125,0.050012093,0.69245476,13.340626331046114,0.0,0.1515256896784602,0.0,300,0.030460357666015625,0.000978255187626324,0.0007378235845195623,1101751,13.654781256866064,0.0
3695,3.0222368240356445,13.240465689463559,0.4082994210110531,13.542836036100645,12.540286569895132,0.0,0.1517347948300124,0.1,0.0056819915771484375,0.13104891777038574,0.049966373,0.80853224,13.330610266887858,0.0,0.14767724549918582,0.0,300,0.030263900756835938,0.0010613377440804865,0.0008615111623483811,1102051,13.298359240482819,0.0
3696,3.025482416152954,13.346002890524563,0.07621708471212892,13.40296691706201,13.215907869294309,0.0,0.15249524406214948,0.1,0.0031785964965820312,0.12128639221191406,0.049699116,1.0801305,13.332149529251529,0.0,0.14904320981575567,0.0,300,0.033565521240234375,0.00041434691088299767,0.00037038440937056037,1102351,13.453277689559096,0.0
3697,3.004694700241089,13.539976457748738,0.044820482273764665,13.613251557499895,13.491667123206716,0.0,0.16858467098237254,0.1,0.003190755844116211,0.058754920959472656,0.04969275,0.9317267,13.35293222210125,0.0,0.15152420686806545,0.0,300,0.029963016510009766,0.0005038795738298548,0.00039617694806466473,1102651,13.676849860833807,0.0
3698,3.1052486896514893,13.409419277489572,0.2544550413934386,13.693407344676746,12.997353276460844,0.0,0.15871357326203903,0.1,0.0032308101654052734,0.058054208755493164,0.049921323,0.8245411,13.358580927640084,0.0,0.1497854632543038,0.0,300,0.029605388641357422,0.0005455811703079691,0.000414019929791104,1102951,13.478602067497723,0.0
3699,3.0643222332000732,13.401963705009944,0.08803278578685532,13.485034530452236,13.269159196687847,0.0,0.16601158344036246,0.1,0.0034949779510498047,0.05860400199890137,0.050173532,0.6911411,13.36291920537707,0.0,0.14972692804810922,0.0,300,0.029941320419311523,0.00043987327133097697,0.00032643814043092673,1103251,13.64049572761587,0.0
3700,3.0299181938171387,12.850064996600784,0.4880092812633776,13.496567523775482,12.16352469616819,0.0,0.1427075068427193,0.1,0.003255605697631836,0.0600435733795166,0.050264284,0.7462845,13.31163378449944,0.0,0.14258823454344566,0.0,300,0.030399084091186523,0.005273024757927361,0.0034831350676191183,1103551,13.554630556089739,0.0
3701,3.1242706775665283,13.559894794277584,0.14766784352124876,13.74849499892511,13.370190086200353,0.0,0.16405487147942047,0.1,0.003378152847290039,0.05909252166748047,0.049826782,0.74427736,13.336459885477256,0.0,0.1517901284342299,0.0,300,0.030278921127319336,0.007058733500821479,0.002823721979401568,1103851,13.430717467237146,0.0
3702,3.034348249435425,13.338281926578443,0.1633696683414446,13.582296063128927,13.15197529266521,0.0,0.1514609043281756,0.1,0.003331899642944336,0.06111478805541992,0.049972687,0.98141897,13.336642089587373,0.0,0.1489675670792624,0.0,300,0.04903411865234375,0.00428905459407746,0.0017736405890749895,1104151,13.459265743984327,0.0
3703,3.137728691101074,13.493002801578736,0.05925366587016397,13.548923876724631,13.40435925815608,0.0,0.16222064862207144,0.1,0.0033986568450927734,0.06126832962036133,0.050080717,0.6103035,13.35227816078651,0.0,0.1509104127594089,0.0,300,0.03148007392883301,0.002847418017777959,0.0008219949856477108,1104451,13.495266803330153,0.0
3704,3.106231689453125,13.33734551687567,0.16623805857253954,13.59425050761584,13.147463847114784,0.0,0.1476201462299356,0.1,0.0031342506408691406,0.06117725372314453,0.049481705,0.88201314,13.350784896395425,0.0,0.14894259589221479,0.0,300,0.030344247817993164,0.0010624387488009962,0.0006693828831584779,1104751,13.216652513468688,0.0
3705,3.0136382579803467,13.34212786509162,0.10157443070326853,13.441702156165436,13.172674534256549,0.0,0.16352743019750834,0.1,0.00380706787109375,0.061112165451049805,0.050054044,0.6769104,13.349919193265045,0.0,0.1489403695031325,0.0,300,0.030447959899902344,0.000666077982140734,0.0007108087135675689,1105051,13.3937375914783,0.0
3706,3.037292718887329,13.45238715275644,0.11214685098577051,13.587963186452988,13.291575227074151,0.0,0.1629746154993149,0.1,0.003408193588256836,0.06099581718444824,0.05015062,0.9757603,13.360165989214185,0.0,0.15039310614236057,0.0,300,0.030245304107666016,0.0005317940457338005,0.0005438434078247812,1105351,13.313995373901898,0.0
3707,3.0677874088287354,13.309599701903535,0.09493197073339571,13.436018113417582,13.168433805886691,0.0,0.13863902093465105,0.1,0.003361225128173828,0.061040639877319336,0.05032577,0.7947247,13.35510936048312,0.0,0.148503094504067,0.0,300,0.029963970184326172,0.0010360554829146116,0.0006194618807369666,1105651,13.547162996341624,0.0
3708,3.02734375,13.395093557675612,0.1091976671581806,13.552875416648801,13.244315402310026,0.0,0.162280023493334,0.1,0.003307342529296875,0.06043863296508789,0.049986597,0.62489927,13.359107780202368,0.0,0.14966341759041757,0.0,300,0.03007030487060547,0.0006508818755641352,0.0006571157759696174,1105951,13.637892845535449,0.0
3709,3.073075532913208,13.022466025113317,0.7020895709061477,13.493309985335841,11.81489641070373,0.0,0.15309914493802526,0.1,0.0033693313598632812,0.060012102127075195,0.049267326,0.51120144,13.325443604693463,0.0,0.14463586954206326,0.0,300,0.03010106086730957,0.0009610345322036233,0.0008909777048685398,1106251,13.421403924455946,0.0
3710,3.101914405822754,12.754525136397033,0.7296695623816943,13.397508153854341,11.539189008568204,0.0,0.13786091095382638,0.1,0.0032601356506347656,0.06064128875732422,0.050175276,4.015337,13.26835175786382,0.0,0.1413129707266182,0.0,300,0.03009176254272461,0.004368827233019802,0.0036762671439304778,1106551,13.47903337898296,0.0
3711,3.175401449203491,13.453103215768593,0.06433214718955303,13.535932253887797,13.36885588223317,0.0,0.15451103301782879,0.1,0.0034415721893310547,0.13163495063781738,0.049793903,1.1220282,13.286826903654298,0.0,0.15036035931530448,0.0,300,0.02998185157775879,0.004794106952060518,0.0018092016193973456,1106851,13.423393394047787,0.0
3712,3.079129934310913,12.726543443643829,1.3185293732870726,13.552275284320276,10.443821075987307,0.0,0.1429215649853077,0.1,0.00324249267578125,0.058568477630615234,0.050138384,0.46812072,13.230798557653252,0.0,0.1409020328679024,0.0,300,0.03286933898925781,0.015272676360234704,0.009901338298741421,1107151,13.439609876789126,0.0
3713,3.1533641815185547,13.537584497422133,0.11574905502069524,13.713371501675207,13.432251135042307,0.0,0.1494933362761813,0.1,0.0033316612243652344,0.06925034523010254,0.04972938,1.1585523,13.261477151630139,0.0,0.15147108872832152,0.0,300,0.05277276039123535,0.0068990757687365485,0.0021761030555635945,1107451,13.394788414335373,0.0
3714,3.023986339569092,13.013270053316855,0.6980173632587388,13.48079365035193,11.810006548990673,0.0,0.15214762056261838,0.1,0.003614187240600586,0.05883359909057617,0.049790327,0.86896056,13.23665644179881,0.0,0.14465891685539442,0.0,300,0.050595760345458984,0.00402835706971485,0.0017801744885785258,1107751,13.397773012425793,0.0
3715,3.1111373901367188,12.974694899293135,0.7582070800268034,13.463989950753154,11.662739392500171,0.0,0.13971509608032037,0.1,0.0031974315643310547,0.060323238372802734,0.04998763,0.48138383,13.210460287548244,0.0,0.14398695188519012,0.0,300,0.06740307807922363,0.002009911013630073,0.0022970153127953546,1108051,13.52028037406213,0.0
3716,3.04630970954895,13.384466557064714,0.14405466817147886,13.528559025707663,13.150885389646886,0.0,0.155710273965676,0.1,0.0032880306243896484,0.0726313591003418,0.050066475,1.0847567,13.227860914499892,0.0,0.1496644531677666,0.0,300,0.06131744384765625,0.0019901115349770645,0.001741389640196478,1108351,13.54316520388324,0.0
3717,3.075801134109497,13.388974099402384,0.12782455281748528,13.599067414475915,13.254904087983164,0.0,0.16243743929250495,0.1,0.007449150085449219,0.07798314094543457,0.049877588,0.6877621,13.243972232990142,0.0,0.1495199888804039,0.0,300,0.030553340911865234,0.0017488542128053027,0.0011553583903820143,1108651,13.556360317405497,0.0
3718,3.8855490684509277,13.565539490778738,0.036466508125287074,13.619535145937075,13.52403580632222,0.0,0.16103844080619198,0.1,0.003162384033203125,0.06021714210510254,0.049141787,1.188503,13.276128958769002,0.0,0.15187172467441645,0.0,300,0.029597043991088867,0.0007464453161529801,0.00046710220315453974,1108951,13.50439351644542,0.0
3719,3.1147165298461914,13.380233066246443,0.09215606211454767,13.443504023353821,13.221719859634224,0.0,0.15154637670323828,0.1,0.0034198760986328125,0.11650896072387695,0.04978061,0.6388102,13.286539369516746,0.0,0.14955122931324236,0.0,300,0.03401684761047363,0.0005722374163850758,0.0005239821679860758,1109251,13.346876771019671,0.0
3720,3.1130948066711426,12.010434134079894,2.5095561908673867,13.528838985624791,7.665946513902857,0.0,0.1547330566959038,0.1,0.003398418426513672,0.06219363212585449,0.04963441,0.38917366,13.15892884597306,0.0,0.13142267239531602,0.0,300,0.05365180969238281,0.03004929968489786,0.0198374856666881,1109551,13.412254483986858,0.0
3721,3.0383927822113037,13.366565822589324,0.2726584814192604,13.683106974379449,12.954493299526774,0.0,0.15134422616602464,0.1,0.0035448074340820312,0.06156516075134277,0.049703807,1.1607277,13.179692543634687,0.0,0.14927301751641792,0.0,300,0.030153274536132812,0.013987813540294193,0.004246005708017066,1109851,13.269883410436597,0.0
3722,2.9827897548675537,13.46825405480368,0.05836499094395576,13.551618728411942,13.38655610931281,0.0,0.1549806183624516,0.1,0.0034215450286865234,0.06093287467956543,0.05000687,1.2716509,13.208548694751586,0.0,0.1505887583710391,0.0,300,0.057527780532836914,0.005350486208668354,0.0008208047532583175,1110151,13.464917830105273,0.0
3723,3.015082597732544,13.249078098443535,0.22498177106969566,13.56176310616942,13.004769784924408,0.0,0.14629712739966633,0.1,0.008433103561401367,0.0726625919342041,0.049697425,0.83446383,13.21260163512078,0.0,0.14774683802802072,0.0,300,0.0300750732421875,0.001330246988555923,0.002867449266814735,1110451,13.56858034075129,0.0
3724,3.032046318054199,13.479906012933863,0.14309616971371572,13.643327630657566,13.24977418327756,0.0,0.1530350683519287,0.1,0.0032799243927001953,0.06626534461975098,0.04982361,0.6102633,13.239332072902089,0.0,0.15074614313874288,0.0,300,0.042101383209228516,0.004200758462045414,0.0026998712121856948,1110751,13.389279878058423,0.0
3725,3.0282604694366455,13.449862347591045,0.05248369509911497,13.53714491467739,13.399260394586415,0.0,0.15234818099382483,0.1,0.003230571746826172,0.062143564224243164,0.049216095,3.366534,13.260385100370986,0.0,0.15038103597556435,0.0,300,0.03014373779296875,0.0023360805744366848,0.0011619336279278553,1111051,13.455682581653226,0.0
3726,3.011699676513672,13.466323070320819,0.14699267380427755,13.712636627894565,13.348991343662323,0.0,0.1493432005843683,0.1,0.0034787654876708984,0.06002187728881836,0.04958218,4.9103045,13.28097889736597,0.0,0.15059806023136135,0.0,300,0.030069828033447266,0.0016015447480739247,0.000742337493030968,1111351,13.551188946398918,0.0
3727,2.9796817302703857,13.299388379831761,0.19091554022774948,13.552160379621364,13.1028176277318,0.0,0.14720147482528956,0.1,0.0031456947326660156,0.06033062934875488,0.049468916,0.6439749,13.282819845612549,0.0,0.14849412460945852,0.0,300,0.02986764907836914,0.0008889428734938855,0.000882723111332037,1111651,13.491493379347512,0.0
3728,3.1186740398406982,13.474514644612437,0.14277378892024353,13.694475005425963,13.347131826191434,0.0,0.1520835734350058,0.1,0.003263235092163086,0.05866265296936035,0.049413502,1.9747921,13.301989325512539,0.0,0.15072383687399782,0.0,300,0.02962636947631836,0.0008579743340539306,0.000705732946939075,1111951,13.007783967360774,0.0
3729,3.1316235065460205,13.454397246928421,0.10339464818375556,13.599712071549204,13.317093525266689,0.0,0.16953392023033204,0.1,0.003261089324951172,0.0722198486328125,0.04947971,0.5808532,13.317230117654127,0.0,0.15036305369748207,0.0,300,0.046375274658203125,0.0008552084198996639,0.0006452116238016629,1112251,13.498640341576888,0.0
3730,3.103269338607788,13.490693126637895,0.0953190513961921,13.570022939337504,13.328305125856163,0.0,0.16111674501299814,0.1,0.0032210350036621094,0.05901312828063965,0.050163068,0.9722168,13.334576418552505,0.0,0.15088777205867876,0.0,300,0.029561281204223633,0.000759782097432649,0.0005120763380148083,1112551,13.506978519306609,0.0
3731,3.054497718811035,13.122549322760854,0.6200663681553717,13.623222450257638,12.05989769799467,0.0,0.1518740899273534,0.1,0.0031821727752685547,0.05858302116394043,0.049747072,0.6396549,13.313373708973339,0.0,0.14609371990220238,0.0,300,0.02948760986328125,0.001955898376547505,0.0018501373339193062,1112851,13.53034544645911,0.0
3732,3.002145767211914,13.053631167774707,0.6001288009545858,13.622734939322877,12.055074836503422,0.0,0.15697787185140033,0.1,0.0034723281860351562,0.1322002410888672,0.05033351,0.47492275,13.287399454853476,0.0,0.14522644733057674,0.0,300,0.030625343322753906,0.0021155675139949855,0.0016192475370912073,1113151,13.533128873590128,0.0
3733,3.0658740997314453,13.35468315308291,0.07575371059241268,13.442146360542832,13.234015474255084,0.0,0.1614027355354895,0.1,0.003331899642944336,0.060988426208496094,0.049895514,0.84819883,13.29412782467642,0.0,0.1490866527550121,0.0,300,0.029951095581054688,0.000710196846375412,0.0007604495829267831,1113451,13.479428055859975,0.0
3734,2.9697699546813965,13.401731276480854,0.17731068691004218,13.535475975443147,13.097192369272946,0.0,0.15425183118309874,0.1,0.0032989978790283203,0.13202476501464844,0.050460335,1.0089539,13.304888169856863,0.0,0.1497703338766147,0.0,300,0.030436038970947266,0.0008344251595164757,0.0006562075111896474,1113751,13.590436252728667,0.0
3735,3.0056099891662598,13.318925981211546,0.06686800911645197,13.406969298585468,13.2187893544625,0.0,0.15684941992891505,0.1,0.0032536983489990234,0.09485960006713867,0.049952764,0.8640742,13.306291950992332,0.0,0.1486349384490921,0.0,300,0.030707120895385742,0.000550492826473278,0.000536974959044742,1114051,13.409015100805455,0.0
3736,3.0602521896362305,13.39624479976434,0.13998106242642988,13.541998460614282,13.242178245570695,0.0,0.15995359929398442,0.1,0.009075641632080078,0.06015133857727051,0.049803033,0.7236076,13.315287235869533,0.0,0.14974773235487135,0.0,300,0.03647923469543457,0.0006118624859231852,0.0005571773442532957,1114351,13.526666861566158,0.0
3737,3.028762102127075,13.362640021826502,0.03095191912431697,13.412403283054713,13.327666193429216,0.0,0.14718405577091537,0.1,0.0033485889434814453,0.06042313575744629,0.049497783,1.185331,13.320022514465231,0.0,0.14922637918283996,0.0,300,0.029931068420410156,0.0008471192736735229,0.0006424608787169886,1114651,13.431272541167976,0.0
3738,3.0405969619750977,13.035064176174613,0.6029132609793864,13.575876273191929,12.065698895333705,0.0,0.1500187646785339,0.1,0.0032231807708740234,0.12259912490844727,0.050201107,0.7593823,13.291526680636169,0.0,0.14497863254814441,0.0,300,0.033396244049072266,0.0014568770035767783,0.0012336012426601825,1114951,13.523600137980717,0.0
3739,3.1519949436187744,13.389807338518922,0.21068989647250774,13.554876791418849,13.033686519863538,0.0,0.14905246779385664,0.1,0.003393411636352539,0.10267090797424316,0.049880452,0.74484855,13.301354746424444,0.0,0.1496049185413856,0.0,300,0.05012679100036621,0.0012451931825511668,0.0007953702254695989,1115251,13.516585709829428,0.0
3740,3.0843024253845215,13.221803876308133,0.23690821702034057,13.570289776082989,12.914563124848975,0.0,0.14999013223277827,0.1,0.0032958984375,0.05894112586975098,0.04984025,0.9264813,13.293399659412813,0.0,0.14738280423717387,0.0,300,0.029875516891479492,0.0015751698579758357,0.0008281941032184986,1115551,13.636364969378738,0.0
3741,3.1383819580078125,13.571165949722188,0.11748999660688142,13.739684282894729,13.441487406675252,0.0,0.1572951864998322,0.1,0.003244161605834961,0.11441302299499512,0.050047293,0.9095305,13.32117628844375,0.0,0.15196087851769724,0.0,300,0.04381442070007324,0.0014889081066126245,0.0007250740674767757,1115851,13.713920359389816,0.0
3742,3.1031811237335205,13.424953463627885,0.11519734478317574,13.618006216788343,13.31572732224956,0.0,0.1517771241269761,0.1,0.0032050609588623047,0.06215047836303711,0.049794696,1.6095837,13.331554005962165,0.0,0.15002603075935272,0.0,300,0.029883861541748047,0.0011112833722483973,0.00034883938064601345,1116151,13.624182846790058,0.0
3743,3.0748281478881836,13.528896205107957,0.07062393467879044,13.605771366953755,13.41412521518516,0.0,0.16517356385329196,0.1,0.003118753433227539,0.05944347381591797,0.04999162,0.7578207,13.351288225876745,0.0,0.1514158208128564,0.0,300,0.03229641914367676,0.0005076709376570203,0.00036851327792408414,1116451,13.540963689664162,0.0
3744,3.034557342529297,12.60952064156341,0.892147850302885,13.555625747634547,11.598599011359337,0.0,0.14554647048650715,0.1,0.0033829212188720703,0.06044507026672363,0.04918691,3.0035307,13.277111467445412,0.0,0.13942020358703627,0.0,300,0.0319209098815918,0.005536695912088599,0.00402935222737212,1116751,13.578351413359146,0.0
3745,3.1297526359558105,13.427497872708807,0.09344659039607525,13.526403895343552,13.274130548403845,0.0,0.1629007556059527,0.1,0.0032434463500976562,0.05997872352600098,0.04992237,0.6139133,13.292150107971752,0.0,0.1500921411265588,0.0,300,0.03137826919555664,0.002068118186183468,0.0006945701468603126,1117051,13.614411422033017,0.0
3746,3.080981731414795,13.451603177547462,0.13234913964720382,13.537043981336643,13.222643586112037,0.0,0.1530014718628363,0.1,0.0031893253326416016,0.05969357490539551,0.04925734,1.31275,13.308095414929324,0.0,0.15040668058452739,0.0,300,0.02974414825439453,0.0013906843010457494,0.0005836910847512302,1117351,13.50522157633767,0.0
3747,2.9978885650634766,13.531202602957197,0.027860252331251223,13.563104796491682,13.49551588699808,0.0,0.16519501821693014,0.1,0.0036127567291259766,0.0617823600769043,0.04987262,0.73561776,13.330406133732112,0.0,0.1514465902065867,0.0,300,0.06902909278869629,0.0006545352432439874,0.0006840775970342002,1117651,13.712468606877477,0.0
3748,3.0916316509246826,13.419783234568744,0.22577588780172173,13.614615713178804,13.039897980431201,0.0,0.16102697653816847,0.1,0.014325618743896484,0.061158180236816406,0.049979568,0.6644396,13.339343843815776,0.0,0.14994656678125784,0.0,300,0.030142545700073242,0.0013566213302352945,0.0013208279982747425,1117951,13.596760197703881,0.0
3749,3.0412769317626953,12.988859127157843,0.46065470530853214,13.477733655301037,12.314934785292877,0.0,0.14638244080751114,0.1,0.003328561782836914,0.06172299385070801,0.049494907,0.5546113,13.304295372149983,0.0,0.14426259473739222,0.0,300,0.03029346466064453,0.0014757225380339905,0.0010837497626809735,1118251,13.568101763171777,0.0
3750,3.0307750701904297,13.363466677629264,0.3187195495228359,13.599293105385419,12.814360459012194,0.0,0.14614910634634723,0.1,0.006878376007080078,0.06860542297363281,0.050100595,1.2219104,13.310212502697912,0.0,0.14924997477442956,0.0,300,0.030123472213745117,0.002040714271231046,0.0012917626320818189,1118551,13.403144380407918,0.0
3751,3.043891668319702,13.58848360907356,0.05744032293042895,13.653955462811332,13.518431830552675,0.0,0.16058066035775145,0.1,0.003442049026489258,0.06334567070007324,0.04982521,1.0892946,13.338039613335477,0.0,0.15214857465804202,0.0,300,0.056246042251586914,0.0009857956224610831,0.0004023447124155592,1118851,13.482318881517322,0.0
3752,3.0174026489257812,13.203275856003119,0.46153929765685725,13.673936292134545,12.43803230981715,0.0,0.15764112026714705,0.1,0.006223201751708984,0.0612025260925293,0.050291546,0.5742241,13.324563237602241,0.0,0.14714251260193117,0.0,300,0.03011322021484375,0.0021958763926618013,0.0018084775654252836,1119151,13.50249661779875,0.0
3753,2.993529796600342,13.440950729311718,0.057832260269258286,13.539125294958861,13.397661197950836,0.0,0.15361538054986068,0.1,0.0033168792724609375,0.06196165084838867,0.049796995,1.1514641,13.336201986773188,0.0,0.15019454760948875,0.0,300,0.030168533325195312,0.0009455820999622422,0.000597297064012298,1119451,13.513859446914998,0.0
3754,3.0179286003112793,13.401142655649334,0.21609861706539144,13.696412721932285,13.140809028862064,0.0,0.15537011803853945,0.1,0.0032129287719726562,0.1190183162689209,0.050141346,0.94369316,13.342696053660804,0.0,0.1497861429723285,0.0,300,0.03178000450134277,0.0005575654567332359,0.0005421313314869345,1119751,13.428195692604163,0.0
3755,3.01405930519104,13.322625579528156,0.20248392285620523,13.56322022982536,13.098849594635533,0.0,0.16086508588043175,0.1,0.003122568130493164,0.08082747459411621,0.04970373,1.111267,13.34068900624754,0.0,0.14873117044464093,0.0,300,0.06665396690368652,0.0004474856007772443,0.00037142024738555265,1120051,13.606219660771785,0.0
3756,3.0595686435699463,13.540569259408311,0.07788313167883518,13.636021046915703,13.421631702382703,0.0,0.17076633316336196,0.1,0.0033233165740966797,0.07776546478271484,0.049891938,0.76523596,13.360677031563618,0.0,0.15159640351571954,0.0,300,0.06186223030090332,0.0006837670195854518,0.0005109191633257972,1120351,13.575664717208577,0.0
3757,3.0418076515197754,13.373631674162214,0.1251617508435471,13.559258107414617,13.243234085081772,0.0,0.16192140849720799,0.1,0.003222942352294922,0.05951881408691406,0.049804326,0.8323849,13.361972495823478,0.0,0.14927816115282042,0.0,300,0.030002117156982422,0.0009244400605841796,0.000682670582771006,1120651,13.412474906024393,0.0
3758,3.011645555496216,13.213264047864325,0.2938040294986251,13.45239753021936,12.71021949498638,0.0,0.1570328676922688,0.1,0.0031585693359375,0.058751821517944336,0.049590364,0.82970715,13.347101651027563,0.0,0.14743342402932957,0.0,300,0.04695391654968262,0.0013555535922689346,0.0006731209894454384,1120951,13.541755554137863,0.0
3759,3.114009380340576,13.093617895644314,0.4560135274064813,13.520791884320312,12.369931629870148,0.0,0.15646184749194716,0.1,0.003173828125,0.0583951473236084,0.05024716,1.0922009,13.32175327548924,0.0,0.14565424732488574,0.0,300,0.029436349868774414,0.0015879258028629417,0.001315474175004683,1121251,13.491420240725992,0.0
3760,3.06789231300354,13.484757322058304,0.06958512626648775,13.56936159706017,13.385370351615457,0.0,0.164385836053405,0.1,0.0030014514923095703,0.060341835021972656,0.04994055,0.9182198,13.338053680146146,0.0,0.1507751117166427,0.0,300,0.029959678649902344,0.001387063264352511,0.0006413808828504057,1121551,13.500127874563498,0.0
3761,3.027811288833618,13.245731184738677,0.4161090619470857,13.56592361382257,12.54491336802063,0.0,0.15930627624939958,0.1,0.003216981887817383,0.10981059074401855,0.050088104,0.59370595,13.3288214306054,0.0,0.14765805388069678,0.0,300,0.0301058292388916,0.0013811557160883332,0.0012046659971706594,1121851,13.482130801146694,0.0
3762,2.988696575164795,13.360349653742157,0.14975805884885066,13.607995208404143,13.237486502191805,0.0,0.15234184167421805,0.1,0.0031309127807617188,0.0597376823425293,0.04985963,1.1498379,13.331974252919077,0.0,0.14927694600665078,0.0,300,0.02910590171813965,0.0006497412315372572,0.0006810589164753806,1122151,13.6605077356754,0.0
3763,2.967057943344116,13.032235597955575,0.16715052312928197,13.315859614124555,12.886812958287049,0.0,0.15721000319607242,0.1,0.0035562515258789062,0.060365915298461914,0.050030295,0.85080075,13.302000387422726,0.0,0.14506644194526724,0.0,300,0.02929544448852539,0.0008234894421305865,0.0006046523263167696,1122451,13.636897944210803,0.0
3764,3.0001332759857178,13.48261021091092,0.09712875278628076,13.577238772672155,13.332435228735235,0.0,0.14810047766377524,0.1,0.0033130645751953125,0.0616297721862793,0.049877383,1.292014,13.320061369771546,0.0,0.15079435079936615,0.0,300,0.030173778533935547,0.0008058552454221164,0.0004757148428399892,1122751,13.658431530486977,0.0
3765,3.055067539215088,13.384788088943592,0.24507786870825013,13.645458253111155,13.034210683622513,0.0,0.16356517966884657,0.1,0.0034563541412353516,0.06068110466003418,0.05009627,1.0373837,13.32653404168875,0.0,0.14950701067056363,0.0,300,0.029707670211791992,0.0010662484014403028,0.0008632804577058704,1123051,13.51966650448415,0.0
3766,2.956812858581543,12.908013484652168,0.5214431974411291,13.619024261736703,12.327667618285751,0.0,0.14686998777305585,0.1,0.005532979965209961,0.0897359848022461,0.04989977,0.71184784,13.284681985985092,0.0,0.1433452354691257,0.0,300,0.048313140869140625,0.001997771898808658,0.0015875538713709184,1123351,13.440618883628195,0.0
3767,3.0337178707122803,13.54125487185254,0.18762621659435239,13.732158031977828,13.239731174278562,0.0,0.16085976640596894,0.1,0.003210783004760742,0.09309720993041992,0.04983715,0.75062495,13.310339274571836,0.0,0.15158555234041052,0.0,300,0.04678630828857422,0.002642384375366365,0.0010990311527494694,1123651,13.624741945324862,0.0
3768,3.001300573348999,13.41848483925482,0.123019475562012,13.56937116258933,13.22644281247591,0.0,0.16411074611500862,0.1,0.003379344940185547,0.06125140190124512,0.050474383,1.0233678,13.321153831040135,0.0,0.14991551740022183,0.0,300,0.029801607131958008,0.0006992722639811023,0.00043752017527780453,1123951,13.530157037332009,0.0
3769,3.0241587162017822,13.555435010456684,0.06171598810306715,13.61997731381606,13.45367506439929,0.0,0.1617218645214715,0.1,0.005546092987060547,0.10235738754272461,0.049996387,0.71066993,13.34458194898179,0.0,0.15167400216287064,0.0,300,0.02946186065673828,0.000429755779211696,0.0005497757390318303,1124251,13.518608386677855,0.0
3770,3.067714214324951,13.516775785481224,0.0536128746651467,13.602398029050992,13.454423638605489,0.0,0.1583847681483991,0.1,0.0033736228942871094,0.06301259994506836,0.049277216,0.49833298,13.361801332631734,0.0,0.15120617434723305,0.0,300,0.03998279571533203,0.0007793569780365435,0.0005191803472752457,1124551,13.466065801428982,0.0
3771,3.0677926540374756,13.178680076456793,0.47451391633812146,13.520025390584099,12.360665588832516,0.0,0.15499877996752692,0.1,0.0031447410583496094,0.05829143524169922,0.049962144,0.81779414,13.34348920701424,0.0,0.14674980862246698,0.0,300,0.030022382736206055,0.0017760770195936165,0.0009635596838616097,1124851,13.688837752351278,0.0
3772,3.014468193054199,13.32563735179235,0.1483314982231501,13.431036615448237,13.070950205589787,0.0,0.15759582193610858,0.1,0.012406587600708008,0.08819866180419922,0.049742997,1.0796586,13.341704021492053,0.0,0.14882504807445535,0.0,300,0.029777050018310547,0.0006376974172955941,0.0003952019775673278,1125151,13.544209925526838,0.0
3773,3.1073381900787354,13.326890924288712,0.2866554875758814,13.570536846175704,12.84860905885801,0.0,0.15064437903155622,0.1,0.0031867027282714844,0.060028076171875,0.049659286,0.904406,13.34022271177172,0.0,0.14873886641457973,0.0,300,0.03215146064758301,0.001062368916065184,0.00091936356002466,1125451,13.494126400540727,0.0
3774,3.119183301925659,13.356413553354821,0.2231184038539438,13.556891496712277,12.978298475546474,0.0,0.15326727687132832,0.1,0.0031728744506835938,0.06244540214538574,0.049787078,0.7317812,13.34184179593003,0.0,0.14904864454756936,0.0,300,0.03241157531738281,0.0009162986257328447,0.0007228512001160628,1125751,13.575253910653535,0.0
3775,3.128300666809082,13.43176754951932,0.24278766426322818,13.660651916735322,13.05971374814298,0.0,0.15661458422731345,0.1,0.003328561782836914,0.05987691879272461,0.049911596,0.7328359,13.35083437128896,0.0,0.15012916867694842,0.0,300,0.030613422393798828,0.0006183805040766864,0.0004961309355520477,1126051,13.648990843723814,0.0
3776,3.1356844902038574,13.38842399643819,0.21368977436468392,13.638165000848225,13.069688851400695,0.0,0.1575221043230547,0.1,0.0036242008209228516,0.0627596378326416,0.049941655,1.0433469,13.354593333803884,0.0,0.1496021466081034,0.0,300,0.02930140495300293,0.0004969069561514455,0.0004754677434896149,1126351,13.580357750296995,0.0
3777,3.072751522064209,13.087689381012849,0.34840874745256806,13.430136153005499,12.51265248174817,0.0,0.15065006859462451,0.1,0.0032699108123779297,0.05804038047790527,0.047910616,0.5635808,13.32790293852478,0.0,0.145609984757492,0.0,300,0.029172658920288086,0.001260738585526627,0.0009394444816839317,1126651,13.599511673115975,0.0
3778,2.938570976257324,13.492598930185808,0.04815434101987145,13.559780526626032,13.428192630437751,0.0,0.1565779620348426,0.1,0.014692544937133789,0.06489920616149902,0.049950764,1.2483411,13.344372537690884,0.0,0.15089537868015002,0.0,300,0.033428192138671875,0.0013637686620715502,0.0007163854817583468,1126951,13.658144552069041,0.0
3779,2.9806783199310303,13.51161917833246,0.12253837275516666,13.645159548246319,13.324344806867888,0.0,0.1543751504408992,0.1,0.008875846862792969,0.12036299705505371,0.050726067,1.2468467,13.36109720175504,0.0,0.15123699814305636,0.0,300,0.03013324737548828,0.0010100645102110691,0.00044791000194438426,1127251,13.57682673325953,0.0
3780,2.9685795307159424,13.258205212642462,0.3894575466384084,13.522023198495152,12.588267769418609,0.0,0.1578284130581263,0.1,0.003361940383911133,0.12325048446655273,0.050056495,0.681677,13.350808002843783,0.0,0.1479105852714498,0.0,300,0.029709339141845703,0.0006224270617899953,0.0007538928923867282,1127551,13.651957665337706,0.0
3781,3.0219948291778564,13.391101543985355,0.10762179775132621,13.502273711670746,13.243465311701504,0.0,0.15198798067871241,0.1,0.003280162811279297,0.06249594688415527,0.049358666,4.715955,13.35483735695794,0.0,0.14957456089725488,0.0,300,0.06360220909118652,0.0006777508131688564,0.0006183990425397648,1127851,13.587804888010872,0.0
3782,3.0027987957000732,13.531432596028683,0.10166703968368206,13.671639870209198,13.402064904180898,0.0,0.1534045729598073,0.1,0.0032501220703125,0.06135964393615723,0.04995828,0.6643992,13.372496880865015,0.0,0.15140858482330155,0.0,300,0.02921748161315918,0.00039349814753268745,0.00032813862280009454,1128151,13.542269480258712,0.0
3783,2.98852276802063,13.452933904560185,0.08130962819253987,13.583377761436685,13.365923560802527,0.0,0.1592507837521593,0.1,0.0031158924102783203,0.11118006706237793,0.049850386,1.1161271,13.38054058323453,0.0,0.1503956954828539,0.0,300,0.031183242797851562,0.00047596630185886703,0.00047038144971018063,1128451,13.543037758445585,0.0
3784,3.0427775382995605,13.56221997209658,0.023758991961314643,13.592918066231425,13.526915423239217,0.0,0.16134224023234864,0.1,0.0032646656036376953,0.07680749893188477,0.05015041,0.9844827,13.398708522120737,0.0,0.15181397015504863,0.0,300,0.02912735939025879,0.0005415171143412685,0.00038034155341457965,1128751,13.581872076084274,0.0
3785,3.034616708755493,13.343063211638292,0.2880358452254129,13.572596920230431,12.852618703462362,0.0,0.16377367068317544,0.1,0.0070896148681640625,0.05896878242492676,0.04951687,1.14357,13.393143991072494,0.0,0.1490405820613779,0.0,300,0.031333208084106445,0.001008672241803981,0.0006742389762394877,1129051,13.519716824327867,0.0
3786,3.094440460205078,13.366745067125095,0.05804020090095594,13.441182347774296,13.302530089126622,0.0,0.16204967093237108,0.1,0.006621122360229492,0.06023812294006348,0.04985407,0.7536149,13.390504098677756,0.0,0.14932773513360764,0.0,300,0.034706830978393555,0.0012301192586456728,0.0007286169520900729,1129351,13.368938129317394,0.0
3787,2.9826996326446533,13.4163522224916,0.1396309712557858,13.53324216228187,13.18856513963794,0.0,0.1614170076342131,0.1,0.0031511783599853516,0.1277165412902832,0.04978525,0.8796944,13.39308891105914,0.0,0.1498833081992056,0.0,300,0.031714439392089844,0.0006449400995118071,0.0005306686057427356,1129651,13.499067313816559,0.0
3788,3.0968949794769287,13.414228219774236,0.23227102978883962,13.635060039783738,13.023723393817798,0.0,0.16016247370633865,0.1,0.0032396316528320312,0.0594325065612793,0.050028253,0.7798596,13.39520284193065,0.0,0.1498654700544682,0.0,300,0.0290524959564209,0.0005501692162893179,0.000498138919142266,1129951,13.73277534405291,0.0
3789,3.0344274044036865,13.467869689881915,0.0987587545455354,13.597656078750237,13.346283802663585,0.0,0.1579909542983568,0.1,0.003246307373046875,0.1291348934173584,0.050158206,0.9155006,13.402469526725778,0.0,0.1506112409441987,0.0,300,0.02906346321105957,0.0005224466493465041,0.0005046712254873573,1130251,13.580589410756184,0.0
3790,3.0614054203033447,13.438278025910472,0.11759740785996323,13.583408373428572,13.294394378361257,0.0,0.16556159431318976,0.1,0.003263711929321289,0.05995440483093262,0.049987476,0.6882092,13.406050376644247,0.0,0.15024376572648768,0.0,300,0.05190324783325195,0.0005631349998866025,0.0005510883018447603,1130551,13.575715505352884,0.0
3791,3.014434576034546,13.375911084525859,0.25756381517569527,13.62688873507179,12.959386385030811,0.0,0.15520586988351173,0.1,0.003216266632080078,0.05783987045288086,0.049976014,0.6013768,13.403036447432408,0.0,0.14939098065293274,0.0,300,0.02879643440246582,0.0006172416038899093,0.00044871002941152406,1130851,13.482344257255127,0.0
3792,3.0833120346069336,13.486540807488772,0.12522810582468188,13.588641210578487,13.272112066393827,0.0,0.16723681878354177,0.1,0.0032460689544677734,0.06250953674316406,0.049876332,0.76438534,13.411386883438045,0.0,0.1508039569304166,0.0,300,0.02962017059326172,0.0007385250057233118,0.000665278662652162,1131151,13.589483929910225,0.0
3793,3.0765130519866943,13.476726960885145,0.05887883091479331,13.561118083850882,13.395961365327056,0.0,0.16335756083744216,0.1,0.010810136795043945,0.08858370780944824,0.049817156,1.1363795,13.417920891182755,0.0,0.1506800832429778,0.0,300,0.030649662017822266,0.000564083172145882,0.0005187470003111762,1131451,13.498899064027391,0.0
3794,3.0464413166046143,13.475491471118552,0.13475062136291754,13.585994422068856,13.251046369390787,0.0,0.15753566507218608,0.1,0.00341796875,0.12256121635437012,0.04960865,0.78778654,13.423677949176335,0.0,0.15066307227442483,0.0,300,0.029648780822753906,0.00042977812601983304,0.00036384390094779557,1131751,13.61409285400778,0.0
3795,3.0248823165893555,13.418209874974698,0.15440497220865088,13.63700455008926,13.200308458671106,0.0,0.1684944930344895,0.1,0.003282308578491211,0.10801362991333008,0.05010201,0.75883037,13.423131141756173,0.0,0.14994164166602184,0.0,300,0.04239058494567871,0.0007639580553647028,0.0006211635305078655,1132051,13.712387457288296,0.0
3796,2.997584819793701,13.01449107279398,0.5956608462735975,13.492861660815276,12.005380266343918,0.0,0.14530006068807616,0.1,0.0033369064331054688,0.07753729820251465,0.050069388,0.5943858,13.382267134859953,0.0,0.14484445406257224,0.0,300,0.054350852966308594,0.002346240872889209,0.0020015742946656806,1132351,13.623158297982755,0.0
3797,3.030191659927368,13.3614200595677,0.29187157121884244,13.689760554419646,12.964947231068775,0.0,0.15650125778481472,0.1,0.003467559814453125,0.0696253776550293,0.047233135,1.9083545,13.380182427330729,0.0,0.14927416212618247,0.0,300,0.06761002540588379,0.002016629456834819,0.0010710912852052088,1132651,13.590629085033756,0.0
3798,3.015611171722412,13.244535530838787,0.4704137712374404,13.567832626517808,12.432651383964009,0.0,0.15094728453548273,0.1,0.003188610076904297,0.06171393394470215,0.04964691,1.0061353,13.366617737681535,0.0,0.1475983748163886,0.0,300,0.04908609390258789,0.0016994024300608687,0.0011669924958237691,1132951,13.496920590035558,0.0
3799,2.9779558181762695,13.43396248953071,0.1251905075449019,13.615733098294632,13.274776714573363,0.0,0.1611192878152959,0.1,0.005079030990600586,0.05906939506530762,0.04986701,0.8037325,13.373352212866454,0.0,0.15011496955505024,0.0,300,0.02935791015625,0.0008991226524349262,0.0004760609932214175,1133251,13.486015043343146,0.0
3800,2.989821672439575,13.54761773624034,0.06827131986074145,13.627226995016773,13.46136298826675,0.0,0.1662330981590348,0.1,0.0033490657806396484,0.08086299896240234,0.05030423,0.7233175,13.390778765203843,0.0,0.15165418663166697,0.0,300,0.07081770896911621,0.0006455181601714547,0.0005194721649404853,1133551,13.530395736417669,0.0
3801,3.048456907272339,13.395475304586034,0.16101610751166656,13.541855609599294,13.139170584281972,0.0,0.14762463319466304,0.1,0.0033266544342041016,0.1016380786895752,0.048848573,0.6017196,13.39124841914206,0.0,0.14964041657448596,0.0,300,0.03147292137145996,0.000535046165922002,0.0005229500261603328,1133851,13.596199187708978,0.0
3802,3.010403633117676,13.270447710737503,0.27641353374588606,13.505447669227328,12.82002256519581,0.0,0.1591147164751237,0.1,0.0030672550201416016,0.11684203147888184,0.04994026,0.75896955,13.379168348301604,0.0,0.14811124848568916,0.0,300,0.029517173767089844,0.0008686189888762261,0.0007333867303796654,1134151,13.641031066614344,0.0
3803,3.055567741394043,13.463250504306185,0.12410802477106016,13.65969794918498,13.32282437559842,0.0,0.1528055708375935,0.1,0.003190755844116211,0.07095980644226074,0.049761154,0.8532339,13.387576563902062,0.0,0.15061878064550743,0.0,300,0.029376983642578125,0.0005483424844425057,0.0004673060005756628,1134451,13.472459691508073,0.0
3804,3.124936819076538,13.42042693521594,0.04511686371582964,13.473324384302881,13.375567013037992,0.0,0.15775705516425048,0.1,0.0031273365020751953,0.05992579460144043,0.050660476,1.290912,13.39086160103345,0.0,0.15006815453673952,0.0,300,0.029451370239257812,0.0005593104515303194,0.0004848386080847099,1134751,13.57326861130779,0.0
3805,3.107079029083252,13.228695302314474,0.21667693862412482,13.47757825522596,12.891102984635534,0.0,0.145279425807046,0.1,0.003289461135864258,0.0598907470703125,0.04970735,0.5057844,13.374644971161553,0.0,0.14751839914510356,0.0,300,0.029925823211669922,0.0008384933280127241,0.0005440395668099931,1135051,13.554625745055292,0.0
3806,3.1062724590301514,11.739609955614027,2.55904230873788,13.389102674288933,7.3231830761245424,0.0,0.15644646235728585,0.1,0.003234386444091797,0.05902671813964844,0.049660698,0.43858358,13.211141469606801,0.0,0.12787981434677434,0.0,300,0.047406911849975586,0.030550586746140713,0.019352085132975184,1135351,13.60324442579608,0.0
3807,3.59840726852417,13.447489627027672,0.16412717682377592,13.626400983480282,13.202069835630864,0.0,0.15906758452512088,0.1,0.0029854774475097656,0.05729413032531738,0.049758013,1.2381284,13.23477628534889,0.0,0.15029914062948418,0.0,300,0.030346393585205078,0.01579726078501403,0.004941738575889548,1135651,13.596651457106951,0.0
3808,3.032675266265869,13.44886066811119,0.14107485922866309,13.590561119754673,13.215181631492129,0.0,0.15599184983750883,0.1,0.003641843795776367,0.10459685325622559,0.04982661,1.2902626,13.25618472362512,0.0,0.15033705179057336,0.0,300,0.030313491821289062,0.0065005262968228636,0.0017742703952322312,1135951,13.40744044645983,0.0
3809,3.0196704864501953,13.24140139258769,0.15239920551538055,13.48019697619587,13.088172157615261,0.0,0.14937774966943648,0.1,0.0034165382385253906,0.06928730010986328,0.050643947,0.4394956,13.254706390521378,0.0,0.14761080007005983,0.0,300,0.028980493545532227,0.00285165706655167,0.0019333269808603593,1136251,13.563180377250353,0.0
3810,3.020108222961426,13.46975602396451,0.024012239644412913,13.499198677042608,13.442043311726978,0.0,0.16028211647346635,0.1,0.003307819366455078,0.05863046646118164,0.050505288,0.6140077,13.276211353865692,0.0,0.15068642320715586,0.0,300,0.02931380271911621,0.0005933662905831357,0.0011403472869574679,1136551,13.615089748811462,0.0
3811,3.0539400577545166,12.30682514969977,1.8815526904931459,13.435708093244866,9.04863049286145,0.0,0.1524043083597233,0.1,0.00649261474609375,0.06670308113098145,0.05025459,0.37238094,13.179272733449102,0.0,0.13527745717391265,0.0,300,0.03002190589904785,0.00879261753426808,0.006756713000808719,1136851,13.69446698250204,0.0
3812,3.046351432800293,13.409216326606,0.015606921676793218,13.430424288309114,13.388115301111071,0.0,0.15044737882569623,0.1,0.0034198760986328125,0.061011314392089844,0.049702294,1.2851455,13.202267092764792,0.0,0.14995532581655768,0.0,300,0.029683351516723633,0.004278769773229878,0.002065544122384404,1137151,13.589811379660304,0.0
3813,3.0212934017181396,13.486061985759573,0.15765453899273815,13.676908123825202,13.288715143980559,0.0,0.15666080146525935,0.1,0.0034232139587402344,0.060636281967163086,0.05005134,1.5236194,13.23064658206427,0.0,0.15087139957936418,0.0,300,0.02971792221069336,0.0023844867313202894,0.0008859361030506582,1137451,13.654931995996611,0.0
3814,3.0303266048431396,13.585548637232204,0.09508883132424142,13.747506687657394,13.507625555808337,0.0,0.15679933141458874,0.1,0.0033326148986816406,0.06292343139648438,0.049892277,0.89101726,13.266136787581065,0.0,0.15215391459677824,0.0,300,0.029668092727661133,0.0006056872760776336,0.0009773460888902888,1137751,13.71849078497007,0.0
3815,3.0921614170074463,13.092989839989238,0.640610385063525,13.719836807566383,12.136478769204288,0.0,0.14445686634642074,0.1,0.003363370895385742,0.06299567222595215,0.04973709,0.56540734,13.248822092821882,0.0,0.14570194702788897,0.0,300,0.03027820587158203,0.0044096000078842415,0.0029198454388863542,1138051,13.594111115420688,0.0
3816,3.070462226867676,13.450744321595625,0.0907849503196055,13.553208270672002,13.304176887213956,0.0,0.15460997104283655,0.1,0.0034821033477783203,0.061870574951171875,0.050040238,0.8558563,13.269014315699255,0.0,0.15035934114307486,0.0,300,0.06327533721923828,0.001148325009175981,0.0008308503317493921,1138351,13.5115198742888,0.0
3817,3.0564939975738525,13.398040159896336,0.1283340008984836,13.548325848389576,13.217804351448091,0.0,0.17168093498921982,0.1,0.00310516357421875,0.059439897537231445,0.0499321,0.90485436,13.281916900118963,0.0,0.149682896224018,0.0,300,0.05105090141296387,0.001561283096032383,0.001347420010926112,1138651,13.602002133519377,0.0
3818,3.0763676166534424,13.452670067277374,0.15159014926972078,13.587169765781248,13.201268520714951,0.0,0.1597987057028482,0.1,0.003314971923828125,0.06577515602111816,0.04964662,0.83700424,13.298992216834804,0.0,0.1503783534901591,0.0,300,0.07009673118591309,0.0010609441415642365,0.0008819052501572087,1138951,13.429683618865996,0.0
3819,3.121187925338745,13.205909688693268,0.5056043459987362,13.629392945405868,12.344826252800383,0.0,0.15239743039352632,0.1,0.0031425952911376953,0.0899360179901123,0.05567665,1.9110569,13.289683964020652,0.0,0.1471541725580878,0.0,300,0.05156278610229492,0.002361560239346497,0.001765760617268434,1139251,13.572663244573642,0.0
3820,3.2076213359832764,13.360427470612395,0.12738606356735013,13.508375066537035,13.18915096010904,0.0,0.15713960995465812,0.1,0.01046299934387207,0.07944440841674805,0.05002532,0.9474857,13.296758314679828,0.0,0.14914022561383494,0.0,300,0.02959465980529785,0.00077978152963584,0.0007849790095969832,1139551,13.533344746050323,0.0
3821,3.12601637840271,13.438214402142258,0.19140953034518493,13.599026086535712,13.112117700187879,0.0,0.16210738038689987,0.1,0.0031671524047851562,0.057791709899902344,0.04995966,0.6823833,13.310903923426071,0.0,0.15035093518562764,0.0,300,0.0306699275970459,0.001068997018337504,0.0008017962578299267,1139851,13.61162787937018,0.0
3822,3.0418834686279297,13.491202079034066,0.0716265335542175,13.577007739742445,13.387336659247111,0.0,0.14553989915713178,0.1,0.003464937210083008,0.059508562088012695,0.05039313,2.8689926,13.328933738986873,0.0,0.15089017696595763,0.0,300,0.030303001403808594,0.0007503477773701527,0.00047784822551977626,1140151,13.543234897324524,0.0
3823,3.004093885421753,13.514743963458114,0.10778671594902663,13.665713968595739,13.377434839748162,0.0,0.1592085337216959,0.1,0.0031762123107910156,0.05885934829711914,0.049965713,0.6303153,13.347514761433997,0.0,0.1512225822053009,0.0,300,0.029116153717041016,0.0008140885505695438,0.000581417744215218,1140451,13.56549314719882,0.0
3824,3.029322385787964,12.348951939857805,1.8455571395476609,13.534389132526439,9.159670719162566,0.0,0.1533292993788219,0.1,0.0033829212188720703,0.06419610977172852,0.049469944,0.34042713,13.247658479276378,0.0,0.13564086222524316,0.0,300,0.030228137969970703,0.009487638509882606,0.00678983985046827,1140751,13.43212451290418,0.0
3825,3.0670599937438965,13.474216047228634,0.1494432320209302,13.667096008796845,13.302031653309367,0.0,0.1581236286581554,0.1,0.003433704376220703,0.06676840782165527,0.05022377,1.9768968,13.270314236071606,0.0,0.15065086366446895,0.0,300,0.03003215789794922,0.0026961324862699912,0.001460813589717921,1141051,13.527863278382961,0.0
3826,3.053938627243042,13.524852896436924,0.0612019147265405,13.605616973944848,13.45964258392787,0.0,0.1475473994796015,0.1,0.0033278465270996094,0.06119346618652344,0.050404366,2.0743592,13.295768102108138,0.0,0.15132682564248298,0.0,300,0.030220508575439453,0.0015195640760093984,0.0005665488128843866,1141351,13.508119303913809,0.0
3827,3.045304536819458,13.109600019563263,0.3292272480507207,13.470053662420163,12.622353057337047,0.0,0.14950077648107002,0.1,0.003368377685546875,0.06162238121032715,0.050072305,0.49251765,13.27715129385365,0.0,0.1459817164059088,0.0,300,0.030969858169555664,0.001880024130416416,0.001770575577050389,1141651,13.665774998603574,0.0
3828,3.059964179992676,13.448479309153761,0.07470977608507431,13.5431409245253,13.334116191480437,0.0,0.1663677738491199,0.1,0.003920316696166992,0.06107974052429199,0.04991292,0.84685963,13.294284095383663,0.0,0.15039109037850198,0.0,300,0.029922008514404297,0.001482809947493587,0.0011095949420050907,1141951,13.558551137852044,0.0
3829,3.1133015155792236,13.143813571632924,0.5053695336252297,13.452327306366207,12.268724919386004,0.0,0.1615451496877295,0.1,0.0032372474670410156,0.0620577335357666,0.050383035,0.71202916,13.279237043008589,0.0,0.1464877768740271,0.0,300,0.02930283546447754,0.0027541420197998803,0.0019785577644521363,1142251,13.58677349892371,0.0
3830,3.0154476165771484,13.06598920514195,0.4819517280633876,13.457432376497962,12.267865968053563,0.0,0.15350997169323008,0.1,0.004713773727416992,0.05914783477783203,0.049723737,0.6684224,13.257912259221927,0.0,0.1453886815569287,0.0,300,0.029632568359375,0.002432595869486725,0.0019007503152137393,1142551,13.550698672567094,0.0
3831,3.0644636154174805,13.451445536524279,0.11463950670259149,13.579711905899654,13.329392889993649,0.0,0.16939904620201274,0.1,0.0031452178955078125,0.05887937545776367,0.04991478,0.6499838,13.277265586952163,0.0,0.15040774754848912,0.0,300,0.029787540435791016,0.0009231779639191462,0.0009060822043961085,1142851,13.57257572889401,0.0
3832,3.038130521774292,13.495864925552649,0.0417718299039509,13.542701226483969,13.435984221093877,0.0,0.16047541131699866,0.1,0.003261089324951172,0.06090235710144043,0.049879577,0.7302402,13.299125520812211,0.0,0.1509745044003824,0.0,300,0.030075788497924805,0.0003226423408537255,0.000302090302561737,1143151,13.63720551925198,0.0
3833,3.1424670219421387,13.412245461663895,0.1604509448194288,13.585170600190287,13.150526962421901,0.0,0.16399955340361866,0.1,0.003304719924926758,0.08105325698852539,0.05000356,0.89831144,13.31043751489738,0.0,0.14990110919951194,0.0,300,0.031226396560668945,0.00046043389942013267,0.00038126969786396404,1143451,13.423292630704287,0.0
3834,3.131526470184326,13.57053462383605,0.07936124641694066,13.700396701471647,13.498385410989734,0.0,0.16575465360253394,0.1,0.0031342506408691406,0.05845284461975098,0.050143585,0.7859668,13.336447225791249,0.0,0.15192779861907257,0.0,300,0.02881908416748047,0.0006188408420258795,0.0004355475711296327,1143751,13.543348412648667,0.0
3835,3.0416109561920166,13.464436481524562,0.13143562827172375,13.610846613923448,13.31100256114117,0.0,0.15767781140137876,0.1,0.003129243850708008,0.059433937072753906,0.049901865,0.72180885,13.34924615136458,0.0,0.15051276984729656,0.0,300,0.029128074645996094,0.0005837312994608522,0.0003597752086923227,1144051,13.51354688215139,0.0
3836,3.0537664890289307,13.382373269780501,0.10811768779124564,13.55425271286294,13.255177217630841,0.0,0.1651690354882144,0.1,0.0031359195709228516,0.06401968002319336,0.049834467,0.8505055,13.352558863206173,0.0,0.14944934868034884,0.0,300,0.030405521392822266,0.0009709731815374607,0.000882501522392646,1144351,13.65862716855329,0.0
3837,3.114880084991455,13.554477311368045,0.10588083744794367,13.737351419793743,13.482383421998895,0.0,0.15489436252502334,0.1,0.0031807422637939453,0.058762550354003906,0.05004754,1.8015724,13.37275070802236,0.0,0.1517598485955619,0.0,300,0.04173636436462402,0.0010326229405980423,0.0008616096491930603,1144651,13.469143805878934,0.0
3838,3.054316520690918,13.41782296847865,0.07407237032172259,13.508271640165065,13.302834078411944,0.0,0.16541636222652722,0.1,0.003554821014404297,0.05983448028564453,0.049998995,0.8105514,13.377257934067991,0.0,0.14997489652151574,0.0,300,0.03004312515258789,0.0015130297178315548,0.0009585845283751955,1144951,13.530423635265317,0.0
3839,3.073115110397339,13.35568928012474,0.13798506740829136,13.51546792138309,13.16799359841295,0.0,0.15081588665187468,0.1,0.0032660961151123047,0.06118369102478027,0.050965514,0.5920645,13.375101068673667,0.0,0.14914372949450416,0.0,300,0.029770851135253906,0.0008617625449772521,0.000495829784400922,1145251,13.395282359406911,0.0
3840,3.017396926879883,13.5449972510973,0.10468645098912076,13.669364366852236,13.405495021359558,0.0,0.16483142689065575,0.1,0.0035858154296875,0.12153124809265137,0.050294977,1.3341991,13.392090686916031,0.0,0.15177333976307633,0.0,300,0.02958512306213379,0.0008234060992815164,0.0008476145359561719,1145551,13.423720077236808,0.0
3841,3.02856707572937,13.446655694353034,0.08831481697272524,13.575449755302348,13.334759809313782,0.0,0.15506480491461092,0.1,0.0033566951751708984,0.06281280517578125,0.04964705,6.1966786,13.397547187659733,0.0,0.15044790245108655,0.0,300,0.030006885528564453,0.0016247916123835185,0.0013306354537442437,1145851,13.509028157464948,0.0
3842,3.037385940551758,13.186074105352638,0.16402813494868945,13.379397289928926,12.957449871626132,0.0,0.16204550625872263,0.1,0.0033257007598876953,0.06268620491027832,0.049914822,0.6935615,13.376399879429025,0.0,0.14712865959566346,0.0,300,0.03016376495361328,0.0014986135850807486,0.0011011208763600001,1146151,13.500056395477602,0.0
3843,3.037597894668579,13.316220600149487,0.19404336575988673,13.512148905438112,13.02148116987089,0.0,0.15769401148789877,0.1,0.0032973289489746094,0.06143522262573242,0.05028308,0.7387888,13.370381951501072,0.0,0.14873398727165882,0.0,300,0.029880762100219727,0.0023953298374546675,0.001294755240484625,1146451,13.528298477038694,0.0
3844,3.032944917678833,13.504421070100237,0.06825243932907585,13.580983875623808,13.400986800535344,0.0,0.15536900922219632,0.1,0.003313779830932617,0.06319379806518555,0.04968337,0.6714319,13.383785863360988,0.0,0.1511273028751291,0.0,300,0.030213594436645508,0.0005713205694244481,0.0003837634738227141,1146751,13.320249426098279,0.0
3845,3.072516441345215,13.05839607265824,0.5400389845908641,13.699293647373164,12.267446236722318,0.0,0.15004660810847148,0.1,0.003439188003540039,0.0608677864074707,0.049904518,0.6968193,13.351246884290713,0.0,0.14519222833478065,0.0,300,0.031742095947265625,0.0027494802542977737,0.0019829521143686735,1147051,13.534847416346421,0.0
3846,3.0351362228393555,13.455663204285392,0.11766413897790211,13.600123552222234,13.288127140852007,0.0,0.15358805131439354,0.1,0.003405332565307617,0.06047654151916504,0.05015429,0.71394086,13.361688516290181,0.0,0.1504084755982592,0.0,300,0.02988910675048828,0.0031966294041744048,0.0013585158890706316,1147351,13.441536973462298,0.0
3847,3.0589776039123535,13.432553119098314,0.06216916997032899,13.490963675395106,13.327881746737914,0.0,0.15324544390623385,0.1,0.004939556121826172,0.06102466583251953,0.04982057,1.1346105,13.368774976570993,0.0,0.15019564986392953,0.0,300,0.029985666275024414,0.002785706038770643,0.000740230740603948,1147651,13.477886359747034,0.0
3848,3.0475878715515137,12.336013627743085,1.6952550005219518,13.435231614473693,9.411215624481477,0.0,0.1543215759025153,0.1,0.005233049392700195,0.06060385704040527,0.049526677,0.41763464,13.265498841688203,0.0,0.13568186893803819,0.0,300,0.030542612075805664,0.013248929103617932,0.01203369633562913,1147951,13.566866234580582,0.0
3849,3.1254093647003174,13.437760464128674,0.10780193220795449,13.579049603874074,13.277238307154207,0.0,0.1625707844989523,0.1,0.003283262252807617,0.06011700630187988,0.050250232,0.68242246,13.28272500393225,0.0,0.15025400650401827,0.0,300,0.029521703720092773,0.009955336246655936,0.00394597080051254,1148251,13.453377853057127,0.0
3850,3.0663318634033203,13.494867467206216,0.09937835421169049,13.646188353683483,13.390884136840345,0.0,0.15349177656559046,0.1,0.003229379653930664,0.06036543846130371,0.04976444,1.1333584,13.303939250259647,0.0,0.15092273425578798,0.0,300,0.02959132194519043,0.00323115834700166,0.0007316721421324599,1148551,13.493208567107736,0.0
3851,3.095089912414551,13.420162284368477,0.09705951602189475,13.577131653017549,13.31842564702219,0.0,0.14902545021592734,0.1,0.003347635269165039,0.06195974349975586,0.049737792,1.9189831,13.31556155367053,0.0,0.14995723408425327,0.0,300,0.029881715774536133,0.0007171416568097584,0.0012408008287137149,1148851,13.565344737863533,0.0
3852,3.139101982116699,13.339059883784333,0.23898783447817532,13.539301959017381,12.934686011100757,0.0,0.15091863355247465,0.1,0.0031287670135498047,0.06020712852478027,0.049866524,0.7512445,13.31791138668191,0.0,0.14900464595309573,0.0,300,0.029743432998657227,0.0016606237617058427,0.0014733997574867624,1149151,13.408540325194572,0.0
3853,2.955554962158203,13.513844586093532,0.1357111715949874,13.621480334496322,13.288698984166915,0.0,0.16101507679881855,0.1,0.0035161972045898438,0.1330854892730713,0.05012257,0.6849464,13.337504706623072,0.0,0.15115930717506756,0.0,300,0.03013300895690918,0.0004912337740473264,0.0004145228141337195,1149451,13.579505258657766,0.0
3854,3.0090408325195312,13.254341792060185,0.43105494392025473,13.544016378470555,12.511237909564768,0.0,0.1617027127716082,0.1,0.003453493118286133,0.10731744766235352,0.049623027,1.0889266,13.329188415166783,0.0,0.1479003747979866,0.0,300,0.04699826240539551,0.002727113078179926,0.002209407371095872,1149751,13.490712673793148,0.0
3855,3.0041942596435547,13.47662981173246,0.25119721382042426,13.774699944685624,13.082558213677071,0.0,0.1617968077333254,0.1,0.0032532215118408203,0.05931377410888672,0.04990957,1.2471614,13.34393255482335,0.0,0.15074985708130517,0.0,300,0.03398728370666504,0.00202790895735799,0.0008937032755251647,1150051,13.472776522311529,0.0
3856,3.0319454669952393,13.367306656287845,0.1697589775314777,13.541641321524455,13.142340583727636,0.0,0.15850697649904807,0.1,0.0033447742462158203,0.06178879737854004,0.049612902,0.8843404,13.346269964969801,0.0,0.14923571233704624,0.0,300,0.029633760452270508,0.001181189081625614,0.0007168765856988371,1150351,13.467918289193706,0.0
3857,2.9469242095947266,13.476765147554808,0.1105585676318243,13.612245974468413,13.364172137734663,0.0,0.15417066473509305,0.1,0.0034532546997070312,0.06212329864501953,0.05015615,0.81675076,13.359319483228303,0.0,0.15069594687923699,0.0,300,0.02965521812438965,0.0004344810503134256,0.00048449754489143185,1150651,13.507945497039346,0.0
3858,2.96653413772583,13.480089727643541,0.12501658814442704,13.677695915361538,13.334327726918714,0.0,0.15978573391002482,0.1,0.0033714771270751953,0.06870484352111816,0.050346676,0.9476595,13.371396507669827,0.0,0.15084296174201822,0.0,300,0.03045821189880371,0.0009717020745623687,0.0009479593232692138,1150951,13.459213380063536,0.0
3859,2.9661216735839844,13.398290261761172,0.14873700317473196,13.516548815510443,13.144478628946748,0.0,0.16018934436534613,0.1,0.003270387649536133,0.12086033821105957,0.049998634,0.97761,13.374085883078962,0.0,0.14970256726625836,0.0,300,0.03211665153503418,0.0013741829189758584,0.0009093674831081165,1151251,13.484329699839124,0.0
3860,3.0778732299804688,13.22391633405057,0.2293540705852483,13.521718038644936,12.89908002119469,0.0,0.1657059729051261,0.1,0.011215925216674805,0.06411910057067871,0.049940243,0.6888451,13.359068928176121,0.0,0.14756095969519228,0.0,300,0.029709339141845703,0.001936169621584382,0.0014329725806793666,1151551,13.476485863755789,0.0
3861,3.0045292377471924,13.437443063187558,0.19331356368697494,13.56793132461166,13.103280754138241,0.0,0.15413394894527885,0.1,0.008767127990722656,0.0940847396850586,0.050345466,0.81279385,13.366906341677266,0.0,0.15017083831659722,0.0,300,0.0307767391204834,0.002033035703089708,0.0013062500734433958,1151851,13.61188731113362,0.0
3862,3.024068593978882,12.502118497499188,1.1185161383319402,13.56106843902258,10.663964160453657,0.0,0.14934259704247843,0.1,0.0031604766845703125,0.10015344619750977,0.049749874,0.6912007,13.280427557259458,0.0,0.13797271426150154,0.0,300,0.029442787170410156,0.014251306024764829,0.008522943668520364,1152151,13.549199653479755,0.0
3863,3.113802671432495,13.284360830799622,0.32742316351524153,13.601075217470598,12.77424904819753,0.0,0.1601022414711172,0.1,0.003152132034301758,0.08557605743408203,0.05001133,0.7103039,13.280820884613474,0.0,0.14832858060250784,0.0,300,0.029001712799072266,0.005618214802637179,0.001316309223641981,1152451,13.522970019320779,0.0
3864,3.095491409301758,13.551885217657658,0.06050697352996698,13.603992328464258,13.449182239744463,0.0,0.15787515067627497,0.1,0.00334930419921875,0.08076810836791992,0.050009105,1.3698997,13.307927317917894,0.0,0.15164517665497387,0.0,300,0.029094457626342773,0.0017224066086617392,0.0010740095079577647,1152751,13.534264211566152,0.0
3865,3.080925464630127,13.429550342452275,0.04137143826962255,13.483971575237627,13.371868303636807,0.0,0.16136469009685087,0.1,0.0031604766845703125,0.058487653732299805,0.050169345,0.68702036,13.320089620371332,0.0,0.1500498396633001,0.0,300,0.0286710262298584,0.0011528865457337166,0.0015846258916993666,1153051,13.615274372212468,0.0
3866,3.5058794021606445,13.393694406749983,0.07489503296701215,13.481692181410896,13.278880543822426,0.0,0.15927685125834484,0.1,0.0028657913208007812,0.05981802940368652,0.049722645,0.49769908,13.327450099009198,0.0,0.14968007481565881,0.0,300,0.028848648071289062,0.001964444185346298,0.0009065941542411025,1153351,13.609927418933617,0.0
3867,2.9371864795684814,13.162714653028946,0.48078295675895594,13.500476213550884,12.332944912051788,0.0,0.151591995153411,0.1,0.0036292076110839844,0.09671854972839355,0.0497877,1.0844074,13.310976554411173,0.0,0.14669548725911805,0.0,300,0.041246891021728516,0.003866265071522094,0.0016866997914023038,1153651,13.090928904372314,0.0
3868,2.966188669204712,13.420370025646289,0.0798594707549165,13.506721499211796,13.300728651259538,0.0,0.15683546535866186,0.1,0.003512859344482422,0.06286811828613281,0.050204746,1.0650818,13.321915901534686,0.0,0.14991146183183301,0.0,300,0.029423236846923828,0.0017566748184066885,0.00047903158825746877,1153951,13.51093873963986,0.0
3869,3.087371826171875,13.1459789274232,0.5944679150980081,13.564997083422659,12.119581794076398,0.0,0.15795890201562082,0.1,0.003220796585083008,0.05950808525085449,0.05087867,0.5132082,13.304322204123537,0.0,0.14629661356777182,0.0,300,0.029239416122436523,0.0017143692935440685,0.0019186919258907813,1154251,13.218118311873383,0.0
3870,3.027545928955078,12.971629183250286,0.4126955789906607,13.322862682088259,12.270640893880358,0.0,0.14068154023913113,0.1,0.0032303333282470703,0.06079411506652832,0.0493294,3.5298831,13.271052902036212,0.0,0.14399789501063043,0.0,300,0.028848886489868164,0.001531933455167372,0.0013413318569622378,1154551,13.441125253898187,0.0
3871,3.030517101287842,13.424452256382848,0.0925539058153457,13.551859256467996,13.31232196939798,0.0,0.16141870730391777,0.1,0.0033211708068847656,0.07378506660461426,0.04995615,1.5262997,13.286392837470876,0.0,0.14999785869199694,0.0,300,0.02989983558654785,0.001654793332612595,0.0009615292640576662,1154851,13.446559383325708,0.0
3872,3.0093770027160645,13.406647527664909,0.10014445929628285,13.508228136644558,13.282474279068863,0.0,0.15467424734440063,0.1,0.003355741500854492,0.09801101684570312,0.04985436,0.7556105,13.29841830649028,0.0,0.14978536192459907,0.0,300,0.029779911041259766,0.0005817967862447794,0.0004918319074787232,1155151,13.408853867583533,0.0
3873,3.120438814163208,13.409369044170425,0.11690427092349052,13.581302841530045,13.297981568312057,0.0,0.15658269400758065,0.1,0.003462076187133789,0.1290271282196045,0.049960956,1.1732213,13.309513380258295,0.0,0.1497876698834358,0.0,300,0.02760004997253418,0.000558261274446884,0.0006198794715428596,1155451,13.263673382362562,0.0
3874,3.0333404541015625,13.327757671881193,0.3099804564168752,13.563136432679418,12.79896423248126,0.0,0.16197275492560112,0.1,0.007707357406616211,0.11241698265075684,0.049775302,0.7456561,13.311337809420586,0.0,0.14880107388171693,0.0,300,0.02997899055480957,0.0014740050229108844,0.0012998435670093806,1155751,13.420370003557506,0.0
3875,3.075669527053833,13.381479650452295,0.2714501117447985,13.66292985411009,12.933133810165662,0.0,0.15454310829854093,0.1,0.0034079551696777344,0.06026744842529297,0.04994452,0.6358464,13.318351993523756,0.0,0.14951595565884468,0.0,300,0.02933335304260254,0.0009728486265809136,0.0006679072761782947,1156051,13.471260889071685,0.0
3876,3.0335421562194824,13.167553666242732,0.4319507443330283,13.606334464837381,12.472080718741072,0.0,0.15657226044032085,0.1,0.0032896995544433594,0.060091257095336914,0.05022379,0.5477333,13.303272160795654,0.0,0.14684840010837086,0.0,300,0.029237747192382812,0.0017781685215043403,0.00149379536283513,1156351,13.434570373158982,0.0
3877,3.107579469680786,13.394363867984415,0.12424088838565456,13.528816417410631,13.21791207900639,0.0,0.16146480436207417,0.1,0.003264904022216797,0.059426069259643555,0.05030154,0.8536541,13.31238133151453,0.0,0.14963745434483305,0.0,300,0.030900955200195312,0.0007992826183173822,0.0004617059692043092,1156651,13.447327127226975,0.0
3878,2.985363245010376,13.384130498560548,0.13904516463168481,13.576259310598672,13.19128349848345,0.0,0.1610862806365311,0.1,0.006226301193237305,0.0667877197265625,0.049832057,1.0727494,13.319556248219131,0.0,0.14942443640664427,0.0,300,0.02960348129272461,0.0008067485712922017,0.0007894281572352936,1156951,13.481668369100113,0.0
3879,3.074462652206421,13.563225146269607,0.074645387757284,13.645327025467985,13.466179263925172,0.0,0.1717198076718184,0.1,0.0031824111938476562,0.05812478065490723,0.05000328,0.7316464,13.343923138024179,0.0,0.1518045789302896,0.0,300,0.030638456344604492,0.0010899476207539532,0.0008565945138010416,1157251,13.52088908604559,0.0
3880,3.056486129760742,13.457608017196087,0.14429317375863795,13.602129057183967,13.220569039606367,0.0,0.1554154657084517,0.1,0.003061056137084961,0.09300470352172852,0.050180577,1.4151587,13.35529162594137,0.0,0.15048159813741688,0.0,300,0.05385160446166992,0.0007894904773331536,0.0005479970221671416,1157551,13.389062743880961,0.0
3881,3.033867359161377,13.469272743967593,0.05892777623673448,13.553620371261378,13.387773373707782,0.0,0.1623009814105287,0.1,0.0035555362701416016,0.06362748146057129,0.05006802,0.727027,13.366689737743993,0.0,0.15055914949888569,0.0,300,0.029616117477416992,0.0005866072657889172,0.0005889373801172476,1157851,13.470539147937991,0.0
3882,3.004340171813965,13.3733103500773,0.030193463397348127,13.42022727638791,13.341608231193453,0.0,0.15539817720311055,0.1,0.011823892593383789,0.10316944122314453,0.050122187,0.888009,13.367351798977325,0.0,0.14933553267336874,0.0,300,0.03139448165893555,0.0008892108950764933,0.0005800298879385155,1158151,13.55516220917494,0.0
3883,2.9859845638275146,13.25996963798121,0.3917925584382861,13.558783488867071,12.602197985069493,0.0,0.1518943810326591,0.1,0.0033347606658935547,0.06125640869140625,0.050439466,0.5966739,13.356613582877713,0.0,0.14778023033075116,0.0,300,0.0776815414428711,0.0010931285416938689,0.0009949516801070854,1158451,13.43627965355199,0.0
3884,2.970219612121582,13.083935855164434,0.6271617916181259,13.62025838707573,12.017559858923889,0.0,0.14707565086850555,0.1,0.0032753944396972656,0.0623469352722168,0.050489515,0.5217906,13.329345810106386,0.0,0.14564208279167068,0.0,300,0.03087329864501953,0.002773460049260378,0.002564895060087693,1158751,13.46633395057808,0.0
3885,2.9516379833221436,13.223983780738292,0.3231541761857691,13.594401835765654,12.721544084854761,0.0,0.15020666584596176,0.1,0.011876821517944336,0.07014989852905273,0.049823266,1.2374644,13.318809607169577,0.0,0.1473983834376285,0.0,300,0.03028273582458496,0.0013275352061127557,0.0009537665463719805,1159051,13.319894422210888,0.0
3886,2.9994072914123535,13.159435591057195,0.22664282090599938,13.364148674395572,12.797776200039428,0.0,0.16273422193379575,0.1,0.003404378890991211,0.12391972541809082,0.04980976,0.709074,13.302872205558339,0.0,0.1466841877585088,0.0,300,0.02963566780090332,0.0007607246411844788,0.000819153815171975,1159351,13.477472884785504,0.0
3887,3.0018131732940674,13.288703765626016,0.283412260661298,13.522004232664063,12.815478207259144,0.0,0.1519201973231123,0.1,0.003452777862548828,0.10623788833618164,0.049672835,0.79279256,13.301455361565107,0.0,0.14825412905940613,0.0,300,0.029555797576904297,0.0010272699779001384,0.0008174781428651123,1159651,13.541389268607114,0.0
3888,3.0309886932373047,13.322298931960782,0.13106166593636492,13.477797212210367,13.118385658232716,0.0,0.159927890574022,0.1,0.0031845569610595703,0.06168031692504883,0.049636304,1.0471188,13.303539718604675,0.0,0.1487628974747282,0.0,300,0.029246807098388672,0.0007773423640126814,0.0006745522305064778,1159951,13.4232796705261,0.0
3889,3.1008992195129395,13.54841707406155,0.06661080518226666,13.631675940197656,13.448293781323224,0.0,0.16508818927451957,0.1,0.003173828125,0.06067633628845215,0.050029263,0.6598229,13.328027454150364,0.0,0.15162986377040716,0.0,300,0.03009819984436035,0.0005765661402318388,0.000330283092347301,1160251,13.448845428145516,0.0
3890,3.012608051300049,13.334513910066585,0.15513297312383068,13.455106875865075,13.069522583023673,0.0,0.16081179093286563,0.1,0.0032291412353515625,0.060932159423828125,0.04993644,0.7507735,13.328676099741987,0.0,0.14880037241290542,0.0,300,0.02984309196472168,0.0007726283080299009,0.000646558507634956,1160551,13.004737804108224,0.0
3891,3.0099003314971924,13.219144193167432,0.08122897090920606,13.306869760825423,13.13592369985948,0.0,0.15995795115211284,0.1,0.0031991004943847656,0.06066465377807617,0.05005723,0.88745105,13.317722909084532,0.0,0.14728307248385825,0.0,300,0.030790328979492188,0.0009887648299899841,0.000752386969606507,1160851,13.518557366809736,0.0
3892,3.1927874088287354,13.481770678172651,0.029097863283976216,13.530371932624947,13.45333896948562,0.0,0.16596597301437427,0.1,0.0032639503479003906,0.06117081642150879,0.05010142,0.6491484,13.334127685993344,0.0,0.1507494768719354,0.0,300,0.06493663787841797,0.0005014443158787834,0.000430980887738591,1161151,12.927622713878689,0.0
3893,3.075545072555542,13.508113582735552,0.10421111659767461,13.628466498949235,13.382981790862056,0.0,0.16908358814090746,0.1,0.003187894821166992,0.05975341796875,0.050031826,0.9672051,13.351526275667565,0.0,0.15109318090660082,0.0,300,0.028843164443969727,0.0005058698555103186,0.00042467777353808476,1161451,13.435467344791737,0.0
3894,3.0380005836486816,13.504766287265987,0.14930253451085468,13.751370758345255,13.366606368134471,0.0,0.15070222577895498,0.1,0.005582571029663086,0.05942058563232422,0.05008349,0.79566497,13.366850276827407,0.0,0.1511054915665867,0.0,300,0.02911853790283203,0.0008780058075008548,0.0005806748611287464,1161751,13.538493400778187,0.0
3895,3.138667345046997,12.928997342107055,0.7492968993545155,13.47898041170094,11.64810133693075,0.0,0.15443306593250328,0.1,0.003139495849609375,0.05914592742919922,0.050069388,0.4520283,13.323064983355371,0.0,0.14338296952787824,0.0,300,0.028937816619873047,0.0038401746486408975,0.0021298589896187265,1162051,13.452966916560827,0.0
3896,3.043342113494873,13.52660435282749,0.04246529768239492,13.572076620351668,13.459443958223481,0.0,0.15747145259100162,0.1,0.003534555435180664,0.06048989295959473,0.049760856,1.1827557,13.343418920302582,0.0,0.15133667547530924,0.0,300,0.02945733070373535,0.0019215061989214784,0.0006884956652659754,1162351,13.540519264857148,0.0
3897,2.932090997695923,13.475078357561992,0.030633270161753514,13.507540170547967,13.437749079498449,0.0,0.15083200934662291,0.1,0.004063844680786133,0.10324382781982422,0.049881857,1.1612334,13.356584864028523,0.0,0.15073002922107348,0.0,300,0.0312952995300293,0.0009364581962004476,0.0007661988111550894,1162651,13.457462400340807,0.0
3898,2.975257635116577,13.360703134896998,0.2309680937996983,13.633547801208314,13.00865638228875,0.0,0.15978086118437132,0.1,0.003473520278930664,0.061028242111206055,0.050151434,0.56079686,13.35699669111537,0.0,0.1491651847506325,0.0,300,0.032073020935058594,0.0010666261784566665,0.0008914151577453474,1162951,13.413463763198857,0.0
3899,3.015542507171631,13.478122182075797,0.09864369339991665,13.635135627316373,13.377732460978892,0.0,0.15739706327650071,0.1,0.019533872604370117,0.08086872100830078,0.04970622,0.78771865,13.369109240211413,0.0,0.15066183261176397,0.0,300,0.030923128128051758,0.0011366494407345396,0.0007055412259635236,1163251,13.422846826072623,0.0
3900,3.1367974281311035,13.467699404917411,0.10580763923210047,13.615141600875967,13.323582617667038,0.0,0.15969968067605966,0.1,0.011902809143066406,0.10857534408569336,0.049600504,1.4131074,13.378968256682013,0.0,0.15067538670398636,0.0,300,0.02797245979309082,0.001264650868583028,0.0006941803123265746,1163551,13.408494845058243,0.0
3901,3.0321977138519287,13.424416655751712,0.22917721471087837,13.622110642310446,13.03977881596552,0.0,0.14472320820504542,0.1,0.013679265975952148,0.06715083122253418,0.049418412,1.5901498,13.383513096588983,0.0,0.15001187539665306,0.0,300,0.02947545051574707,0.0009616992433357133,0.000703188111660483,1163851,13.488368299275466,0.0
3902,3.1151342391967773,13.502746981342817,0.031853959858235435,13.542373001983936,13.461076976505483,0.0,0.16383562761311463,0.1,0.0032775402069091797,0.059142351150512695,0.04991552,0.68164414,13.395436485064366,0.0,0.1509813853909321,0.0,300,0.03047013282775879,0.0004083883440393321,0.00037456052620299374,1164151,13.468905714365114,0.0
3903,3.0303971767425537,13.458661435917955,0.18634488099929622,13.594064161082482,13.138161210590125,0.0,0.16063226816793166,0.1,0.003325939178466797,0.06110215187072754,0.049897987,0.75748116,13.401758980149724,0.0,0.15044997214716568,0.0,300,0.029666662216186523,0.0005447874586542071,0.0005103381727026103,1164451,13.412385889227982,0.0
3904,3.0255191326141357,13.247607874532617,0.3832487340560196,13.676071283673851,12.627764073089928,0.0,0.16008225577072124,0.1,0.003332853317260742,0.061484575271606445,0.050005555,0.5677363,13.386343869588012,0.0,0.14779853047010527,0.0,300,0.02957892417907715,0.001952077021119915,0.001833056659669849,1164751,13.534524888504597,0.0
3905,3.1563262939453125,13.20919807049612,0.4318503860171201,13.541758456151763,12.46828964684519,0.0,0.15400857613664742,0.1,0.003276824951171875,0.06122541427612305,0.04994787,0.69039506,13.368629289678822,0.0,0.1472663283085916,0.0,300,0.05481910705566406,0.0016626911955615585,0.0012702869085716951,1165051,13.518440835559979,0.0
3906,3.0833489894866943,13.417283395570465,0.10364229219285927,13.536234193148415,13.292214790430995,0.0,0.1487796141771388,0.1,0.003205537796020508,0.060667991638183594,0.050140783,1.3786007,13.373494700267987,0.0,0.14990779641860114,0.0,300,0.031294822692871094,0.0003434080083778644,0.0003557682624804961,1165351,13.526958085400727,0.0
3907,3.089080810546875,13.414619615140253,0.17041528205152498,13.589015280316387,13.21230931930337,0.0,0.1613470519170729,0.1,0.0032999515533447266,0.06542801856994629,0.04979499,0.8660211,13.377607191755214,0.0,0.14982900883903227,0.0,300,0.060277700424194336,0.0005055818548894385,0.00045266144462632614,1165651,13.52669084060265,0.0
3908,3.1611032485961914,13.470509269525905,0.09513457392841373,13.544429998637103,13.308043771302215,0.0,0.16278368205995444,0.1,0.0032262802124023438,0.07908439636230469,0.04992408,0.9814138,13.386897399532284,0.0,0.1505776517329224,0.0,300,0.05643773078918457,0.0004331059721634766,0.0003816112055739582,1165951,13.511468800938838,0.0
3909,3.109673261642456,13.573927842087258,0.09567597261780111,13.695886174260497,13.439473843355445,0.0,0.1622060503846605,0.1,0.00319671630859375,0.06181502342224121,0.049929783,0.6398984,13.405600443787781,0.0,0.1519592149887109,0.0,300,0.029566526412963867,0.0007694573567881276,0.0005295617349458816,1166251,13.39876465136235,0.0
3910,3.0382580757141113,13.524907939647777,0.07060002515999707,13.62976149210948,13.43275726838237,0.0,0.1680001468233126,0.1,0.0038957595825195312,0.06156492233276367,0.050172713,0.696981,13.417531193373781,0.0,0.1513162936843327,0.0,300,0.02927708625793457,0.0006690383757204022,0.0005252842459450883,1166551,13.45521135892067,0.0
3911,3.0600764751434326,12.085480877198123,2.3095178704543744,13.568418979244003,8.088469349101508,0.0,0.14932273983104316,0.1,0.003589153289794922,0.06162452697753906,0.050023627,0.31014144,13.284326161756216,0.0,0.13239141769858104,0.0,300,0.029803037643432617,0.013858928427881534,0.008679580042604022,1166851,13.55196578540656,0.0
3912,3.0548226833343506,13.25153513293261,0.4814311015329073,13.636018312292018,12.433697587782966,0.0,0.15396520557441978,0.1,0.0031659603118896484,0.0631110668182373,0.049085073,1.4101449,13.281047058873854,0.0,0.1478951875121523,0.0,300,0.02916240692138672,0.005449594272389662,0.0032220297128062476,1167151,13.513736340294237,0.0
3913,3.003181219100952,13.257520360223847,0.1359531412490879,13.415884229895205,13.057369909466809,0.0,0.1597639365463798,0.1,0.0031418800354003906,0.060044050216674805,0.050129876,1.1594734,13.278694389008853,0.0,0.1478937988096063,0.0,300,0.029039859771728516,0.0022904300332328405,0.0009947236103011895,1167451,13.405727358170148,0.0
3914,3.0757668018341064,13.413191390768425,0.12335783227272783,13.515737588582928,13.20939091909324,0.0,0.14738023434181732,0.1,0.003218412399291992,0.059496402740478516,0.049874045,1.7546418,13.292144089184811,0.0,0.14989252800258474,0.0,300,0.030970335006713867,0.0017490551781635228,0.0011139650870603515,1167751,13.359945255275713,0.0
3915,3.0455214977264404,13.499340462669329,0.09450177360078078,13.635197923357698,13.369322103431088,0.0,0.15130063112605516,0.1,0.003204822540283203,0.06187725067138672,0.049991798,0.80878806,13.312863726533262,0.0,0.150991978261925,0.0,300,0.029488801956176758,0.0009272370406550908,0.0007424460956154253,1168051,13.386210833961721,0.0
3916,3.0517220497131348,13.561639694225644,0.07444530545749392,13.661763410469495,13.486945647749211,0.0,0.15908222987200984,0.1,0.003184080123901367,0.05926966667175293,0.049820825,0.6308709,13.3377413233025,0.0,0.1518081842376939,0.0,300,0.02960062026977539,0.0008525786143306809,0.0007219603808180941,1168351,13.373962581436691,0.0
3917,2.9876465797424316,13.431750410034631,0.031140701516881024,13.472236263041607,13.385658043712535,0.0,0.16344377997546827,0.1,0.0031747817993164062,0.05929374694824219,0.050161034,0.85092443,13.347142231975713,0.0,0.15010310447534272,0.0,300,0.02915668487548828,0.0005267392534093226,0.0005008772806922808,1168651,13.49271655243536,0.0
3918,3.0624518394470215,13.282524490394955,0.5144776109119128,13.713768368221142,12.40593025478836,0.0,0.1473522850255147,0.1,0.003099679946899414,0.05941581726074219,0.051599678,0.49748653,13.340680457817639,0.0,0.14816166478158693,0.0,300,0.029178142547607422,0.0015963635585950003,0.001312309995571312,1168951,13.475562278922306,0.0
3919,3.148754119873047,13.606197052582655,0.023680434537417715,13.639322902070703,13.575425320988037,0.0,0.16112355101867906,0.1,0.003148317337036133,0.06243324279785156,0.0499412,1.1474218,13.36723211729414,0.0,0.15238032701233276,0.0,300,0.028954267501831055,0.0008183265109126598,0.0005189911904554591,1169251,13.520332671004871,0.0
3920,2.982539176940918,13.529078547432807,0.04994057610668521,13.592203067548734,13.461778480136724,0.0,0.15584605177576533,0.1,0.003168344497680664,0.06201457977294922,0.04986224,0.82584006,13.383416760308007,0.0,0.1513717595795759,0.0,300,0.029445648193359375,0.0007405570967228924,0.0005105377243540846,1169551,13.377460745972735,0.0
3921,3.084401845932007,13.444543737142961,0.17102049531165084,13.613044763352104,13.209563472839744,0.0,0.15708764411475187,0.1,0.0034761428833007812,0.07117128372192383,0.05038232,0.81149423,13.389529457991502,0.0,0.15030202435052747,0.0,300,0.030707836151123047,0.0008646655106512174,0.0006689188110642692,1169851,13.536458731011388,0.0
3922,3.050130605697632,13.51359450770083,0.14326912431713817,13.680949095372855,13.331426474642598,0.0,0.1579193758113584,0.1,0.0032041072845458984,0.06338310241699219,0.049528677,0.6871502,13.401935962962435,0.0,0.1511525607175801,0.0,300,0.029285669326782227,0.0005897380393496284,0.0005281791915824672,1170151,13.556055692414285,0.0
3923,3.013486623764038,13.430825420651493,0.16864511106452362,13.610079457727236,13.163841347770347,0.0,0.16520815393860147,0.1,0.003319263458251953,0.06025552749633789,0.050169867,0.97142935,13.40482490873134,0.0,0.15014033793084183,0.0,300,0.03170061111450195,0.0008837238460113356,0.0005773003515738367,1170451,13.424345761364323,0.0
3924,2.989180088043213,13.527922600176565,0.07021343125088723,13.586022915891645,13.409448742970575,0.0,0.16437947128613214,0.1,0.0034437179565429688,0.060769081115722656,0.050078463,0.7877606,13.417134677875863,0.0,0.15136909415646896,0.0,300,0.029486417770385742,0.0008163709373672596,0.0005140575942478467,1170751,13.563575056268895,0.0
3925,3.1019372940063477,13.446485076563741,0.12986901721165564,13.5926030612008,13.240033429334101,0.0,0.15493885137731578,0.1,0.003420114517211914,0.0598752498626709,0.049781352,1.0664101,13.42006971774465,0.0,0.15030596220540954,0.0,300,0.032622337341308594,0.000980751634089922,0.0005179173854888579,1171051,13.441347264151469,0.0
3926,3.0583417415618896,13.400609912788724,0.09392501647931309,13.525020527048419,13.277049856593877,0.0,0.15519438122776016,0.1,0.0032608509063720703,0.06059122085571289,0.049921952,0.9064026,13.418123737249058,0.0,0.14965068133757667,0.0,300,0.028703927993774414,0.0007202009034831341,0.0004651095518768539,1171351,13.552497390857207,0.0
3927,3.0256903171539307,13.377400301855044,0.13053233641283113,13.470552664816154,13.152191910365666,0.0,0.15838765744454297,0.1,0.003172636032104492,0.05816841125488281,0.049901612,1.0759891,13.414051393709656,0.0,0.1494416531335066,0.0,300,0.028933286666870117,0.0005231247985891895,0.000417658846895686,1171651,13.641114267711435,0.0
3928,3.060171604156494,13.49674558160496,0.06074150404749906,13.571098152648474,13.405832508298042,0.0,0.14867097770993387,0.1,0.003336191177368164,0.05893421173095703,0.04966067,0.9739042,13.422320812499187,0.0,0.15095353137195439,0.0,300,0.0640556812286377,0.0010075034592994748,0.0006812477866412986,1171951,13.51253770159964,0.0
3929,3.023679256439209,13.505650891175653,0.09464162542140249,13.660565415288357,13.417684232375358,0.0,0.1594702210312015,0.1,0.0030591487884521484,0.10766887664794922,0.050265085,0.7461352,13.430653820366835,0.0,0.15113478857850016,0.0,300,0.03168749809265137,0.0011261674193391426,0.0007171890232738349,1172251,13.395152785312044,0.0
3930,3.098482847213745,13.263079011590001,0.40184524757665785,13.581990834965591,12.590725811757997,0.0,0.15442825398106466,0.1,0.0032455921173095703,0.06078982353210449,0.05048367,0.6380985,13.413896339489153,0.0,0.14798571380311137,0.0,300,0.03261303901672363,0.000778905367075215,0.0007552387828559438,1172551,13.550091379452077,0.0
3931,3.0709986686706543,13.406486361991481,0.18243127725361322,13.60493639054172,13.121311689583948,0.0,0.15911284844833146,0.1,0.005762577056884766,0.059278249740600586,0.04986307,0.91893715,13.413155341739387,0.0,0.15007060004237788,0.0,300,0.029107332229614258,0.0009094081070340579,0.0006782481907415921,1172851,13.563071552385367,0.0
3932,3.068369150161743,13.28889267753091,0.23500232520689088,13.50852130669209,12.925693552875154,0.0,0.14228406637835406,0.1,0.0032501220703125,0.0603642463684082,0.049862124,0.95199686,13.400729075318539,0.0,0.14817847114467078,0.0,300,0.030547618865966797,0.0004927705573153991,0.0004581711164140363,1173151,13.574003167331929,0.0
3933,3.0812699794769287,13.397099688559676,0.27330748027659507,13.590718820628455,12.927736180918648,0.0,0.1566759473325748,0.1,0.0032143592834472656,0.09044909477233887,0.049885843,0.88548857,13.400366136642653,0.0,0.14969231954042864,0.0,300,0.056142568588256836,0.0008965397276524869,0.0007496573003545303,1173451,13.34384171765709,0.0
3934,3.2096736431121826,13.455130904217693,0.06132760356242874,13.529721246557218,13.376185948023473,0.0,0.16192371123017996,0.1,0.0030858516693115234,0.05843663215637207,0.050041683,0.5553949,13.405842613400157,0.0,0.1503572076552202,0.0,300,0.05272722244262695,0.0007315340267812439,0.0005153447273485982,1173751,13.593579271716171,0.0
3935,3.139159679412842,12.96735565452217,0.36987294046672475,13.50762412871162,12.504531469467143,0.0,0.16588680837463954,0.1,0.003233194351196289,0.06045174598693848,0.05007318,0.75107634,13.361993917512358,0.0,0.14426589978673887,0.0,300,0.03050708770751953,0.003825576565198166,0.0020065855443279264,1174051,13.54859767783668,0.0
3936,3.1577131748199463,12.6401611239938,1.3661791463568302,13.448169601405414,10.27395843193982,0.0,0.1463335492835334,0.1,0.0032112598419189453,0.10700774192810059,0.051992536,0.3645662,13.289810638160503,0.0,0.13958454922980565,0.0,300,0.04250502586364746,0.006030744197403096,0.004036815481533997,1174351,13.66955837128449,0.0
3937,3.2226579189300537,13.444775727749224,0.14790942385177952,13.583916167054209,13.230927909941387,0.0,0.15663050458021047,0.1,0.003147125244140625,0.060710906982421875,0.050256588,0.90064913,13.305307147119375,0.0,0.15043594950596742,0.0,300,0.029359817504882812,0.0014211781885470297,0.0007586180787179412,1174651,13.487125952001518,0.0
3938,3.130499839782715,13.425557960051746,0.1291638753538646,13.595267910927163,13.28552758643143,0.0,0.14984507366707178,0.1,0.0031321048736572266,0.058875083923339844,0.0502184,1.5600266,13.317332228412614,0.0,0.15004055758451978,0.0,300,0.029223918914794922,0.0009928328139851153,0.0009620708260322955,1174951,13.4862589188906,0.0
3939,3.0864362716674805,13.09281241800085,0.5112373260125824,13.46044564836007,12.213518251779316,0.0,0.1356033304480173,0.1,0.003116130828857422,0.058104515075683594,0.053961392,0.60044175,13.294880247371438,0.0,0.1456642338193787,0.0,300,0.029154062271118164,0.0016357720684087556,0.0012871563199699505,1175251,13.585779336585608,0.0
3940,3.06418514251709,13.42231830421731,0.16867967461866856,13.655405060909871,13.205054494404797,0.0,0.15595152083877237,0.1,0.0031549930572509766,0.06081342697143555,0.04990363,0.71992654,13.307624053056026,0.0,0.14995320314074087,0.0,300,0.029904842376708984,0.0008663501637170018,0.0006613615156755834,1175551,13.59496592030225,0.0
3941,3.105416774749756,13.299566777849009,0.28157448237954524,13.63712653980472,12.865328825388252,0.0,0.15526150427683783,0.1,0.003220796585083008,0.06149649620056152,0.05020818,0.9366436,13.306818325535325,0.0,0.14852235453705798,0.0,300,0.0772867202758789,0.001447767627647614,0.0011022031971976256,1175851,13.514413505754193,0.0
3942,3.0873208045959473,12.915373479402021,0.9474273504158174,13.636640332082923,11.288069382784276,0.0,0.15478962528489384,0.1,0.0031397342681884766,0.06547260284423828,0.049845967,0.6519101,13.267673840921995,0.0,0.1434320222171465,0.0,300,0.030835390090942383,0.006313517545535824,0.005254049790614988,1176151,13.508969020130058,0.0
3943,3.0873987674713135,13.574277574161785,0.09666258776810521,13.65953680852,13.423019312355905,0.0,0.16320695587448705,0.1,0.0031566619873046875,0.05910372734069824,0.0499151,1.3326321,13.298334214245974,0.0,0.15206543044348886,0.0,300,0.030923128128051758,0.0018726976354846358,0.0011076693801785563,1176451,13.74595472169935,0.0
3944,3.0828847885131836,13.527347947763479,0.07249775354211321,13.651065875202859,13.466358322310478,0.0,0.16320706988613654,0.1,0.0030510425567626953,0.05830550193786621,0.049463857,0.83083254,13.321235587597725,0.0,0.1513160334058649,0.0,300,0.0385289192199707,0.0013448618766102056,0.0009109275264575176,1176751,13.610851219097045,0.0
3945,3.085200309753418,13.324440918849763,0.261586851116379,13.69891243647845,13.018557160102583,0.0,0.15020243214051837,0.1,0.0061168670654296875,0.08181309700012207,0.05056598,0.61389154,13.32155612072293,0.0,0.1487533959710013,0.0,300,0.029013633728027344,0.0009381408952182753,0.000638631681369017,1177051,13.457009656294618,0.0
3946,3.190542459487915,13.591537433397441,0.07425375943145399,13.706330106292633,13.520515568808978,0.0,0.1516359423618005,0.1,0.0030412673950195312,0.057797908782958984,0.049570173,5.5564895,13.34855425199038,0.0,0.15214959331562924,0.0,300,0.03053879737854004,0.0007000646153198639,0.0004261456708780892,1177351,13.526279211607621,0.0
3947,3.090952157974243,13.396551947266577,0.06058474457572597,13.456989395803268,13.302007134054216,0.0,0.1532755610783312,0.1,0.003002643585205078,0.05829334259033203,0.050893817,1.7121058,13.353354021518001,0.0,0.14959823201666414,0.0,300,0.02881479263305664,0.00045974386133957977,0.0004953827484593557,1177651,13.551926600337689,0.0
3948,3.0787112712860107,13.3445146538274,0.16771767045227134,13.54838050782387,13.087600674278923,0.0,0.1531694103708717,0.1,0.0033800601959228516,0.05783438682556152,0.04987129,0.7442665,13.35247008474894,0.0,0.14904681744191678,0.0,300,0.028594493865966797,0.0005502891048200454,0.0004041532330163401,1177951,13.546395331543549,0.0
3949,3.2604877948760986,13.506318829926826,0.15109551678692915,13.661788236050567,13.261413233876189,0.0,0.16505340645852026,0.1,0.01240682601928711,0.09094405174255371,0.04960151,0.832902,13.36785495926673,0.0,0.15103857746481417,0.0,300,0.02912306785583496,0.000496352969656669,0.00040569656547219184,1178251,13.509098617181925,0.0
3950,3.009765863418579,13.281933749274499,0.29836537708735555,13.604165929731789,12.820368595933349,0.0,0.15774243584584974,0.1,0.003693103790283203,0.060925960540771484,0.049917866,0.60627335,13.359262838267506,0.0,0.1481794996855751,0.0,300,0.029662370681762695,0.0012298359321539765,0.0010784762550142652,1178551,13.63493685462263,0.0
3951,3.0779731273651123,13.306760869071118,0.37167004749930305,13.588363230346165,12.667144933225458,0.0,0.14547489538786412,0.1,0.0035543441772460938,0.06393003463745117,0.050885532,0.55359805,13.354012641347866,0.0,0.14840113293433438,0.0,300,0.029883146286010742,0.0008097774127426761,0.0005576342457032092,1178851,13.523372026235611,0.0
3952,3.0549144744873047,13.385708378498958,0.15767549914492354,13.550642446638959,13.147622581619855,0.0,0.15118539373460257,0.1,0.0032825469970703125,0.06276917457580566,0.04913681,2.2266366,13.357182215062977,0.0,0.14954026597993353,0.0,300,0.057695627212524414,0.0005035829465532828,0.0004486553526234459,1179151,13.543352384293405,0.0
3953,3.1103336811065674,13.344376207030932,0.2637335920358644,13.5322501434158,12.889520381825518,0.0,0.15413852388771213,0.1,0.0034019947052001953,0.06237530708312988,0.04997121,0.6805741,13.355901614259773,0.0,0.14899418838573458,0.0,300,0.030962228775024414,0.0007656463299050047,0.0006577657545358186,1179451,13.556715819004266,0.0
3954,3.1091856956481934,13.414015340240152,0.13380353638513645,13.581218335388385,13.223342893482805,0.0,0.15492709387213233,0.1,0.0034055709838867188,0.09512495994567871,0.050347175,0.9325726,13.361712986857812,0.0,0.14989227749081407,0.0,300,0.05266308784484863,0.00043834171233699443,0.00039808936877359875,1179751,13.47523241021034,0.0
3955,3.050203561782837,13.335888082530548,0.10277655757568044,13.448875008451799,13.204968844583988,0.0,0.15325195677415812,0.1,0.003275156021118164,0.060340166091918945,0.049854826,2.3884573,13.359130496425086,0.0,0.14889260015965752,0.0,300,0.03277182579040527,0.0010604880672062935,0.000917544780982121,1180051,13.616824863054665,0.0
3956,3.01582932472229,13.398700374779606,0.1254389856347359,13.525278022512111,13.201841722169739,0.0,0.15029545408407322,0.1,0.0032117366790771484,0.05953812599182129,0.049762018,1.5376444,13.36308748426054,0.0,0.14967086779793154,0.0,300,0.02899646759033203,0.0006191218025252912,0.000537338003394216,1180351,13.597907198103476,0.0
3957,3.0798778533935547,13.508380670595152,0.12493448786452722,13.643733870264843,13.316070453871202,0.0,0.16841806279830654,0.1,0.0031414031982421875,0.12065601348876953,0.049974598,1.0887167,13.377616802894,0.0,0.15107874744437785,0.0,300,0.03204965591430664,0.0007968099691663697,0.0005038439964002432,1180651,13.644226856144885,0.0
3958,3.1653993129730225,13.537636397639142,0.06456673609024348,13.611221392445584,13.440931874426091,0.0,0.1616552786116529,0.1,0.0032362937927246094,0.06006741523742676,0.049854897,0.66557384,13.393618762368513,0.0,0.15147868902185624,0.0,300,0.0591425895690918,0.0005012761655339409,0.00044006914434493235,1180951,13.596445678691202,0.0
3959,3.0772058963775635,13.227956363005834,0.41409488276143014,13.569437471096231,12.547627528683545,0.0,0.15420661117702392,0.1,0.0031206607818603516,0.06048250198364258,0.049320728,0.50700736,13.377052522432246,0.0,0.147375555668982,0.0,300,0.029569625854492188,0.0013104781089453303,0.0008983915315519542,1181251,13.545806724139126,0.0
3960,3.031782865524292,13.334023739407709,0.30150050226698827,13.61256054107844,12.825269798038667,0.0,0.14421950878041456,0.1,0.0031707286834716797,0.06305480003356934,0.049977332,2.265723,13.372749644129792,0.0,0.14892971025825552,0.0,300,0.029605627059936523,0.0010224270620251923,0.0008148025604914884,1181551,13.720717732287696,0.0
3961,3.0693018436431885,13.4834672868146,0.14043208592672,13.675590521479743,13.292365857561668,0.0,0.1573996943155588,0.1,0.0031638145446777344,0.13125967979431152,0.04981133,0.9417133,13.383821408398273,0.0,0.1507186466096473,0.0,300,0.03154253959655762,0.000679273878213406,0.0005011603502716264,1181851,13.577117005008253,0.0
3962,3.0672314167022705,13.505289070476138,0.060011418994458866,13.602089460225388,13.451830878428476,0.0,0.1578569720866068,0.1,0.0032372474670410156,0.06326436996459961,0.049825396,0.91445494,13.395968174606061,0.0,0.1511230698570471,0.0,300,0.02920699119567871,0.0008222833451143059,0.0007179801449270249,1182151,13.363064119301578,0.0
3963,3.1847949028015137,13.45444983664401,0.1425758134365289,13.611481883439001,13.243740700931594,0.0,0.15421792556708433,0.1,0.003274679183959961,0.08826518058776855,0.05021998,0.5296423,13.401816340809855,0.0,0.1503966613072184,0.0,300,0.0289456844329834,0.0006319584885793942,0.0003263662819423163,1182451,13.482459528259918,0.0
3964,3.135021209716797,13.472926662583399,0.21181148920436102,13.668056552962677,13.160174330493625,0.0,0.1531743712184001,0.1,0.002963542938232422,0.058197736740112305,0.04981143,0.9609542,13.408927372987211,0.0,0.15062060968885796,0.0,300,0.029889345169067383,0.0005556013623528516,0.0005286126257228092,1182751,13.763005757168118,0.0
3965,3.278381824493408,13.400391974553523,0.16365773062184558,13.602898342615118,13.16647296355086,0.0,0.14963349253518451,0.1,0.003604888916015625,0.061675310134887695,0.049985744,0.7774729,13.408073833143844,0.0,0.14965692708795025,0.0,300,0.05828523635864258,0.000587282503259174,0.0005170742847659987,1183051,13.565228639488621,0.0
3966,3.114427328109741,13.442080622049884,0.09522459642775133,13.586991206486703,13.336292006614972,0.0,0.14759271944615782,0.1,0.0035011768341064453,0.060294151306152344,0.050326247,3.5029814,13.411474512034447,0.0,0.15020214766041412,0.0,300,0.028974533081054688,0.0009477035219223719,0.0005206372232197771,1183351,13.561512308093798,0.0
3967,3.049621105194092,13.308114183124106,0.08339571447596825,13.412478855809784,13.221261264518409,0.0,0.15904098180380036,0.1,0.003295421600341797,0.06032204627990723,0.049761564,0.59523505,13.401138479143414,0.0,0.14862533783561743,0.0,300,0.029111623764038086,0.0005567897520181025,0.0005366466953636741,1183651,13.696825347378583,0.0
3968,3.0072500705718994,13.57060536813066,0.08179869563738794,13.664188365620902,13.480353350594275,0.0,0.16126797161420314,0.1,0.003292560577392578,0.05962014198303223,0.050039887,0.7162888,13.418085168042138,0.0,0.15185680186618591,0.0,300,0.02911996841430664,0.0010314719486368407,0.0006331231728524197,1183951,13.490706451661461,0.0
3969,3.134643316268921,13.50401242983633,0.05914277725115917,13.597149496793742,13.439703162810764,0.0,0.15911693994495793,0.1,0.0033082962036132812,0.06250524520874023,0.049847677,0.8230561,13.426677894221557,0.0,0.1510876761596165,0.0,300,0.02897191047668457,0.0007542282881759782,0.0005623194192268061,1184251,13.447978250484054,0.0
3970,3.108079433441162,13.420180040155604,0.11835010035379963,13.608034055047295,13.280437363600864,0.0,0.16192135282795678,0.1,0.0032765865325927734,0.06442618370056152,0.05005584,0.84932107,13.426028108814963,0.0,0.14987777486790757,0.0,300,0.02958226203918457,0.0007110557778067269,0.0006633162728033226,1184551,13.468912553454457,0.0
3971,3.0447144508361816,13.500118217772053,0.07321911768823286,13.576046150619712,13.38693815005892,0.0,0.16684350107571436,0.1,0.0032198429107666016,0.10348773002624512,0.049680676,0.58613205,13.433437119710671,0.0,0.15095697602558056,0.0,300,0.042563676834106445,0.0009978182948134752,0.0006215355002912783,1184851,13.556240513222113,0.0
3972,3.024043083190918,13.440696952272194,0.09219972463652877,13.578694675463172,13.334076185778903,0.0,0.1592935830056241,0.1,0.003223896026611328,0.13451528549194336,0.049686052,0.9165387,13.434163102966824,0.0,0.15022846869847853,0.0,300,0.028964757919311523,0.0014454775112956646,0.0007351174044911014,1185151,13.502156445435068,0.0
3973,3.0886032581329346,12.431210527422708,1.7902183139198105,13.501751382631147,9.330871875627073,0.0,0.1472484176750363,0.1,0.003294229507446289,0.06039857864379883,0.049369104,0.43333456,13.333867845412414,0.0,0.13684662708734735,0.0,300,0.031804800033569336,0.008551429849794456,0.006622487835657041,1185451,13.519177282387128,0.0
3974,3.0887017250061035,13.245750641842443,0.35114456318388343,13.47375135876267,12.63899619577905,0.0,0.15948583866393012,0.1,0.006257534027099609,0.08159899711608887,0.0501006,0.73843914,13.325056125055417,0.0,0.14770602585259585,0.0,300,0.029877901077270508,0.0030120424478058973,0.0018652647486967658,1185751,13.672573582260304,0.0
3975,3.12125825881958,13.399426461239429,0.12681656391766855,13.50471807918543,13.182624554615533,0.0,0.15482820985494733,0.1,0.0031576156616210938,0.06087994575500488,0.049937174,1.2112585,13.332493158673818,0.0,0.14966932084888823,0.0,300,0.029667377471923828,0.0018735323350874565,0.0010807228435630403,1186051,13.5179794867669,0.0
3976,3.1480178833007812,11.779624103892095,2.7147974504239323,13.619253707210989,7.087169705398448,0.0,0.1497742440002342,0.1,0.004171848297119141,0.06099963188171387,0.04964413,0.4139111,13.177206253195646,0.0,0.12847437708737897,0.0,300,0.029376983642578125,0.021614167619895562,0.016079531160867314,1186351,13.531301863134813,0.0
3977,3.1426427364349365,13.154535109766819,0.5660375341473263,13.606632767457741,12.187760314759064,0.0,0.148360666300331,0.1,0.003122091293334961,0.05854940414428711,0.0495156,0.9424822,13.174939138852764,0.0,0.1464176190336745,0.0,300,0.028777360916137695,0.008736555555977734,0.004657198695601958,1186651,13.55537435493136,0.0
3978,3.1272835731506348,13.442639731254912,0.14973037270468073,13.637003803855622,13.22372167937581,0.0,0.14590264210154183,0.1,0.0030841827392578125,0.0582125186920166,0.049224865,1.9208683,13.20170919809298,0.0,0.15024188125368526,0.0,300,0.029865264892578125,0.003533287363647957,0.0012567692632901091,1186951,13.597613508695899,0.0
3979,3.0866613388061523,13.562643963130489,0.0468997354236953,13.61388835151662,13.486171413374867,0.0,0.14818668264675758,0.1,0.0031363964080810547,0.07913064956665039,0.049893666,1.0391587,13.23780267459673,0.0,0.1517665553567385,0.0,300,0.05796027183532715,0.0011230046615795138,0.0010360323769697055,1187251,13.519018201643428,0.0
3980,3.0673656463623047,13.279210854732586,0.2681467395211489,13.523651029355587,12.836871816961786,0.0,0.14290661641971758,0.1,0.0031719207763671875,0.062017202377319336,0.049880233,0.59675586,13.241943492610316,0.0,0.14812792754757514,0.0,300,0.029449939727783203,0.0015186959031387771,0.0008583134402522986,1187551,13.485398427877351,0.0
3981,3.0838606357574463,13.450744221775533,0.14562726816388372,13.57100188761566,13.204824700909295,0.0,0.15191957035533973,0.1,0.0036973953247070312,0.06320476531982422,0.050820418,0.78424644,13.262823565526839,0.0,0.15031389824547667,0.0,300,0.03155660629272461,0.001058927762129311,0.0007684747670931136,1187851,13.520298461111352,0.0
3982,3.0478219985961914,13.380587502079937,0.11583894607570061,13.526257194206552,13.20307082973697,0.0,0.1610752893932889,0.1,0.0033655166625976562,0.061630964279174805,0.04983771,0.9154243,13.274599959182149,0.0,0.14946657395740304,0.0,300,0.029074907302856445,0.0011774957972536426,0.0006021088481119641,1188151,13.471552345342282,0.0
3983,2.9707109928131104,13.267085802921189,0.1848509363090791,13.511107573824656,12.99056957942989,0.0,0.15119303178018775,0.1,0.003308534622192383,0.06308960914611816,0.049837586,1.0206805,13.273848543556053,0.0,0.14800524260962858,0.0,300,0.029433488845825195,0.0010126226592554524,0.0008715738189836279,1188451,13.550842050536453,0.0
3984,3.088836669921875,13.638208690863157,0.04981787900857421,13.690440558205852,13.563737995347886,0.0,0.1621407398860053,0.1,0.0034186840057373047,0.06290221214294434,0.049967468,0.7701242,13.310284558286764,0.0,0.15277055853167235,0.0,300,0.029908180236816406,0.0010005403052274005,0.0006954946532070286,1188751,13.520014196189654,0.0
3985,3.0202796459198,13.48122426501427,0.12091496915321771,13.687364119525757,13.393215709510795,0.0,0.158107427743307,0.1,0.0033228397369384766,0.06134939193725586,0.050286137,0.8731355,13.327378528959514,0.0,0.15075676849048023,0.0,300,0.03207135200500488,0.0009560039376076209,0.0007310965373186414,1189051,13.476757704957746,0.0
3986,3.0294456481933594,13.14250749600841,0.6497340526173964,13.541440490411393,12.017706629581586,0.0,0.15159616471637977,0.1,0.003261566162109375,0.061838388442993164,0.04987883,0.45875427,13.308891425664404,0.0,0.14636170471175614,0.0,300,0.029563188552856445,0.003072216307684348,0.0026781988977578933,1189351,13.456968868878443,0.0
3987,3.079561948776245,13.508959719747324,0.1111236486489019,13.61727124706654,13.327092829511468,0.0,0.1567542312277033,0.1,0.003290414810180664,0.06045389175415039,0.04971646,0.9949191,13.328898255072698,0.0,0.15107387348620455,0.0,300,0.030438661575317383,0.0014184743209371782,0.0007540573243604554,1189651,13.53643844855488,0.0
3988,3.0033488273620605,13.501143442761148,0.09738515975140083,13.623641352059117,13.37719295735467,0.0,0.15519021955921702,0.1,0.0032529830932617188,0.060690879821777344,0.049961414,0.7955948,13.346122773841543,0.0,0.15096199926455714,0.0,300,0.02929091453552246,0.00046036962523274163,0.0005202585202118331,1189951,13.510001521208075,0.0
3989,3.1130194664001465,13.478965372822675,0.18033714503389747,13.673915396218149,13.25157674264731,0.0,0.16252842694520803,0.1,0.0031235218048095703,0.08060359954833984,0.05248635,1.20938,13.359407033739656,0.0,0.15066301466944543,0.0,300,0.06477069854736328,0.0014090269861362888,0.0008982348804324952,1190251,13.342794158747822,0.0
3990,3.0929946899414062,12.504500548375908,1.800310590327738,13.652188652900447,9.388424929395438,0.0,0.14840635818514958,0.1,0.0031778812408447266,0.060494184494018555,0.050113235,0.26257902,13.27391638520328,0.0,0.13773818318717146,0.0,300,0.030735254287719727,0.006854768062473014,0.005180995551612637,1190551,13.541944711663321,0.0
3991,3.0932586193084717,13.445560582772842,0.10591844813024558,13.597395082332637,13.321902724181632,0.0,0.1562537890199876,0.1,0.0031387805938720703,0.06108522415161133,0.04998522,1.316003,13.291080804960236,0.0,0.15027692051490157,0.0,300,0.029416322708129883,0.0012941549019145936,0.0007645351444945001,1190851,13.651619799146319,0.0
3992,3.1160202026367188,13.390995263001095,0.3179582288953968,13.63494562919548,12.844598024787734,0.0,0.14881341207527493,0.1,0.003212451934814453,0.060376882553100586,0.049804766,1.045568,13.301072250764323,0.0,0.14961372890606034,0.0,300,0.06263184547424316,0.0012210391709734161,0.0011641708958427509,1191151,13.547345636310355,0.0
3993,3.08290696144104,13.448991967345847,0.17239280269994853,13.613616108252586,13.165889843317796,0.0,0.14694690342837818,0.1,0.0031976699829101562,0.05941009521484375,0.04991593,0.80895525,13.315864222422476,0.0,0.15033541756084595,0.0,300,0.029091596603393555,0.0011060905446002337,0.0007775605057581722,1191451,13.523102767395036,0.0
3994,3.1208860874176025,13.480511761555169,0.09858828268947,13.627380291128539,13.38731377038226,0.0,0.16358013232686353,0.1,0.0035767555236816406,0.06173086166381836,0.049785595,0.77708447,13.332328976335745,0.0,0.15074170706700188,0.0,300,0.03149008750915527,0.0013899780974463518,0.0009103366971678666,1191751,13.699353465490931,0.0
3995,3.0754554271698,13.333105865044837,0.19926079677009964,13.606820793917725,13.081597191833906,0.0,0.16968717575849895,0.1,0.003432035446166992,0.10523366928100586,0.050042283,0.6602892,13.332406665206655,0.0,0.14875833609329847,0.0,300,0.04659628868103027,0.0008364612896939018,0.0007934986094065244,1192051,13.319638150308378,0.0
3996,3.070774793624878,13.43172112700406,0.13539562239283776,13.59648492415895,13.288791007063077,0.0,0.146636595554474,0.1,0.005538225173950195,0.0924224853515625,0.050179288,2.9543486,13.342338111386397,0.0,0.1501148523480038,0.0,300,0.029651880264282227,0.0006389485453136691,0.0005684446274226794,1192351,13.514837548288087,0.0
3997,3.0645413398742676,13.554425868236656,0.017298012780404066,13.579467540145725,13.53697196614229,0.0,0.15237681051603083,0.1,0.0034105777740478516,0.0611569881439209,0.05116694,1.4275676,13.363546887071422,0.0,0.15174963056467722,0.0,300,0.029872894287109375,0.0005592656884188758,0.00042709623564341664,1192651,13.396183145047265,0.0
3998,3.025777816772461,13.493297362952745,0.15391722627745238,13.605675939390768,13.228453036305414,0.0,0.1501428992506179,0.1,0.003310680389404297,0.059778451919555664,0.049963616,0.7447898,13.376521934659555,0.0,0.15091940651980532,0.0,300,0.02980804443359375,0.0004872311240613858,0.00037369592747338326,1192951,13.535561909141071,0.0
3999,3.0140511989593506,13.356570664047245,0.15975985365337528,13.474045981327833,13.081403412799336,0.0,0.16075011532421246,0.1,0.003291606903076172,0.05976676940917969,0.049510688,0.868759,13.374526807598325,0.0,0.14905860524352732,0.0,300,0.029181957244873047,0.0006453592581043644,0.0004902239374178272,1193251,13.600566882509165,0.0
4000,3.0398857593536377,13.480089928864613,0.21288597379876897,13.637670588553702,13.11398995497513,0.0,0.1492981773953255,0.1,0.003123760223388672,0.059006690979003906,0.049914706,0.82890046,13.385083119724955,0.0,0.1507531216659161,0.0,300,0.027668476104736328,0.0007369462099553571,0.000426104354958387,1193551,13.582779555577574,0.0
4001,3.0228776931762695,13.431670332131002,0.13477995136245538,13.575078333779249,13.210967721632715,0.0,0.15137604780419103,0.1,0.0031366348266601562,0.06167793273925781,0.04985176,1.1412934,13.389741840965561,0.0,0.15011406237589361,0.0,300,0.030102968215942383,0.0004513469426830498,0.0003366490998891414,1193851,13.625982341555265,0.0
4002,3.1206717491149902,13.490083976390817,0.04957500090425197,13.54842431644332,13.412423456574684,0.0,0.16307258321800827,0.1,0.00522923469543457,0.07439947128295898,0.049429357,0.6901246,13.399776054508088,0.0,0.15087280279422233,0.0,300,0.030627965927124023,0.000494048604110008,0.0004018733209684582,1194151,13.56583450156196,0.0
4003,3.130641460418701,13.458653438124129,0.13763724032248303,13.61106863947322,13.235707740309655,0.0,0.16088230335716777,0.1,0.0032989978790283203,0.134324312210083,0.049924355,0.8047962,13.405663792869692,0.0,0.15044475388707698,0.0,300,0.029653310775756836,0.0006224826518085997,0.0005390010506047058,1194451,13.590388043642454,0.0
4004,3.0593695640563965,13.562274352330789,0.022722780792295554,13.581874673023895,13.523711707130715,0.0,0.16151873132452002,0.1,0.0032105445861816406,0.05865883827209473,0.049851395,1.7803972,13.421324848815802,0.0,0.15173664814174098,0.0,300,0.032137393951416016,0.0004931692170831904,0.00032674699858240415,1194751,13.453917818980065,0.0
4005,3.0503294467926025,13.484136076432575,0.10595470158462611,13.606093781553191,13.37090795440857,0.0,0.14715263956033145,0.1,0.0030977725982666016,0.06099700927734375,0.04907412,1.9407942,13.42760597157748,0.0,0.15083355926944408,0.0,300,0.030707120895385742,0.0004504046093462996,0.00038826012400968086,1195051,13.520270298727349,0.0
4006,3.5519936084747314,13.34850298503202,0.2727963911339481,13.663913157307764,12.91256759691964,0.0,0.1553797764751252,0.1,0.0028982162475585938,0.06090378761291504,0.049503706,0.8150437,13.419695672922934,0.0,0.14906134713357821,0.0,300,0.029839038848876953,0.0013864770204329083,0.0009026055008203187,1195351,13.608411742986865,0.0
4007,3.018024444580078,13.175177032840601,0.47700383078633585,13.54380337288361,12.36233250937384,0.0,0.14117176740170384,0.1,0.0036156177520751953,0.13172507286071777,0.050017834,0.5093488,13.395243808914701,0.0,0.14680553848192424,0.0,300,0.0334935188293457,0.0007313185119429205,0.0007016768620293498,1195651,13.619940942904627,0.0
4008,3.0627222061157227,13.388641676974864,0.2282975184031605,13.619148540623456,13.018340604236272,0.0,0.15535491859209852,0.1,0.0032563209533691406,0.061035871505737305,0.04942916,2.0356064,13.394583595720718,0.0,0.14951769991771355,0.0,300,0.02921128273010254,0.0010490212921028625,0.0006761882359600862,1195951,13.59583857636886,0.0
4009,3.0335299968719482,13.490509387483836,0.05413987323413788,13.579528785898617,13.441846002898478,0.0,0.15868367041820003,0.1,0.003233194351196289,0.05938243865966797,0.049568817,0.8549345,13.40417617489703,0.0,0.1508283453134188,0.0,300,0.02997732162475586,0.000989362480696015,0.0008154474249811108,1196251,13.602304525312546,0.0
4010,3.0291409492492676,13.499775043352813,0.07247434547003402,13.597108627601255,13.41855138364453,0.0,0.15434062875506369,0.1,0.0031566619873046875,0.05952334403991699,0.050063077,0.74486643,13.41373606174261,0.0,0.15098416165811368,0.0,300,0.029052019119262695,0.0005419746796918078,0.0004127960280605123,1196551,13.45412744385934,0.0
4011,3.0921218395233154,13.517061456745717,0.14194368737896004,13.709665326731463,13.375519485129225,0.0,0.16095655217214305,0.1,0.0035119056701660156,0.0633549690246582,0.049972776,0.77898365,13.42406860124292,0.0,0.15117792799091256,0.0,300,0.05741548538208008,0.00047471888715665527,0.00043984367574204504,1196851,13.415981666364218,0.0
4012,3.0072920322418213,13.40837553138085,0.10232260160143149,13.560393209086913,13.289997724752538,0.0,0.1534417431587328,0.1,0.003650665283203125,0.11382079124450684,0.05052573,0.5729253,13.422499294256713,0.0,0.14972754343475742,0.0,300,0.030072450637817383,0.0003245283528647335,0.0002785918012107033,1197151,13.377919054748643,0.0
4013,3.08502459526062,13.52684604914308,0.08087611331261128,13.623451356619583,13.42976845379857,0.0,0.1581455912505286,0.1,0.003262042999267578,0.06322860717773438,0.050187018,0.87341267,13.43293396974535,0.0,0.1513237217976274,0.0,300,0.029442310333251953,0.00031499961387076764,0.0002825996777924445,1197451,13.577720492384145,0.0
4014,3.030001640319824,13.458903637632606,0.08398947103598844,13.585836760522016,13.360088269818712,0.0,0.16231158320606517,0.1,0.003306150436401367,0.08383345603942871,0.049711328,0.71143126,13.435530936534075,0.0,0.15037961600059319,0.0,300,0.05906081199645996,0.00033007360159781536,0.00027213092813072916,1197751,13.465504211975144,0.0
4015,3.058627128601074,13.439588689796546,0.1770770833748558,13.580642785879764,13.135864228983706,0.0,0.15034320063661524,0.1,0.0033032894134521484,0.06037545204162598,0.050343253,1.2186904,13.435936711860323,0.0,0.1502688107256745,0.0,300,0.03223252296447754,0.0005816381303734255,0.0004830444509328292,1198051,13.420739376686848,0.0
4016,3.0851001739501953,13.488472316949684,0.06379078413006764,13.579862118605474,13.421706080694241,0.0,0.16294380212008164,0.1,0.003240823745727539,0.08461856842041016,0.04995972,0.9318574,13.44119027236926,0.0,0.15084131830619152,0.0,300,0.05954480171203613,0.00048062287298668185,0.00037424321030276214,1198351,13.472964443734584,0.0
4017,3.0886852741241455,13.445182364623204,0.08008956118172184,13.541574652858298,13.320697503691001,0.0,0.16024202754918576,0.1,0.004782915115356445,0.06345915794372559,0.050030332,0.67188156,13.441589481594654,0.0,0.15023954174200554,0.0,300,0.0293729305267334,0.0006827770627006182,0.0006663403360403061,1198651,13.615289270199353,0.0
4018,3.0317201614379883,13.45049834689197,0.2620659117159339,13.64168300612984,13.002613123772186,0.0,0.15774362433262398,0.1,0.00324249267578125,0.12122988700866699,0.0496794,0.51967216,13.442480368124386,0.0,0.150303472236765,0.0,300,0.029961824417114258,0.000833323223800598,0.0005759991770923215,1198951,13.505785032086797,0.0
4019,3.0931525230407715,13.530871930350976,0.041538285302231866,13.576698254550724,13.478014202092911,0.0,0.1585317589574332,0.1,0.003145456314086914,0.05987405776977539,0.050028276,1.0292683,13.451319524347046,0.0,0.15144039188642794,0.0,300,0.029061317443847656,0.0008365631393875269,0.0004693770121627522,1199251,13.55353246161104,0.0
4020,3.072950839996338,12.608986501085598,1.4898616785634724,13.628448742644837,10.041027786558963,0.0,0.14625879320588123,0.1,0.0030913352966308594,0.05988740921020508,0.049726486,0.42664087,13.367086222020902,0.0,0.13910852943969118,0.0,300,0.028475284576416016,0.004460868668829924,0.0037598065760055207,1199551,13.594942617656748,0.0
4021,3.066460609436035,12.988504216505914,0.7348562955517506,13.605970352910822,11.738426309384943,0.0,0.15439141531245432,0.1,0.0030975341796875,0.058780670166015625,0.049839098,0.5100454,13.329228021469403,0.0,0.1443667981082392,0.0,300,0.028456687927246094,0.0033724481047360177,0.003048586741226409,1199851,13.420616726438885,0.0
4022,3.0702314376831055,13.504958162342689,0.068680812736147,13.605091191561906,13.413407819220291,0.0,0.16013950842185407,0.1,0.0030336380004882812,0.06521224975585938,0.05017392,0.8775174,13.34680103555673,0.0,0.15103594218372168,0.0,300,0.03664350509643555,0.001982311884435532,0.0010690259069964557,1200151,13.403342297874937,0.0
4023,2.9879934787750244,13.546830611698176,0.04155631501566553,13.593494603897264,13.498490773807013,0.0,0.15115948079681774,0.1,0.005281925201416016,0.06113624572753906,0.04962914,1.2303109,13.366803993170874,0.0,0.15159426129972625,0.0,300,0.02962327003479004,0.0008329142664618603,0.0006793143798328584,1200451,13.473965086256072,0.0
4024,3.0237488746643066,13.479432221590901,0.03845972042503727,13.529660457868411,13.424210300430895,0.0,0.15117255915201094,0.1,0.003472566604614258,0.05992555618286133,0.049919464,0.69935346,13.378066816012877,0.0,0.15069958949248582,0.0,300,0.031225204467773438,0.0006564841365396375,0.0004469065719045662,1200751,13.630881103452746,0.0
4025,3.1455307006835938,13.433136170928165,0.15454373077819555,13.56880419950472,13.171313673033367,0.0,0.15834099335024734,0.1,0.0033042430877685547,0.06073355674743652,0.050137825,0.64696795,13.383573751504406,0.0,0.1501340901872812,0.0,300,0.05844569206237793,0.0007212115696952,0.0006058415412377198,1201051,13.464846727909176,0.0
4026,3.1066842079162598,13.022242179867945,0.6048120700847094,13.442539278559611,11.977580446105032,0.0,0.15362412760378286,0.1,0.003242015838623047,0.05993366241455078,0.050074343,0.7738819,13.34744059434076,0.0,0.14482756856745505,0.0,300,0.028783321380615234,0.0031569413861554396,0.0024945768163005698,1201351,13.338362602214701,0.0
4027,3.058295249938965,13.473028605757811,0.0958107625919492,13.622673408073215,13.356245052073449,0.0,0.16265364455927545,0.1,0.0031833648681640625,0.06080365180969238,0.04999855,0.6150143,13.359999395482465,0.0,0.1505933654927085,0.0,300,0.02917790412902832,0.003290427106030433,0.0015271705985884692,1201651,13.456960874926976,0.0
4028,3.110745906829834,13.478045253532917,0.13096752500964146,13.623970897114619,13.271682348838372,0.0,0.14001196135255434,0.1,0.0032715797424316406,0.11924886703491211,0.04978169,1.3493544,13.37180398128751,0.0,0.15070339237876848,0.0,300,0.028780221939086914,0.00118773230497333,0.0006394254936183139,1201951,13.5678472937426,0.0
4029,3.0487945079803467,13.292898090496264,0.2132094723748156,13.539170319158975,12.952066681616305,0.0,0.15088507650299177,0.1,0.0033249855041503906,0.059556007385253906,0.05004034,0.77390856,13.363913392208385,0.0,0.1483232346878441,0.0,300,0.028855085372924805,0.000860521910247559,0.0007230393959259018,1202251,13.610506862403946,0.0
4030,3.1000523567199707,13.451559000462312,0.05781616426466835,13.512429124199777,13.358524810826097,0.0,0.1658035239373131,0.1,0.0034079551696777344,0.0933694839477539,0.05010874,0.87767446,13.372677953033778,0.0,0.15035428270799328,0.0,300,0.028905391693115234,0.0007173059326984589,0.0005174976632986984,1202551,13.465329022040663,0.0
4031,3.1274609565734863,13.483321345536083,0.1029254273054514,13.578535853274097,13.316166737794711,0.0,0.16603883351456467,0.1,0.003221273422241211,0.06084012985229492,0.05006399,0.7998429,13.383742292284008,0.0,0.1507868158668532,0.0,300,0.030192852020263672,0.0006660615489070023,0.0005563508527457317,1202851,13.537708979654198,0.0
4032,3.145094156265259,13.515119276566171,0.06922721996298603,13.5838945403299,13.405265198253776,0.0,0.15980229575592098,0.1,0.0032722949981689453,0.10274052619934082,0.049963508,0.60869557,13.396879990712225,0.0,0.15120364441385786,0.0,300,0.028702974319458008,0.0005016744468098872,0.00045556703000272994,1203151,13.647617480942044,0.0
4033,3.142254114151001,13.592694636813556,0.03810666884262346,13.647592919773647,13.54311007341594,0.0,0.1598953079218872,0.1,0.006410121917724609,0.06888842582702637,0.050022833,0.6116831,13.41646145532236,0.0,0.1522020656635093,0.0,300,0.02943873405456543,0.0005285797692967334,0.0003622633823441727,1203451,13.48115426053284,0.0
4034,3.092902183532715,13.555131727904469,0.05802945539628136,13.621549087439913,13.471182162694014,0.0,0.15856695586610875,0.1,0.0032329559326171875,0.06073307991027832,0.049946155,0.80878085,13.43032848258057,0.0,0.15167939700809518,0.0,300,0.028223514556884766,0.0005477442446887681,0.000361060654284285,1203751,13.5852684625269,0.0
4035,3.0842912197113037,13.394546687853577,0.09697675916398306,13.535430140653325,13.297068563461213,0.0,0.15530439909231777,0.1,0.0031630992889404297,0.06411433219909668,0.050064865,0.8236458,13.426750303107871,0.0,0.1496100331984473,0.0,300,0.03579401969909668,0.00032465996361073703,0.00028160519807785917,1204051,13.621149779177793,0.0
4036,3.1857481002807617,13.395024402321582,0.267209891039458,13.614978016662086,12.944574988809382,0.0,0.14447937446658848,0.1,0.003087759017944336,0.06158709526062012,0.049670044,0.9892153,13.423577713029243,0.0,0.14958028145321348,0.0,300,0.02938365936279297,0.0006510866048711443,0.0005044441340841214,1204351,13.417793489705192,0.0
4037,3.122714042663574,13.55774197636832,0.11681255205348988,13.717057780962037,13.445498949985772,0.0,0.15724935128464768,0.1,0.0031883716583251953,0.06014537811279297,0.050012007,0.63637364,13.43699413936315,0.0,0.15173110269767726,0.0,300,0.030991554260253906,0.0005065604374106221,0.0004046851729567449,1204651,13.515870108374768,0.0
4038,3.116363763809204,13.367783779420376,0.13355055885035333,13.484628106671275,13.145616470046512,0.0,0.1668208501914531,0.1,0.0031096935272216797,0.059455156326293945,0.050311446,0.7136653,13.430073103368873,0.0,0.14931727101986653,0.0,300,0.029179811477661133,0.000953692396498797,0.0007457152305949724,1204951,13.508231525973756,0.0
4039,3.1122829914093018,13.34040506331228,0.15125033506332747,13.503194875306999,13.173899522802818,0.0,0.1453440579763426,0.1,0.0030951499938964844,0.05987811088562012,0.049676675,0.867949,13.421106299363213,0.0,0.14894615854590107,0.0,300,0.029169797897338867,0.000896893620022715,0.0005753319243701963,1205251,13.67795726583685,0.0
4040,3.0678157806396484,13.158446754546487,0.2582773748911563,13.538238416036448,12.81806837297247,0.0,0.1576464163354435,0.1,0.006634712219238281,0.12407588958740234,0.050059456,1.0606185,13.39484034488154,0.0,0.1464845461182996,0.0,300,0.03432321548461914,0.0010217073937176095,0.0007374139912340233,1205551,13.448403024428549,0.0
4041,3.1875672340393066,13.481533506873966,0.1343917207898954,13.64792352514334,13.278053783840079,0.0,0.168467577862247,0.1,0.0033593177795410156,0.06206512451171875,0.05020489,0.634306,13.403509661080784,0.0,0.15077296676585347,0.0,300,0.02952265739440918,0.0006337552318995958,0.00043901581293382926,1205851,13.535735072304199,0.0
4042,3.1755869388580322,13.591669403019608,0.00848780982912362,13.605036809278083,13.581561240242722,0.0,0.16108570261846358,0.1,0.0034568309783935547,0.07112860679626465,0.05008125,0.8905713,13.422325635274667,0.0,0.1521855978227353,0.0,300,0.06787610054016113,0.00038954830368925655,0.00032474098362036746,1206151,13.515218901378766,0.0
4043,3.0823566913604736,13.53655276051009,0.0784392895477557,13.661138837622289,13.451264433864411,0.0,0.16740135169390372,0.1,0.0035500526428222656,0.06250429153442383,0.04993965,0.94521374,13.433748347798211,0.0,0.15143510300832094,0.0,300,0.029572486877441406,0.0006413646681795399,0.00045392987055104157,1206451,13.402533595771795,0.0
4044,3.023226737976074,12.927145927827265,1.032760905199158,13.591362663133141,11.139861367136323,0.0,0.14830996860861054,0.1,0.0033004283905029297,0.12627744674682617,0.049665593,0.4289094,13.383088105801116,0.0,0.14356349225129592,0.0,300,0.02975010871887207,0.005173574769952631,0.003997507997191244,1206751,13.43208553980791,0.0
4045,3.164780616760254,13.558986260360774,0.049073736874756885,13.642352464477945,13.51846963886132,0.0,0.16675277044263026,0.1,0.012794733047485352,0.06744194030761719,0.05017577,0.5826842,13.400677921257083,0.0,0.15175081661947587,0.0,300,0.030876636505126953,0.002146671416817532,0.001285241599054936,1207051,13.511853664607491,0.0
4046,3.0519819259643555,13.413131514777678,0.06045473811178599,13.496774335596662,13.344487500077085,0.0,0.14672240667700784,0.1,0.0055272579193115234,0.060064077377319336,0.049948394,0.9760496,13.401923280609143,0.0,0.1498094104243886,0.0,300,0.029580116271972656,0.001843022825546162,0.0011977090371140312,1207351,13.597590906543664,0.0
4047,3.1259825229644775,13.340021212455966,0.19214215143091593,13.560944687880738,13.031933068502502,0.0,0.1510855547763192,0.1,0.003108501434326172,0.06103324890136719,0.050128117,0.64875686,13.395733073793826,0.0,0.1488569985999118,0.0,300,0.03285813331604004,0.0009423196518555856,0.000521733064180957,1207651,13.524503446786106,0.0
4048,3.0959925651550293,13.395937389636375,0.1799222545314834,13.616944119943879,13.126642404213214,0.0,0.15619533707137362,0.1,0.009269237518310547,0.06543874740600586,0.050111953,0.67636174,13.395753505378082,0.0,0.14961773123217775,0.0,300,0.029726505279541016,0.0009287216135987211,0.000625077357813402,1207951,13.477183012720502,0.0
4049,3.1429927349090576,13.366285032705884,0.1618426144115032,13.62641256851884,13.203251358886932,0.0,0.143672806897331,0.1,0.003152132034301758,0.05915951728820801,0.050348055,1.7329634,13.392806658110862,0.0,0.14921738325238842,0.0,300,0.030350208282470703,0.0007746435702149165,0.0008208376434248023,1208251,13.587327950721352,0.0
4050,3.109466075897217,13.20082936773921,0.4600779187989352,13.555069812327213,12.418171274529303,0.0,0.14713013470220096,0.1,0.0032689571380615234,0.12356376647949219,0.050109908,0.88960797,13.373608929073697,0.0,0.14712842856555175,0.0,300,0.029862642288208008,0.0020642155599028145,0.0014387298736413146,1208551,13.558852451938856,0.0
4051,3.1410906314849854,13.54296768191757,0.04466598608324143,13.60030612297907,13.47785605750465,0.0,0.1682675073039617,0.1,0.01198577880859375,0.12735295295715332,0.049723603,0.8859515,13.390544804358084,0.0,0.15152375426136988,0.0,300,0.029199600219726562,0.0011198491495313777,0.0008810413897706446,1208851,13.463645637993054,0.0
4052,3.0935897827148438,13.615561370421506,0.03850662259373953,13.66800702348941,13.576775164430599,0.0,0.15823987641517803,0.1,0.003183603286743164,0.05818367004394531,0.049073186,0.5619751,13.413046460964427,0.0,0.1524902608230498,0.0,300,0.034662723541259766,0.0006068295026167165,0.00030934378362230177,1209151,13.485394375092705,0.0
4053,3.0820209980010986,13.506367981640434,0.12705490306092845,13.641851276233192,13.308893527422109,0.0,0.15039077376130594,0.1,0.0075452327728271484,0.11365509033203125,0.050164044,0.71010506,13.422378613032027,0.0,0.15109101972284636,0.0,300,0.029909610748291016,0.0007878839196950462,0.0008068304145134111,1209451,13.552602568775498,0.0
4054,3.0963077545166016,13.476506292820607,0.08172490240002464,13.591261514848961,13.367324134865562,0.0,0.15723621652540487,0.1,0.0034847259521484375,0.06685352325439453,0.050242867,1.081225,13.427791381010886,0.0,0.15064652427251474,0.0,300,0.06658244132995605,0.0008239228567810383,0.00047925661620280163,1209751,13.549072092451661,0.0
4055,3.0318782329559326,13.331746181812207,0.3651783323764346,13.561725028994827,12.699964313359388,0.0,0.1505567043899308,0.1,0.0034170150756835938,0.06436610221862793,0.050226033,0.5484651,13.41818686109102,0.0,0.14882858216691394,0.0,300,0.029863357543945312,0.0015215160693406392,0.0011200105333226476,1210051,13.588134351146872,0.0
4056,3.1106984615325928,13.528900410564091,0.06259636345515991,13.600887974971892,13.443749429545226,0.0,0.15211807934734725,0.1,0.003351449966430664,0.06258344650268555,0.0498312,1.1580881,13.429258216038328,0.0,0.15138522621787498,0.0,300,0.029729604721069336,0.0006647184573250174,0.0005393395983884399,1210351,13.595463855925951,0.0
4057,3.1341967582702637,13.475358406938323,0.04897711697698004,13.552648813752908,13.422054848536309,0.0,0.16555500004421508,0.1,0.003324270248413086,0.062067508697509766,0.050018005,0.63542336,13.433868235128326,0.0,0.15065152950387212,0.0,300,0.029628753662109375,0.00027506630596185185,0.0002693796661705633,1210651,13.53799083796929,0.0
4058,3.065061330795288,13.569207481933287,0.08055532657293427,13.66287319806516,13.449643359497495,0.0,0.18417909647853845,0.1,0.0033147335052490234,0.061467647552490234,0.050069015,0.55807465,13.447402159808822,0.0,0.15190382310611222,0.0,300,0.029518604278564453,0.0006132778181876323,0.0005076988419930221,1210951,13.454335032773086,0.0
4059,3.105271100997925,13.467659493095196,0.07499757308872652,13.559232856638845,13.350692585183715,0.0,0.15420717946024384,0.1,0.0033562183380126953,0.07444524765014648,0.049938504,0.8754235,13.44942789313746,0.0,0.15053365923361145,0.0,300,0.02882671356201172,0.0007838950940033591,0.0006583144781610728,1211251,13.59041862576803,0.0
4060,3.1308481693267822,13.46778946400779,0.0647707051191864,13.549678164811022,13.402986183050295,0.0,0.16297431104594207,0.1,0.0030107498168945312,0.14327263832092285,0.050408203,0.69885284,13.451264050224491,0.0,0.15057888392195384,0.0,300,0.03127646446228027,0.0007188936062216544,0.0005948445002703306,1211551,13.530327781200127,0.0
4061,3.1732068061828613,13.503469732777527,0.05828263481926409,13.602638119791761,13.4590568956619,0.0,0.15563242852190345,0.1,0.0031032562255859375,0.09396672248840332,0.049908817,0.6696866,13.456484618479795,0.0,0.1510144741406319,0.0,300,0.029111623764038086,0.000405824556397254,0.0003122903094170191,1211851,13.33520566176268,0.0
4062,3.169109344482422,13.470907800546176,0.11092366346354907,13.640881053489277,13.330759992669657,0.0,0.1616856689510638,0.1,0.010215997695922852,0.10101437568664551,0.05021563,0.8671301,13.457926936686434,0.0,0.15066272244835238,0.0,300,0.029218673706054688,0.0006453065653244244,0.0005076824344127969,1212151,13.375890379785298,0.0
4063,3.1061465740203857,13.516921801719633,0.07807048006775744,13.631587823320391,13.433722054593735,0.0,0.15617184751397067,0.1,0.003247976303100586,0.0995934009552002,0.049912803,0.699779,13.463826423189754,0.0,0.15120622168817532,0.0,300,0.04732322692871094,0.0005306423100837405,0.00042861450068894984,1212451,13.58493064503339,0.0
4064,3.150238513946533,13.47192576945212,0.1166111943771272,13.582573807199605,13.279673431153611,0.0,0.1571394989406217,0.1,0.003316164016723633,0.06270122528076172,0.04993957,1.2009585,13.46463635781599,0.0,0.15056485334730405,0.0,300,0.029986143112182617,0.0009307144584104214,0.000650846951322454,1212751,13.425785648572635,0.0
4065,3.1422007083892822,13.319243260879102,0.3563698213648187,13.597078793908201,12.706991077965373,0.0,0.15836297090096288,0.1,0.003088712692260742,0.05871105194091797,0.050078876,0.52433556,13.450097048122302,0.0,0.14886756717439747,0.0,300,0.02884674072265625,0.002182766493440996,0.0018808798252463238,1213051,13.446767168745914,0.0
4066,3.0840117931365967,13.458773658320613,0.0755155000095593,13.56968254780376,13.356641979355771,0.0,0.16302101038996553,0.1,0.0034723281860351562,0.06057548522949219,0.04966117,0.7829236,13.450964709142134,0.0,0.15043420856935222,0.0,300,0.03131604194641113,0.0008551267800493438,0.0005527155486356458,1213351,13.594443119218376,0.0
4067,3.073719024658203,13.48572328864481,0.08063828290911934,13.596854921216007,13.387185017350701,0.0,0.16251762909571518,0.1,0.0033948421478271484,0.07562065124511719,0.050050028,0.64288044,13.454440567092403,0.0,0.15078113651059943,0.0,300,0.02933526039123535,0.0008588409320800445,0.0005915042825772603,1213651,13.579458467694574,0.0
4068,3.0444142818450928,13.523927574186203,0.09229879391951185,13.679712956380083,13.438732590442699,0.0,0.15774205216687912,0.1,0.0035467147827148438,0.12817668914794922,0.050460327,1.1943575,13.461389267801783,0.0,0.15128624654156803,0.0,300,0.03196907043457031,0.0010858886754178763,0.0008690975834891564,1213951,13.59839738365853,0.0
4069,3.061203956604004,13.44428600921092,0.08351058196804054,13.553674963792485,13.31976427520892,0.0,0.16287400663370508,0.1,0.003339052200317383,0.059782981872558594,0.05015472,0.6974706,13.459678941942698,0.0,0.15022580939574318,0.0,300,0.029815196990966797,0.0009891145602283146,0.0007599208339988475,1214251,13.460317429680051,0.0
4070,3.0530288219451904,13.439774328924809,0.07374272780839952,13.558126695228493,13.359857594066462,0.0,0.15749486293024717,0.1,0.003298521041870117,0.13272571563720703,0.049865518,0.74419963,13.457688480640911,0.0,0.15013915933246635,0.0,300,0.029761314392089844,0.0010060352844325083,0.0006210453754801657,1214551,13.589104696910164,0.0
4071,3.0866591930389404,13.431873840047045,0.13168715432827102,13.567221687361092,13.236774344265843,0.0,0.15644911905038747,0.1,0.0032629966735839844,0.060271263122558594,0.04981757,1.1544597,13.455107016581524,0.0,0.1501482912074304,0.0,300,0.029055356979370117,0.0006829360434017328,0.00047795336347774,1214851,13.525955773303503,0.0
4072,3.053976058959961,13.470432780556965,0.017094924518647536,13.497754594977385,13.450669095167182,0.0,0.15991617919535778,0.1,0.003183603286743164,0.0612034797668457,0.04986835,0.89648354,13.456639592979068,0.0,0.15058253995209017,0.0,300,0.029329538345336914,0.0005228289424672845,0.00047082785613714343,1215151,13.52559214980458,0.0
4073,3.056309938430786,13.216682885412705,0.29201964099086436,13.424050796471228,12.714014499109444,0.0,0.15527000007248884,0.1,0.0030679702758789062,0.06183123588562012,0.050068367,0.7874174,13.432643922222432,0.0,0.147349929192416,0.0,300,0.028963804244995117,0.0011124732370031815,0.0009819313805752542,1215451,13.54897416797988,0.0
4074,3.149409770965576,13.441310533099859,0.037419435688588146,13.499625399377102,13.400135421443137,0.0,0.1638964687834256,0.1,0.0030975341796875,0.061682701110839844,0.050130434,0.80027425,13.433510583310175,0.0,0.15019728077888195,0.0,300,0.02915501594543457,0.0012264121130642698,0.0008911792183762909,1215751,13.439298902448163,0.0
4075,3.114380359649658,13.489078041968561,0.06365645937516166,13.59331466880862,13.427894173573872,0.0,0.15282115737234722,0.1,0.0032405853271484375,0.09299540519714355,0.04982628,0.953652,13.439067329176016,0.0,0.15085565846578716,0.0,300,0.030283212661743164,0.0004927086399034489,0.00043077030090555495,1216051,13.556649685024363,0.0
4076,3.0847084522247314,13.51293648517843,0.05374738145165098,13.600339200568683,13.46796069754718,0.0,0.16254193496305494,0.1,0.0032858848571777344,0.059252023696899414,0.049847763,0.6466774,13.446454244776259,0.0,0.1511484743709204,0.0,300,0.04804348945617676,0.0005475084485022581,0.0004555786390085173,1216351,13.498837189000538,0.0
4077,3.2010090351104736,13.427219682981264,0.06538408885357412,13.513399400424952,13.343914768195276,0.0,0.15273370649697507,0.1,0.0030167102813720703,0.05869913101196289,0.049910095,0.946455,13.44453078859676,0.0,0.15009195519023696,0.0,300,0.028879165649414062,0.0003635671953942585,0.0003335423799290345,1216651,13.548840953727165,0.0
4078,3.150360107421875,13.517493605900075,0.023145462528572233,13.555094330088941,13.492364119394177,0.0,0.1574962321156862,0.1,0.003062725067138672,0.06972455978393555,0.049951226,0.9762429,13.451827070327091,0.0,0.1512375759595381,0.0,300,0.02949690818786621,0.0004384820090215979,0.00037047179100861043,1216951,13.482685929469929,0.0
4079,3.1101529598236084,13.329925376773682,0.22555389170053594,13.588076488399276,12.982478963705622,0.0,0.15646827680962408,0.1,0.0034477710723876953,0.06078314781188965,0.049877103,0.51357687,13.43963690097175,0.0,0.14871441712005048,0.0,300,0.0708320140838623,0.0009094702659471199,0.0006170790580671949,1217251,13.638230230762675,0.0
4080,3.028977155685425,13.362112017390613,0.34673560459523395,13.604891818549133,12.766240487208558,0.0,0.134477989446554,0.1,0.003141164779663086,0.06301236152648926,0.04841704,9.382497,13.431884412613638,0.0,0.14908637828434423,0.0,300,0.029333829879760742,0.0009406467696634862,0.0006047813726115355,1217551,13.596436884601873,0.0
4081,3.0115370750427246,13.355671916288367,0.21538273706807906,13.554987846088052,13.000658385118427,0.0,0.15704289497364507,0.1,0.003239154815673828,0.06317710876464844,0.050073344,1.0818666,13.424263162981111,0.0,0.14913962924737437,0.0,300,0.029148101806640625,0.001424473491260625,0.0013459395142477921,1217851,13.425292299944914,0.0
4082,3.021352767944336,13.553509972192199,0.10584544244908332,13.655361487066699,13.397531202524899,0.0,0.15898587137795095,0.1,0.006530046463012695,0.10811543464660645,0.049630526,0.7912996,13.43718784390222,0.0,0.1516893503782615,0.0,300,0.02921319007873535,0.0007070815040678887,0.0006076474003434091,1218151,13.566356775004273,0.0
4083,3.0467755794525146,13.46303436381713,0.10445989921919674,13.577892611630658,13.31633220952274,0.0,0.15988955294333881,0.1,0.0032172203063964844,0.061696767807006836,0.05024701,0.57335126,13.439772495893713,0.0,0.15048008447360933,0.0,300,0.041616201400756836,0.00047234500000854676,0.00039218976898560516,1218451,13.559059191998188,0.0
4084,3.0797338485717773,13.383432084931268,0.1992348056880099,13.629780146116556,13.079286232896411,0.0,0.15631332650312613,0.1,0.0032491683959960938,0.06434321403503418,0.05013788,0.9915561,13.43413845479747,0.0,0.14940899007605513,0.0,300,0.02965068817138672,0.0005895950277059437,0.0005007449216880859,1218751,13.573588471360729,0.0
4085,3.100693941116333,13.157574148417313,0.6038930659355579,13.584861236958343,12.115159934433391,0.0,0.1561881419278481,0.1,0.0032296180725097656,0.06103157997131348,0.050888985,1.0347934,13.406482024159455,0.0,0.14645356260677977,0.0,300,0.029430627822875977,0.0016893489617097674,0.0014953762432297704,1219051,13.474012760172263,0.0
4086,3.113511800765991,13.485244280470262,0.09615492694014129,13.606896593466846,13.346984402326116,0.0,0.1588148709992106,0.1,0.003262758255004883,0.06381893157958984,0.04983825,0.7450348,13.414358249790537,0.0,0.15081025902232487,0.0,300,0.02947378158569336,0.002176166351257407,0.001449478348540912,1219351,13.476394544711681,0.0
4087,3.149655818939209,13.397022475475515,0.12520560853480256,13.56364619686095,13.217693362271014,0.0,0.1586675539083005,0.1,0.003217935562133789,0.060254573822021484,0.050202515,0.7488547,13.412624672359035,0.0,0.14963235713025164,0.0,300,0.029524803161621094,0.00184682861766422,0.0011074440459616173,1219651,13.444718516403205,0.0
4088,3.0745091438293457,13.42160864114992,0.13270128096356362,13.540482263737937,13.209022896598302,0.0,0.16356672900367858,0.1,0.003080129623413086,0.11637234687805176,0.04990358,0.84618175,13.413523069238124,0.0,0.14994635800553574,0.0,300,0.029669523239135742,0.0014086557870292323,0.0008244965074946701,1219951,13.402214703838233,0.0
4089,3.152360439300537,13.128993072356417,0.5259556526821084,13.531392201300612,12.234796100194206,0.0,0.15680369742194833,0.1,0.003159046173095703,0.06513619422912598,0.05037427,0.5287597,13.385070069549954,0.0,0.14611962106981313,0.0,300,0.03278088569641113,0.0017739374871239804,0.0012856255673045689,1220251,13.565812891598709,0.0
4090,3.0402672290802,13.403096329689022,0.18965202235940154,13.644675978985541,13.150603635187254,0.0,0.15654385327100143,0.1,0.0031626224517822266,0.06093645095825195,0.049727794,0.86413026,13.386872695563861,0.0,0.1497279369320388,0.0,300,0.029048442840576172,0.0008923297528833034,0.0005125374585932117,1220551,13.451146100943369,0.0
4091,3.142117738723755,13.425840230039606,0.08863904902431327,13.533722295785827,13.29339460443371,0.0,0.15216692944907462,0.1,0.010850906372070312,0.06119561195373535,0.049927622,1.2542188,13.390769449011435,0.0,0.14999635537913464,0.0,300,0.029547929763793945,0.0010781473690417796,0.0005491753884038028,1220851,13.598124596350154,0.0
4092,3.165837287902832,13.472343024547694,0.0865539736482285,13.562131289447507,13.330244256005043,0.0,0.15294600453517854,0.1,0.003172159194946289,0.06175684928894043,0.04988423,1.036998,13.398926806565061,0.0,0.1506184326379103,0.0,300,0.03102564811706543,0.0010673412177848109,0.0007599046453602074,1221151,13.54471155390781,0.0
4093,3.287865161895752,13.502534882540111,0.05859088459739225,13.57842612655906,13.41879593792435,0.0,0.15464801575515486,0.1,0.0031235218048095703,0.06057882308959961,0.049843688,0.8608424,13.409287614162567,0.0,0.15106522815402257,0.0,300,0.028890371322631836,0.0006137555566341754,0.0004528640219081723,1221451,13.508909022636482,0.0
4094,3.0899505615234375,13.442877795091263,0.19079088736946917,13.59822314047419,13.116107166322308,0.0,0.16348104443408476,0.1,0.0031168460845947266,0.11490845680236816,0.049813565,0.7444142,13.412646632255438,0.0,0.15020869484995422,0.0,300,0.029423236846923828,0.0005408312166407898,0.00044715309423201005,1221751,13.537315963118337,0.0
4095,3.0674149990081787,13.316343893715773,0.32626484817563095,13.566560382084266,12.765837126129012,0.0,0.16184662058786875,0.1,0.0035080909729003906,0.11389040946960449,0.049961556,0.8957948,13.403016358401473,0.0,0.14861606297567598,0.0,300,0.04452943801879883,0.0006338663986325039,0.0005634195713675488,1222051,13.675883054837598,0.0
4096,3.0497922897338867,13.454672475918002,0.1347314995371197,13.593931911944965,13.26436065086876,0.0,0.1551348931743703,0.1,0.0031948089599609375,0.060051918029785156,0.04998567,0.7490882,13.408181970153127,0.0,0.15039937044343188,0.0,300,0.029052019119262695,0.00048458675745644757,0.00044565576869666404,1222351,13.539904492099744,0.0
4097,3.064345598220825,13.463386182513535,0.1650811598886496,13.624290581055579,13.235780075937539,0.0,0.16176888295896907,0.1,0.013248443603515625,0.10726451873779297,0.049887486,1.0250566,13.413702391389167,0.0,0.15050252883406146,0.0,300,0.03316497802734375,0.0006648584974240059,0.0005111931515176836,1222651,13.56151334983013,0.0
4098,3.035426616668701,13.514832602060881,0.07564234794822411,13.637130768011287,13.44126583753654,0.0,0.16762921957883997,0.1,0.0032105445861816406,0.06291437149047852,0.05007498,1.00947,13.423815412456339,0.0,0.15114172783525187,0.0,300,0.029195785522460938,0.0007952037970461519,0.0007255397233254483,1222951,13.619568276812116,0.0
4099,3.087944746017456,13.530606300908207,0.028126062350110795,13.56806519130037,13.488761649766404,0.0,0.15632539336319948,0.1,0.003529071807861328,0.06011795997619629,0.05018208,0.7325444,13.434494501301527,0.0,0.1513188220909732,0.0,300,0.0663299560546875,0.0008645727013823942,0.0006987285944664647,1223251,13.676279413630176,0.0
4100,3.007967233657837,13.540656543630469,0.03677378016648263,13.590846715650754,13.489056767219036,0.0,0.1605437160310538,0.1,0.003328084945678711,0.0655210018157959,0.050294265,0.6424185,13.445110705534422,0.0,0.15150936708561738,0.0,300,0.030548572540283203,0.0006815115970693859,0.0005773948431787171,1223551,13.637426952956668,0.0
4101,3.0642361640930176,13.325463350321058,0.164942750592747,13.43895619756279,13.040881336155515,0.0,0.15204051803982696,0.1,0.005354404449462891,0.09450078010559082,0.050332014,0.7096013,13.433145970013086,0.0,0.14864197970754245,0.0,300,0.03138422966003418,0.0004390177145253408,0.0003875115399854927,1223851,13.52848328492776,0.0
4102,3.158259630203247,13.445343114723194,0.21848902535542009,13.605702263703613,13.06879115220868,0.0,0.15653336345384855,0.1,0.003385305404663086,0.06433773040771484,0.049956653,0.9078121,13.434365684484098,0.0,0.15033108259665923,0.0,300,0.029525041580200195,0.0010392680698274924,0.000856902324956484,1224151,13.579761673073213,0.0
4103,3.167633533477783,13.485316980108534,0.051337763473126255,13.533933285565217,13.399003764148283,0.0,0.1562637951506118,0.1,0.003369569778442383,0.06271648406982422,0.049921513,0.96421033,13.439460814046543,0.0,0.15076017318166643,0.0,300,0.029597997665405273,0.0008580732086453567,0.0006257064806684244,1224451,13.546819581455182,0.0
4104,3.132648229598999,13.495571712150857,0.176032907429184,13.648249812889313,13.195891020396761,0.0,0.16884121891912363,0.1,0.0031585693359375,0.06025290489196777,0.050151475,0.6998694,13.445071903856974,0.0,0.15093158975318438,0.0,300,0.029366731643676758,0.0008042389595203041,0.000555408891121988,1224751,13.452162296240829,0.0
4105,3.144630193710327,13.449283644610846,0.03166827086781239,13.495695052967715,13.41368211889436,0.0,0.15093697813993492,0.1,0.0030989646911621094,0.06051492691040039,0.0502226,5.9584737,13.445493077932362,0.0,0.1503443363457274,0.0,300,0.04684948921203613,0.00044150011274070224,0.00032512529572876553,1225051,13.636882115294776,0.0
4106,3.0548555850982666,13.509518519119254,0.08239495308046374,13.60143296123463,13.402095110616232,0.0,0.15459201622039642,0.1,0.003099679946899414,0.060033321380615234,0.049979325,0.85935414,13.451895622051053,0.0,0.1511010362521784,0.0,300,0.02954721450805664,0.0004567503363457203,0.0003318381359414485,1225351,13.569340529323112,0.0
4107,3.063875913619995,13.359855075190483,0.06569453756465862,13.444767317468523,13.285368717184184,0.0,0.16050103508210894,0.1,0.004507541656494141,0.06083083152770996,0.05004601,0.92291695,13.442691567364996,0.0,0.1492178462781536,0.0,300,0.029476642608642578,0.0008064621548663281,0.0006433468867644142,1225651,13.48883593886307,0.0
4108,3.154402732849121,13.25932829383066,0.15343321764062023,13.485734128479265,13.086351322462088,0.0,0.15078194855455995,0.1,0.003233194351196289,0.062093257904052734,0.05031342,1.644238,13.424355240011561,0.0,0.14781892311712974,0.0,300,0.029666900634765625,0.0013092539960843012,0.0009593258553612754,1225951,13.58049439323725,0.0
4109,3.170396089553833,13.476973892006116,0.09130341325684921,13.58422795739608,13.381357523187026,0.0,0.1575456025246505,0.1,0.0031824111938476562,0.06007122993469238,0.050178885,0.67729086,13.429617105211017,0.0,0.15070158068791895,0.0,300,0.031568050384521484,0.0006583524373519815,0.0005640579142153128,1226251,13.622256412650822,0.0
4110,3.1464145183563232,13.42850671062468,0.1072625788668311,13.539763314049363,13.306868483937519,0.0,0.16428061585876885,0.1,0.0031180381774902344,0.0920858383178711,0.049830753,0.7126072,13.429506065752383,0.0,0.15009005928109595,0.0,300,0.06545019149780273,0.0007749092963293533,0.0006318612466921253,1226551,13.438305128590693,0.0
4111,3.93575382232666,13.481543267418001,0.06591213312762628,13.585744367410394,13.420211828176603,0.0,0.15977551239803658,0.1,0.01485896110534668,0.07611513137817383,0.049701955,0.8725072,13.434709785918946,0.0,0.15071146395637344,0.0,300,0.029484987258911133,0.0005368084784652452,0.0005081047776565531,1226851,13.565432638671474,0.0
4112,3.233222484588623,13.42643894868363,0.09913027047001882,13.588463390509283,13.323508039248383,0.0,0.15314511003971945,0.1,0.008308887481689453,0.07826375961303711,0.04991445,0.89403534,13.433882702195415,0.0,0.15002845797692924,0.0,300,0.029327392578125,0.0006549340866823777,0.0004901627230403058,1227151,13.55170044615864,0.0
4113,3.084812879562378,13.516700138466753,0.07363776320576054,13.597391326299741,13.397143351745067,0.0,0.15480124538605997,0.1,0.014999628067016602,0.10045695304870605,0.05024532,0.90449506,13.442164445822549,0.0,0.15117126988023025,0.0,300,0.029944658279418945,0.00045039683850774673,0.00035269752216975206,1227451,13.482979208636488,0.0
4114,3.2230072021484375,13.557975479090896,0.09523404792636751,13.681411524158793,13.416076833298979,0.0,0.16029755161346165,0.1,0.0034475326538085938,0.061818838119506836,0.04985876,0.9179145,13.453745549149383,0.0,0.15172760861312795,0.0,300,0.029911518096923828,0.00036987024576312573,0.00025861727876665407,1227751,13.594458304288535,0.0
4115,3.0829918384552,13.546480876503436,0.14304042209920972,13.684218649123553,13.311691201692724,0.0,0.15542481034606934,0.1,0.003407001495361328,0.06170225143432617,0.050074235,0.68562466,13.463019081884788,0.0,0.15158838939904334,0.0,300,0.029744625091552734,0.0004761460287115828,0.000395887022079535,1228051,13.55050139431102,0.0
4116,3.0473179817199707,13.432008655419276,0.09715026123953721,13.522183845175745,13.277231760856877,0.0,0.15408104367561254,0.1,0.0033528804779052734,0.0620112419128418,0.05003954,0.71065325,13.459918039238238,0.0,0.15008793256354352,0.0,300,0.03005528450012207,0.000528575081914014,0.00045300914072180046,1228351,13.514400787241305,0.0
4117,3.100149393081665,13.507572955401233,0.10646036084774071,13.64629219572618,13.398751972757903,0.0,0.15807219687570387,0.1,0.009972572326660156,0.0823974609375,0.049823083,0.9189567,13.464683530854538,0.0,0.15106090914797748,0.0,300,0.0289764404296875,0.0005910009867810795,0.00043544194928248737,1228651,13.579861333684178,0.0
4118,3.141026496887207,13.473564647048725,0.15505785431431704,13.594036801380007,13.207342890630365,0.0,0.15210590353733608,0.1,0.01169133186340332,0.07323431968688965,0.049843304,1.0197477,13.465571642473957,0.0,0.15063997175890154,0.0,300,0.029566287994384766,0.00040111609992225203,0.00037607906306193016,1228951,13.531168859966266,0.0
4119,3.0715901851654053,13.451433198334872,0.23635644952262513,13.637303664549142,13.050262636218482,0.0,0.15873021391848155,0.1,0.005715131759643555,0.1272134780883789,0.049335744,0.66755605,13.46415779806005,0.0,0.15035548261380519,0.0,300,0.029822349548339844,0.0007776078831334286,0.000649352932461875,1229251,13.519323532361701,0.0
4120,3.077958345413208,13.555281297814084,0.06979786477929689,13.657969183675656,13.460988771010875,0.0,0.1531820233497489,0.1,0.0030117034912109375,0.05962514877319336,0.050009638,0.9826123,13.473270148035454,0.0,0.1517057130725927,0.0,300,0.029914379119873047,0.0009121343154992865,0.0005985393794768119,1229551,13.465370365397154,0.0
4121,3.0779671669006348,13.535219237134903,0.08130825848384662,13.662767209040885,13.463304039433655,0.0,0.16504032368820584,0.1,0.0031299591064453125,0.061398983001708984,0.050282724,0.6364195,13.479465056945399,0.0,0.15148085410694803,0.0,300,0.02992701530456543,0.0010604504712415602,0.0008241510675070923,1229851,13.58077662498706,0.0
4122,3.1282622814178467,13.482891150873868,0.025887791916766472,13.52652706246744,13.463172080931068,0.0,0.15908667898118006,0.1,0.0032033920288085938,0.06134486198425293,0.050075747,1.2147577,13.479807666338246,0.0,0.1507725668760625,0.0,300,0.029959917068481445,0.0012936550964905537,0.0008050051074865881,1230151,13.57128408011667,0.0
4123,3.1058907508850098,13.38789608764618,0.20312579315149223,13.6111623471151,13.097298896275515,0.0,0.15334323279980094,0.1,0.003143310546875,0.06222248077392578,0.050166894,0.56840056,13.470616508469039,0.0,0.149443921897994,0.0,300,0.029512643814086914,0.0010159487552610222,0.0006370175045112658,1230451,13.659937642987638,0.0
4124,3.067772388458252,13.534208517202394,0.054615448181481896,13.588932722600397,13.453171540586478,0.0,0.15668405382634476,0.1,0.0032372474670410156,0.06196284294128418,0.049883794,0.9539736,13.476975709342375,0.0,0.1514185002480649,0.0,300,0.030232667922973633,0.0005661350255770963,0.0003841113166348287,1230751,13.499390824340999,0.0
4125,3.1358461380004883,13.400742400733023,0.16341083398923967,13.579957686900613,13.213578381621026,0.0,0.16055556583370095,0.1,0.0030117034912109375,0.05837106704711914,0.0499448,0.6701246,13.46935237848144,0.0,0.14966817278891414,0.0,300,0.03034353256225586,0.0006564184465758597,0.0004650560375842679,1231051,13.59498323809668,0.0
4126,3.012899398803711,13.471005665864805,0.2729588227408141,13.672857988713702,13.002318842519017,0.0,0.15524994973444714,0.1,0.003475189208984375,0.06082797050476074,0.050374284,0.55282557,13.469517707219778,0.0,0.1506588761143991,0.0,300,0.029514789581298828,0.0005179042640176096,0.0005151107466810774,1231351,13.58949705038824,0.0
4127,3.035144805908203,13.565188319019105,0.05458344733955448,13.629349857861998,13.479034012703163,0.0,0.16141181369611496,0.1,0.00337982177734375,0.06226301193237305,0.050002623,0.7026161,13.47908476839971,0.0,0.15183499482063886,0.0,300,0.07377219200134277,0.0010628463197940607,0.000477301228403027,1231651,13.621640429202435,0.0
4128,3.0503697395324707,13.560046165526742,0.05166658422079713,13.627217695973307,13.500716336121824,0.0,0.16480808600253824,0.1,0.0034029483795166016,0.06492352485656738,0.05026471,0.60154325,13.487180908112414,0.0,0.15177758896208327,0.0,300,0.030867338180541992,0.0006155544548024577,0.0005371507448007307,1231951,13.520914604894037,0.0
4129,3.075503349304199,13.283087701587277,0.40765570312971044,13.62060896110743,12.593919593757777,0.0,0.15103202946900368,0.1,0.003423929214477539,0.07935500144958496,0.04983666,0.62594134,13.4667715874599,0.0,0.14821896204912893,0.0,300,0.030045747756958008,0.0019693260504174185,0.0014777613600850995,1232251,13.56567252149145,0.0
4130,3.094122886657715,13.504154155418899,0.044619235730704816,13.548742154489648,13.43520795261326,0.0,0.1640345159162349,0.1,0.003310680389404297,0.0625147819519043,0.050056957,1.199259,13.470509844255801,0.0,0.15107786810910964,0.0,300,0.0326995849609375,0.0006795993458551357,0.0002812581939965319,1232551,13.519205499186222,0.0
4131,3.0376269817352295,13.389657011806449,0.13666055645324382,13.503824198995337,13.160270981602505,0.0,0.16078276760225516,0.1,0.015640735626220703,0.0953211784362793,0.04999323,0.72809756,13.462424561010867,0.0,0.14953602941669933,0.0,300,0.029352188110351562,0.0009452209282563368,0.000871726508714994,1232851,13.505868712531962,0.0
4132,3.02109694480896,13.495831168572227,0.1864493474186836,13.714269273502147,13.221713944646362,0.0,0.14941383372623393,0.1,0.003180980682373047,0.06155514717102051,0.049816877,0.8688668,13.465765221767004,0.0,0.15095166080224073,0.0,300,0.029155969619750977,0.000617070567817532,0.0005649031703090938,1233151,13.601328332627531,0.0
4133,3.051004648208618,13.498489777689391,0.046213559779111436,13.569778418054248,13.440966066013823,0.0,0.1575402886435285,0.1,0.003269672393798828,0.059958696365356445,0.050117664,0.9754548,13.469037677359243,0.0,0.1509235719747467,0.0,300,0.02921891212463379,0.0004020342904646869,0.0003217094738128449,1233451,13.38969403814036,0.0
4134,3.0743820667266846,13.435033341328486,0.09583307240874146,13.554318396517788,13.301735386117992,0.0,0.16229436143907264,0.1,0.002974987030029297,0.13173460960388184,0.0502903,0.8466548,13.465637243756166,0.0,0.15009142598434436,0.0,300,0.02972865104675293,0.0005151707556965317,0.0004727379044916538,1233751,13.637155119259804,0.0
4135,3.1516127586364746,13.331765697206599,0.07078261834463688,13.44097876175513,13.247963627438015,0.0,0.14958919596467427,0.1,0.003097057342529297,0.06042146682739258,0.049848262,0.5848544,13.45225008910121,0.0,0.14886096950032016,0.0,300,0.031209707260131836,0.000470695313598392,0.0002628647289283959,1234051,13.569416735546158,0.0
4136,3.1220173835754395,13.499460347299884,0.07233342687299552,13.595104604187231,13.402582277950264,0.0,0.1542217646315356,0.1,0.0031042098999023438,0.06319689750671387,0.050060693,0.8608596,13.456971114921078,0.0,0.1509613434864523,0.0,300,0.029462814331054688,0.0005891037005980875,0.0004385135563384435,1234351,13.585934739061926,0.0
4137,3.0823616981506348,13.510582125810757,0.05150316722379689,13.58429726361102,13.45671068827769,0.0,0.1635599164325494,0.1,0.0031719207763671875,0.0643000602722168,0.050146192,0.85323894,13.462332216010047,0.0,0.15111446677612583,0.0,300,0.040743112564086914,0.0016343279617635105,0.0011418322058638578,1234651,13.558029261564437,0.0
4138,3.0843849182128906,13.476791174124,0.11261070450692605,13.632444733393406,13.355573571013286,0.0,0.15857856344144747,0.1,0.013228893280029297,0.060633182525634766,0.05009073,0.6280217,13.463778111821444,0.0,0.15069861038917728,0.0,300,0.03043985366821289,0.0015543656717941937,0.0008669671444592968,1234951,13.603551531503589,0.0
4139,3.09977388381958,11.933341150421057,2.586817823443887,13.580633752199429,7.459381591288933,0.0,0.1556162175500384,0.1,0.0030219554901123047,0.06137704849243164,0.05006104,0.48066163,13.310734415681406,0.0,0.1304205278641441,0.0,300,0.04447531700134277,0.0397930043600921,0.022527398357454227,1235251,13.56334218824029,0.0
4140,3.0761220455169678,13.553186229561305,0.14546969445084726,13.723509511566059,13.332014419985859,0.0,0.14000528052640282,0.1,0.0036830902099609375,0.06245017051696777,0.050193083,1.912209,13.334979597069395,0.0,0.15161948928463653,0.0,300,0.051239013671875,0.01974048056038431,0.009166791662694808,1235551,13.562796619651126,0.0
4141,3.1497576236724854,13.415319137413052,0.17481844875602887,13.573756412377756,13.124280849571122,0.0,0.15181378257352118,0.1,0.015796899795532227,0.0968785285949707,0.04996474,1.2596456,13.34301355110376,0.0,0.1499296924496668,0.0,300,0.03422069549560547,0.00824463513859261,0.004945045515191598,1235851,13.589303269056424,0.0
4142,3.063617706298828,13.538520949955037,0.07221822080784575,13.655569019267718,13.459355932006568,0.0,0.1491823459422649,0.1,0.004778146743774414,0.07895588874816895,0.050032184,0.61345756,13.362564290988889,0.0,0.1514988405701418,0.0,300,0.030673980712890625,0.003940049247918721,0.0014921674709113945,1236151,13.64489910457977,0.0
4143,3.0958235263824463,13.520574031910336,0.04800763800080155,13.57774795335767,13.453072881480695,0.0,0.14046808394751348,0.1,0.013231754302978516,0.06003379821777344,0.04977748,1.7131622,13.378365265081033,0.0,0.15124755425796546,0.0,300,0.030145883560180664,0.0026835455938394944,0.0013181731177910685,1236451,13.618054176984652,0.0
4144,3.1023592948913574,13.377621281343092,0.1663197604974466,13.620128494722941,13.182243659662738,0.0,0.15085807344109967,0.1,0.01106405258178711,0.06730413436889648,0.05005637,0.81170535,13.37829086670724,0.0,0.1494379277148344,0.0,300,0.03173255920410156,0.0018221294335339523,0.0011853895313895548,1236751,13.628570213459303,0.0
4145,3.1172704696655273,13.418087195937044,0.19485853661846594,13.628789436549349,13.201380972710856,0.0,0.1549179628152639,0.1,0.003367900848388672,0.06153750419616699,0.04961934,1.3686761,13.382270499630222,0.0,0.1499575179060375,0.0,300,0.02993488311767578,0.0007963927441691243,0.0006109912883140326,1237051,13.610770406144914,0.0
4146,3.055724620819092,13.350610483036526,0.10693403894813225,13.519425582449255,13.236427434984211,0.0,0.1503099368243087,0.1,0.003242969512939453,0.06068682670593262,0.049763512,0.8135884,13.379104497970852,0.0,0.1490356215416797,0.0,300,0.07004761695861816,0.0006311547883181936,0.0005923004468808426,1237351,13.544622244564687,0.0
4147,3.080324411392212,13.360077535757135,0.3385076355542369,13.626828872900836,12.792395744187196,0.0,0.15941251429172984,0.1,0.003129243850708008,0.06205272674560547,0.049956698,0.56914353,13.37720180174948,0.0,0.1491507393548277,0.0,300,0.029558658599853516,0.0009458554487144143,0.000771260604893029,1237651,13.522063810503349,0.0
4148,3.111492872238159,13.468823871122922,0.10940141227331593,13.59331625124141,13.348634700551873,0.0,0.1634029573563242,0.1,0.0031728744506835938,0.0630803108215332,0.049884833,0.93056935,13.386364008686826,0.0,0.15060224678971396,0.0,300,0.029979705810546875,0.0006307522027058132,0.0005393528926456025,1237951,13.628085484497149,0.0
4149,3.1136245727539062,13.488302777438072,0.09714068356829283,13.632398252495996,13.36470617407726,0.0,0.1651645934326443,0.1,0.003137350082397461,0.06084012985229492,0.05006762,0.6562488,13.396557885561952,0.0,0.1508304064011135,0.0,300,0.05994701385498047,0.0008796611970129175,0.0005317262153988826,1238251,13.680877299833403,0.0
4150,3.045642852783203,13.601074139828395,0.09375590454199423,13.695115223927921,13.478122740248281,0.0,0.16859502722386108,0.1,0.0030813217163085938,0.05848574638366699,0.04999374,0.72225934,13.417009510988597,0.0,0.15232139691234897,0.0,300,0.029039621353149414,0.0005405197432256915,0.0004290508627271793,1238551,13.619001541845504,0.0
4151,3.147559404373169,13.471722005350804,0.049437810297035895,13.538376988430809,13.404305952971203,0.0,0.15756960559162045,0.1,0.003121614456176758,0.05840730667114258,0.050849132,1.7622589,13.422480760424818,0.0,0.1505710942333258,0.0,300,0.028879404067993164,0.000675100110313301,0.0005005913675832053,1238851,13.509875188027545,0.0
4152,3.064208507537842,13.460576676051403,0.11372623735406609,13.614095783295836,13.336031013595463,0.0,0.15980395465621397,0.1,0.0030350685119628906,0.10188150405883789,0.05001948,1.077833,13.426290351987477,0.0,0.15041604670011938,0.0,300,0.03761029243469238,0.0005613718835962459,0.00040174233772189447,1239151,13.685109185785668,0.0
4153,3.051942825317383,13.61847111002295,0.08902418881695386,13.724668103481058,13.487620417274297,0.0,0.1595375207595863,0.1,0.0053827762603759766,0.06130170822143555,0.049964,0.6072087,13.445508427791024,0.0,0.15256502873834515,0.0,300,0.029561519622802734,0.0009453791870231202,0.0006132975091128004,1239451,13.652404293129669,0.0
4154,3.1052796840667725,13.585587021055922,0.07520524599456267,13.664226394274788,13.465634770331187,0.0,0.15029105099526932,0.1,0.0033538341522216797,0.06149554252624512,0.04990191,1.2540654,13.459516287117514,0.0,0.15205383752815854,0.0,300,0.029502391815185547,0.001146535061964868,0.0007412976271935604,1239751,13.647811168300374,0.0
4155,3.0698843002319336,13.44594089833128,0.10122505351428118,13.568685556728447,13.29045606878756,0.0,0.15254526254384596,0.1,0.0033299922943115234,0.06313395500183105,0.050359562,5.896025,13.458158748238892,0.0,0.1503109551159351,0.0,300,0.02954244613647461,0.0007020145495271275,0.0005277963485060005,1240051,13.392751211414348,0.0
4156,3.0109410285949707,13.42067500057329,0.09443462692672439,13.51920985007274,13.268051109456724,0.0,0.15300750956995016,0.1,0.003252744674682617,0.06444835662841797,0.05044684,4.7637844,13.454410373472331,0.0,0.14995727708788104,0.0,300,0.030509233474731445,0.0006245006925461779,0.0004782496510989613,1240351,13.619322425969868,0.0
4157,3.102985143661499,13.50967039775567,0.05276658307876072,13.555338517822944,13.425260147258802,0.0,0.16246979135281456,0.1,0.005089759826660156,0.05941891670227051,0.049805373,0.80972725,13.459936375900666,0.0,0.15115920025332397,0.0,300,0.02909994125366211,0.00041306030527736413,0.00035031285151247607,1240651,13.562618822018754,0.0
4158,3.0295307636260986,13.513555768155037,0.10787524733102533,13.696158333711399,13.424395845724947,0.0,0.16267856065304775,0.1,0.003304004669189453,0.06463789939880371,0.05006303,0.67703897,13.465298315126104,0.0,0.15119393804581194,0.0,300,0.0781550407409668,0.0006121973690801704,0.0004806116208991224,1240951,13.665278802047984,0.0
4159,3.09844970703125,13.387200290544387,0.23916474300253412,13.673164242134165,13.111295041290333,0.0,0.15302954856896497,0.1,0.0033218860626220703,0.06986093521118164,0.049953077,0.9519586,13.457488512667933,0.0,0.1495504946966535,0.0,300,0.06653237342834473,0.0012580952512610572,0.0009793242352439343,1241251,13.527621094792954,0.0
4160,3.0563859939575195,13.614685321706425,0.10354422601937256,13.705436829457435,13.45273251826757,0.0,0.15838687116140773,0.1,0.0031960010528564453,0.060971736907958984,0.049938142,0.8406988,13.473208193571782,0.0,0.15246159866884013,0.0,300,0.0354464054107666,0.0011764016831647198,0.000607864463351206,1241551,13.57397443301771,0.0
4161,3.145110607147217,13.583431631087613,0.06705721119390526,13.685529551074747,13.497207642399136,0.0,0.15430897720223072,0.1,0.003442049026489258,0.061335086822509766,0.04938213,0.69389844,13.484230537323366,0.0,0.15207196417619895,0.0,300,0.031004905700683594,0.0005123218312515784,0.00038167697167825366,1241851,13.395929092619468,0.0
4162,3.220627546310425,13.427974666267568,0.20380537499244566,13.601429650254943,13.092369068379062,0.0,0.16716327257957486,0.1,0.004026174545288086,0.06052422523498535,0.049942017,0.6740247,13.478604950217786,0.0,0.1500429219626216,0.0,300,0.02979874610900879,0.0007787174128646354,0.0007583284678718225,1242151,13.632439359740554,0.0
4163,3.1497766971588135,13.377828715164478,0.4113512246553113,13.662677923711653,12.66792769113727,0.0,0.14682099864471443,0.1,0.0031554698944091797,0.06200218200683594,0.04971571,3.7011657,13.468527326712454,0.0,0.14935292524634958,0.0,300,0.029906272888183594,0.0008130805280709765,0.0006585972636193628,1242451,13.514592626199535,0.0
4164,3.205886125564575,13.60510299362177,0.056871895781691134,13.686878266906891,13.526361999979429,0.0,0.16064812595198177,0.1,0.003159761428833008,0.05978083610534668,0.04987977,1.7514651,13.482184893403387,0.0,0.15237817519990748,0.0,300,0.04684853553771973,0.00048436935546903166,0.0004019395043447619,1242751,13.543101571264147,0.0
4165,3.1741716861724854,13.496840079460988,0.29492048366701545,13.75813729892526,13.002193689246035,0.0,0.15360549437479212,0.1,0.00845193862915039,0.11814689636230469,0.04966197,0.6038535,13.483650412009148,0.0,0.1509038426244581,0.0,300,0.030913829803466797,0.0007405425218944019,0.0006436212148713829,1243051,13.496267726280687,0.0
4166,3.030771255493164,13.425675183347247,0.23559634030445273,13.698851230863895,13.067312257775571,0.0,0.1612576379771762,0.1,0.0035660266876220703,0.06064248085021973,0.050090566,0.85166556,13.477852889142959,0.0,0.15006015641037318,0.0,300,0.029723644256591797,0.0006554248723861984,0.000559346477186381,1243351,13.502989663648295,0.0
4167,3.0644795894622803,13.508497769463826,0.17957746616420348,13.64858930023965,13.205443612412534,0.0,0.1491873410350919,0.1,0.003221750259399414,0.06107521057128906,0.050004527,1.1449026,13.480917377175047,0.0,0.15119906896556318,0.0,300,0.0292818546295166,0.0008538718060819222,0.0006400731540200113,1243651,13.540861304271827,0.0
4168,3.1718227863311768,13.530008227913697,0.07127661306932076,13.59672652504055,13.411262511044391,0.0,0.16122053924608207,0.1,0.00565648078918457,0.06186413764953613,0.049773674,0.75553507,13.485826462248912,0.0,0.15137220776767774,0.0,300,0.02983546257019043,0.0007624968655451714,0.000545420862590708,1243951,13.587729488575258,0.0
4169,3.1554434299468994,13.44045161140581,0.10631325731548152,13.588602915991661,13.290789153176267,0.0,0.15492177461356071,0.1,0.0032465457916259766,0.13329267501831055,0.050102234,0.67019427,13.481288977164603,0.0,0.15021084261751974,0.0,300,0.03228926658630371,0.0006338183960654767,0.00046291279933741955,1244251,13.555669954196128,0.0
4170,3.006002902984619,13.523886209606376,0.04630259720174779,13.593034387488556,13.474557839317564,0.0,0.15861863914343546,0.1,0.003340482711791992,0.06049656867980957,0.049825422,1.1462922,13.48554870040878,0.0,0.15125754631138438,0.0,300,0.03020763397216797,0.0006341479170626911,0.00040860155772408325,1244551,13.600214723546395,0.0
4171,3.0712828636169434,13.651289606138176,0.08847579634329039,13.727308330724227,13.507753995714403,0.0,0.16392784689844,0.1,0.003160238265991211,0.060782432556152344,0.049785603,1.3575573,13.50212279098172,0.0,0.15294692072976027,0.0,300,0.029941082000732422,0.0003144174736038771,0.0003110812105933602,1244851,13.652240687072199,0.0
4172,3.0646169185638428,13.574051776202626,0.06813246482871871,13.641072853965158,13.480216737556672,0.0,0.15376359057581673,0.1,0.003293275833129883,0.06168413162231445,0.049980454,0.67235035,13.509315689503811,0.0,0.15191370897864082,0.0,300,0.029685258865356445,0.00038076364351134984,0.00022880165613711076,1245151,13.514916729174137,0.0
4173,3.0651862621307373,13.523540785232392,0.1869312511712553,13.783741066682467,13.270843120251028,0.0,0.16289115083764158,0.1,0.0032896995544433594,0.06423330307006836,0.049841847,0.70642215,13.51073819907667,0.0,0.1513401594145429,0.0,300,0.033791542053222656,0.0005459427542533955,0.0005012869209457097,1245451,13.567814518576933,0.0
4174,3.1265761852264404,13.42752880082427,0.1258756277361763,13.61404674975816,13.262425355674106,0.0,0.162471918168361,0.1,0.0035016536712646484,0.06150031089782715,0.050007876,0.86702293,13.50241725925143,0.0,0.14997994578001284,0.0,300,0.03150534629821777,0.0006864393527318708,0.0005255578912209316,1245751,13.523279618145118,0.0
4175,3.1318411827087402,13.473726940168142,0.08412557681666956,13.553282248045155,13.332514775504613,0.0,0.16417183111700473,0.1,0.003220796585083008,0.06137347221374512,0.05008679,0.9350938,13.499548227343102,0.0,0.15066776571811663,0.0,300,0.02966618537902832,0.0005886088730062439,0.00044105830149409415,1246051,13.619093437699158,0.0
4176,3.1300220489501953,13.57482017346078,0.10221625490287618,13.686450421804084,13.431433639870237,0.0,0.16496060804128032,0.1,0.003138303756713867,0.05954551696777344,0.049952354,0.6136986,13.50707542195487,0.0,0.15194539407188362,0.0,300,0.0319979190826416,0.00042884211797376484,0.00040493941679997615,1246351,13.64624116781175,0.0
4177,3.06506085395813,13.632323372124254,0.02812284235557882,13.679036778424381,13.609424113408961,0.0,0.15432686862745681,0.1,0.0032033920288085938,0.06262087821960449,0.050012257,0.84944427,13.519600216971808,0.0,0.1526919762447285,0.0,300,0.03468799591064453,0.0003962136106373966,0.0003819497314017574,1246651,13.425789181081512,0.0
4178,3.140791893005371,13.495401056175307,0.0805911742115192,13.581697896278536,13.396162419176678,0.0,0.16470006150959063,0.1,0.003153562545776367,0.10893988609313965,0.049975127,0.90059936,13.517180300892157,0.0,0.15091781017323175,0.0,300,0.05134153366088867,0.0003081236927456589,0.00022499313263059966,1246951,13.731043183083473,0.0
4179,3.1083974838256836,12.95809122920417,0.8664561290992441,13.475310615340884,11.457669720769292,0.0,0.14652370207103674,0.1,0.0037713050842285156,0.0589451789855957,0.050637152,0.36030176,13.46127139372336,0.0,0.14377999506998512,0.0,300,0.07427573204040527,0.0038887847859773866,0.002582072867234633,1247251,13.746417034022551,0.0
4180,3.06585955619812,13.194553810836123,0.4015172702088084,13.500299106835948,12.504374046304203,0.0,0.15853891237044926,0.1,0.0031943321228027344,0.059272050857543945,0.050286457,1.0430415,13.434599635434637,0.0,0.14701106601494227,0.0,300,0.029788732528686523,0.0016827109237403425,0.0014936619373399971,1247551,13.593953244356605,0.0
4181,3.145981788635254,13.594102095705807,0.06702294817338243,13.665006849857805,13.483851859441854,0.0,0.16001787897290676,0.1,0.0030608177185058594,0.05899167060852051,0.05003427,1.1685538,13.450549881461754,0.0,0.15219844191909207,0.0,300,0.029632091522216797,0.0020477825808602646,0.000908222561552868,1247851,13.499082604369287,0.0
4182,3.078029155731201,13.45669670854879,0.17062954799817132,13.62277624233756,13.194578173615305,0.0,0.1646991028595453,0.1,0.01345968246459961,0.0646665096282959,0.04991918,0.6021866,13.451164564170458,0.0,0.15047043503471305,0.0,300,0.030260562896728516,0.0019836239163911265,0.0011270496166256932,1248151,13.501089149850737,0.0
4183,3.0856425762176514,13.455664632768041,0.10310287708447403,13.554749804365622,13.313684011196187,0.0,0.14691132200819748,0.1,0.003551959991455078,0.06568551063537598,0.049776994,0.91048187,13.451614571030216,0.0,0.15035471778532378,0.0,300,0.029678821563720703,0.0004346780909490819,0.00037851271265672146,1248451,13.57579378848663,0.0
4184,3.15387225151062,13.460990507285587,0.1895552016234922,13.662702779093506,13.171804425058339,0.0,0.16085415473396023,0.1,0.0034940242767333984,0.09142827987670898,0.049968667,0.85005593,13.452552164655753,0.0,0.1504579465876672,0.0,300,0.02966928482055664,0.00037744618442227707,0.00032388633095364476,1248751,13.684599745543998,0.0
4185,3.087397336959839,13.544883311176168,0.14519706561561646,13.775617267064113,13.40982856382783,0.0,0.15205411979373692,0.1,0.003294229507446289,0.11058640480041504,0.049730983,1.3570707,13.461785279307795,0.0,0.151607467860649,0.0,300,0.033417701721191406,0.000585590360444133,0.00047660490472426316,1249051,13.492991660445407,0.0
4186,3.1338014602661133,13.52140583282524,0.19324406360514176,13.690428212741516,13.193127150758162,0.0,0.15478060691886172,0.1,0.003419160842895508,0.06327438354492188,0.049943462,1.2054645,13.467747334659538,0.0,0.15126468965125142,0.0,300,0.03049445152282715,0.0006446765418339818,0.0004929301556382386,1249351,13.518956546788987,0.0
4187,3.093111276626587,13.447529605189098,0.14653116775485509,13.610350697907936,13.211150236290695,0.0,0.16406662621570622,0.1,0.0060231685638427734,0.06108427047729492,0.048744604,0.6773243,13.465725561712496,0.0,0.15032392152361257,0.0,300,0.032764434814453125,0.0008907910087929137,0.000603355472467678,1249651,13.453475732026211,0.0
4188,3.090111017227173,13.545466809995728,0.14140364197265964,13.70939754849968,13.362994289993695,0.0,0.16108050571824553,0.1,0.0038251876831054688,0.06062507629394531,0.050060254,0.81744856,13.473699686540819,0.0,0.1516438136245483,0.0,300,0.031900644302368164,0.0005300957214320275,0.0005190159597375783,1249951,13.678773587630127,0.0
4189,3.106841564178467,13.530974957760314,0.10686109911209744,13.646729071068249,13.380638825466002,0.0,0.15183204665463992,0.1,0.00331878662109375,0.060999393463134766,0.05003328,0.8590284,13.479427213662769,0.0,0.15137701419884064,0.0,300,0.029425382614135742,0.0005178221487119368,0.0004603716040571808,1250251,13.532796645505252,0.0
4190,3.0895395278930664,13.377806060533795,0.274710873207589,13.663233731677321,12.952151575489632,0.0,0.15466898937270565,0.1,0.0032656192779541016,0.06388163566589355,0.0500098,0.5449288,13.469265098349872,0.0,0.14943293539822627,0.0,300,0.029540061950683594,0.0007799141857646987,0.0006699840562777488,1250551,13.608820252580877,0.0
4191,3.104356288909912,13.473129760535663,0.09919960139249202,13.570237168488312,13.33773799896308,0.0,0.16427384053233798,0.1,0.003266572952270508,0.06091046333312988,0.049779948,0.7349581,13.469651564568451,0.0,0.15064758922335234,0.0,300,0.02797079086303711,0.0003286214048123747,0.000334851926760104,1250851,13.629161769510056,0.0
4192,3.0958211421966553,13.656786430659814,0.10195770625881093,13.82523900852401,13.550774879236965,0.0,0.1647847550271447,0.1,0.003209352493286133,0.06177353858947754,0.049933117,0.7252007,13.488365051177588,0.0,0.15302061857124513,0.0,300,0.03219747543334961,0.00041782981536844446,0.00031570318752729433,1251151,13.561078725251628,0.0
4193,3.155419111251831,13.248086728492481,0.449799113181583,13.635714651092359,12.492003614781826,0.0,0.1460498850894768,0.1,0.006234884262084961,0.08554601669311523,0.050230578,0.60711133,13.46433721890908,0.0,0.14776839250208507,0.0,300,0.029644012451171875,0.0023858603126504624,0.0017485491493123306,1251451,13.486790631211328,0.0
4194,3.1097376346588135,13.242219158359504,0.25934893114522517,13.575512627301803,12.852976695546715,0.0,0.15603307055878418,0.1,0.003134489059448242,0.11635637283325195,0.04980361,0.71206176,13.442125412854123,0.0,0.14761425527493832,0.0,300,0.031232357025146484,0.001724063986623608,0.0011332686173815224,1251751,13.589944729772048,0.0
4195,3.1876988410949707,13.612978498165573,0.03873509940308633,13.667805667028693,13.569533902398346,0.0,0.1582408588987212,0.1,0.0030617713928222656,0.06122946739196777,0.049917538,4.8209863,13.459210721385269,0.0,0.15254277115179848,0.0,300,0.02950263023376465,0.0007648276272413723,0.00036421199006292165,1252051,13.530496324116676,0.0
4196,3.228086233139038,13.499256883213057,0.16718287175523724,13.715701640829717,13.295889939911806,0.0,0.1561450373208984,0.1,0.002991914749145508,0.05951380729675293,0.04986502,1.1676539,13.463215337568048,0.0,0.15095765779291348,0.0,300,0.03037858009338379,0.0008022533346652477,0.0006847784692031069,1252351,13.531033573908255,0.0
4197,3.155207872390747,13.593894312922767,0.05260604538797723,13.662241524381288,13.5196544069966,0.0,0.15790205487898615,0.1,0.006079435348510742,0.09378838539123535,0.05017076,0.63953817,13.476283235103521,0.0,0.15218473145226455,0.0,300,0.0295865535736084,0.0007924252604795843,0.0005460579413119926,1252651,13.55246257697987,0.0
4198,3.7677342891693115,13.365487492373248,0.3349209068554234,13.676066277258343,12.81309863898521,0.0,0.1535584402334133,0.1,0.002856016159057617,0.05888009071350098,0.04996656,0.8732428,13.465203660830495,0.0,0.14925150613606125,0.0,300,0.07219529151916504,0.001997474894897037,0.0014081369337367374,1252951,13.645299541961293,0.0
4199,3.099669933319092,13.370325782788239,0.2745741697200445,13.677755668553372,12.946131881331242,0.0,0.15605765738915287,0.1,0.003701448440551758,0.06209444999694824,0.050086834,0.74858487,13.45571587302627,0.0,0.14929606710218146,0.0,300,0.02954864501953125,0.002606243799446892,0.0016538384940458857,1253251,13.637203962205376,0.0
4200,3.078035354614258,13.4180660019765,0.19903899381498172,13.573852728440338,13.076543834733029,0.0,0.15598903538156123,0.1,0.0033338069915771484,0.11879587173461914,0.049788572,0.7237665,13.451950885921292,0.0,0.1499598084584814,0.0,300,0.038741350173950195,0.001026533826135986,0.0007237244051578888,1253551,13.513790194051202,0.0
4201,3.164370536804199,13.683058131885495,0.07113270305103352,13.762280038203837,13.571393959341979,0.0,0.16013448088151178,0.1,0.006693124771118164,0.07147216796875,0.050127327,0.9590218,13.475061610517713,0.0,0.1534138657912502,0.0,300,0.03048992156982422,0.0009903430175610755,0.0004698362723548838,1253851,13.583444724408706,0.0
4202,3.1319165229797363,13.409748695193823,0.23011010789730385,13.616549174395185,13.030867299535942,0.0,0.1499952813229416,0.1,0.0033333301544189453,0.06574463844299316,0.050181728,1.0049783,13.468530318985325,0.0,0.14977165558646338,0.0,300,0.0298764705657959,0.0014046273844736967,0.000755188647031714,1254151,13.579312240083546,0.0
4203,3.09617018699646,13.504771260771935,0.03006046856818111,13.524534121332895,13.452930195349055,0.0,0.16753398969354938,0.1,0.0032804012298583984,0.06442570686340332,0.049689338,0.60207766,13.472154413163985,0.0,0.15102371770316653,0.0,300,0.03007817268371582,0.0011679768183177521,0.0006091986470056273,1254451,13.590060405070295,0.0
4204,3.0737595558166504,13.451470882338125,0.17593533655445281,13.56990381621125,13.147738493695817,0.0,0.16292328504044326,0.1,0.0033104419708251953,0.06227421760559082,0.050487276,0.77592206,13.470086060081398,0.0,0.1503212020496516,0.0,300,0.029771804809570312,0.0008115587571900143,0.0004257910205919851,1254751,13.436979183180915,0.0
4205,3.167910575866699,13.603301702536896,0.1079746721620231,13.701555838893697,13.423017228496294,0.0,0.16591772665946186,0.1,0.0033464431762695312,0.061277151107788086,0.04985307,1.0018015,13.483407624326947,0.0,0.15234636324656642,0.0,300,0.029552221298217773,0.0007953909900347258,0.0006231885479524315,1255051,13.54058634737211,0.0
4206,3.2090277671813965,13.247345405466268,0.384372977439457,13.575581407163721,12.619458362518406,0.0,0.15019649424467058,0.1,0.003409147262573242,0.060837745666503906,0.05022185,0.53347594,13.45980140244088,0.0,0.14768370137979728,0.0,300,0.05718398094177246,0.0021317279905179024,0.0012382577743411099,1255351,13.428417075512165,0.0
4207,3.1045072078704834,13.642735993843782,0.06516926027008667,13.735388249419568,13.553687954203955,0.0,0.16017679161052956,0.1,0.004090547561645508,0.06017303466796875,0.049973283,1.0135487,13.47809486158117,0.0,0.15282148632452974,0.0,300,0.02936553955078125,0.0021199728752425585,0.0011567533988166288,1255651,13.621081612147945,0.0
4208,3.120076894760132,13.617237891304233,0.0993214156722596,13.738895483262818,13.499963592681642,0.0,0.1658770248144764,0.1,0.003077983856201172,0.06204080581665039,0.05011656,0.7502478,13.492009164553476,0.0,0.15249596642499444,0.0,300,0.02987813949584961,0.0013176231641194862,0.0007113860340278447,1255951,13.586634369941912,0.0
4209,3.1227965354919434,13.625262769614567,0.01741515467456558,13.644243297157551,13.597481327078825,0.0,0.14982897666901726,0.1,0.0032258033752441406,0.06061553955078125,0.049874686,0.59912515,13.505334525059586,0.0,0.15267718776724373,0.0,300,0.03320884704589844,0.0012017104080290079,0.0004958849647024763,1256251,13.653969708448669,0.0
4210,3.2488505840301514,13.302105555642228,0.425834427449337,13.605890673640298,12.569571973870689,0.0,0.15788279731531543,0.1,0.005413532257080078,0.07521843910217285,0.050055325,0.74073154,13.485011628117851,0.0,0.1484351578597252,0.0,300,0.030886411666870117,0.003048690708062384,0.0019690584801608517,1256551,13.592892159290413,0.0
4211,3.1123452186584473,13.57077563689731,0.06340529082678298,13.66145977755125,13.49486938819065,0.0,0.15379372813429085,0.1,0.0031881332397460938,0.060549020767211914,0.049828336,3.1320834,13.493588028995799,0.0,0.15191061810970238,0.0,300,0.0329282283782959,0.0021152386772290274,0.000864379917069975,1256851,13.687082242412359,0.0
4212,3.1102147102355957,13.54180349856841,0.025654665889548935,13.566131244285046,13.502120914500628,0.0,0.16604185121476392,0.1,0.0055370330810546875,0.06032228469848633,0.04982554,0.7823243,13.49840957595306,0.0,0.1515688131021646,0.0,300,0.02921462059020996,0.0013716926749958564,0.0007353665360792473,1257151,13.517068475161958,0.0
4213,3.095410108566284,13.602757430996395,0.13687420597532243,13.681888797259976,13.365684440858155,0.0,0.15731235487600778,0.1,0.0031735897064208984,0.0618741512298584,0.049784657,0.7497381,13.508844361457394,0.0,0.15235629476811577,0.0,300,0.031118154525756836,0.0008772125682162391,0.000534825827991099,1257451,13.582667225582547,0.0
4214,3.0622940063476562,13.471528551735705,0.11242625885953249,13.599670698388397,13.292409023353782,0.0,0.15803507923607382,0.1,0.0035462379455566406,0.06049227714538574,0.0501202,0.83432376,13.505112780485225,0.0,0.15069252973847322,0.0,300,0.02940082550048828,0.0007574767141616608,0.0003668484606723959,1257751,13.570937525659069,0.0
4215,3.103489637374878,13.566358459374959,0.05908935903720569,13.606005684604286,13.46419289744757,0.0,0.1583096593370575,0.1,0.0031168460845947266,0.05986785888671875,0.049833633,0.7296782,13.511237348374198,0.0,0.1518671822101807,0.0,300,0.029112577438354492,0.0005121380023453646,0.00041667226964874337,1258051,13.674897047076263,0.0
4216,3.150266408920288,13.537832369252163,0.024402149110870294,13.55995195803821,13.497514172924205,0.0,0.14929858204160815,0.1,0.003444194793701172,0.06306648254394531,0.050507117,0.694574,13.513896850461997,0.0,0.15146758127337923,0.0,300,0.04507946968078613,0.00043492393945268815,0.00033828314650853413,1258351,13.52501655811775,0.0
4217,3.0550971031188965,13.490685969150196,0.049946895447935076,13.553188401549257,13.414157566091053,0.0,0.15977422390707285,0.1,0.003275156021118164,0.06339049339294434,0.04998894,0.7745263,13.511575762330818,0.0,0.15086553967116684,0.0,300,0.06672954559326172,0.0009598938690426346,0.0007974770239923668,1258651,13.562977924799503,0.0
4218,3.1440656185150146,13.56818926092388,0.06866869511778159,13.662847361607799,13.472181079257476,0.0,0.16359096591339295,0.1,0.011522531509399414,0.0833735466003418,0.050117172,0.87846357,13.517237112190124,0.0,0.15191673155588836,0.0,300,0.030785083770751953,0.0010489881196910115,0.0005867342189855455,1258951,13.69304264168562,0.0
4219,3.159487724304199,13.512814396162188,0.02607014866134542,13.554216270856395,13.48258794991729,0.0,0.15534604239074043,0.1,0.0070497989654541016,0.07901287078857422,0.051506188,0.6315774,13.51679484058733,0.0,0.151196648982847,0.0,300,0.0303037166595459,0.0004653736132006838,0.0003109936298843248,1259251,13.588831052351177,0.0
4220,3.118849992752075,13.471711160725123,0.10442899638302702,13.594980067071537,13.310423882533724,0.0,0.15775261839862165,0.1,0.0033473968505859375,0.06140851974487305,0.050020583,0.83194315,13.51228647260111,0.0,0.15063205209169991,0.0,300,0.02969193458557129,0.00045743051010888476,0.0004342461734238061,1259551,13.422240949790707,0.0
4221,3.1188745498657227,13.570575699577473,0.07919567462645181,13.637142185388697,13.436462891449237,0.0,0.1589286551651604,0.1,0.003263711929321289,0.12100434303283691,0.049832348,0.90562975,13.518115395298747,0.0,0.15192219771182636,0.0,300,0.0424501895904541,0.0005826514435518686,0.0004469591884310405,1259851,13.436371608412898,0.0
4222,3.0550084114074707,13.533147869488667,0.08448565273801883,13.604430094076973,13.388907787756233,0.0,0.15542263515059904,0.1,0.003141641616821289,0.0641167163848877,0.049901217,0.7852238,13.519618642717738,0.0,0.15137812331155623,0.0,300,0.08447885513305664,0.000353910169415178,0.0003585976212973042,1260151,13.546172923927452,0.0
4223,3.0473878383636475,13.538824646311733,0.0816526336501162,13.661842005572876,13.437021726040557,0.0,0.15767214769057972,0.1,0.0030372142791748047,0.11087346076965332,0.049997475,0.62577504,13.521539243077138,0.0,0.15151289364783194,0.0,300,0.03895449638366699,0.00036014004486927887,0.00027555230589928884,1260451,13.586317614691886,0.0
4224,3.193732500076294,13.53103811859783,0.27988507854712114,13.760175187301975,13.062235339218375,0.0,0.15417197525048715,0.1,0.003155946731567383,0.06257867813110352,0.050355114,0.7680579,13.522489130629207,0.0,0.1514199385834184,0.0,300,0.03046560287475586,0.000506940113608474,0.0004635873129284033,1260751,13.443279324374274,0.0
4225,3.0733141899108887,13.319051950445893,0.5018458546782059,13.703774278683293,12.460546885208014,0.0,0.14662099945441295,0.1,0.0031495094299316406,0.06101799011230469,0.050109345,0.937496,13.502145412610876,0.0,0.14852486288854896,0.0,300,0.0319368839263916,0.0009796200955194756,0.0008242208155145771,1261051,13.630011106441314,0.0
4226,3.2283143997192383,13.503641327898888,0.1790906749010194,13.664915973079237,13.200968905521844,0.0,0.1535719267382434,0.1,0.0031006336212158203,0.0599977970123291,0.04992,1.3375034,13.502295004139677,0.0,0.1510217984701556,0.0,300,0.02970147132873535,0.0005290210386652102,0.0004879599864328814,1261351,13.548093565528466,0.0
4227,3.214015007019043,13.63464730327431,0.025602457852612975,13.675330724756396,13.606473592127072,0.0,0.15826375405700377,0.1,0.00800180435180664,0.06711792945861816,0.049976815,0.9439543,13.515530234053141,0.0,0.15272841663239126,0.0,300,0.029794692993164062,0.00026709089732286027,0.00020644144077022443,1261651,13.591047911893867,0.0
4228,3.1030242443084717,13.406418964428546,0.14409406208285092,13.622628981666033,13.218885640994568,0.0,0.1575171375847431,0.1,0.0036439895629882812,0.10336828231811523,0.05011424,0.78323936,13.504619107090683,0.0,0.14980814299673592,0.0,300,0.03179526329040527,0.0007523660020032965,0.0004705645673551492,1261951,13.53916852350333,0.0
4229,3.0511741638183594,13.63792519037354,0.039904051957419015,13.67208692062837,13.570809000086456,0.0,0.16727852450200678,0.1,0.0033178329467773438,0.06150245666503906,0.050003402,0.91053754,13.517949715418968,0.0,0.1528045325236135,0.0,300,0.029539108276367188,0.0008017442101438901,0.00045693125125697756,1262251,13.522004792508111,0.0
4230,3.0545504093170166,13.556902070512791,0.05636193410555211,13.649074508986697,13.5092811579474,0.0,0.16270048458379774,0.1,0.013439178466796875,0.08435297012329102,0.050241858,0.9419859,13.521844950928351,0.0,0.15170290232141537,0.0,300,0.031569480895996094,0.0006284692393646006,0.0005296428025736871,1262551,13.594524373670934,0.0
4231,3.17712664604187,13.445079448814688,0.2816730367780403,13.696641777655763,12.967335237449177,0.0,0.1593391993315176,0.1,0.00341796875,0.06235384941101074,0.050133023,0.6078715,13.514168400716985,0.0,0.1502576673610497,0.0,300,0.044725656509399414,0.0005966330783210314,0.0005701747779349041,1262851,13.64184577926543,0.0
4232,3.1858737468719482,13.603544834671172,0.02075271611663693,13.633272460141804,13.576891904173536,0.0,0.17375587567826678,0.1,0.003305673599243164,0.06336092948913574,0.05000292,0.8362983,13.523106044112405,0.0,0.15234362360425924,0.0,300,0.057785987854003906,0.0005990087431176395,0.0003480977237962792,1263151,13.582263135741249,0.0
4233,3.1393067836761475,13.500809982926361,0.13847416639006813,13.60428054340466,13.262664759584872,0.0,0.1562704548410485,0.1,0.012193441390991211,0.06908702850341797,0.049984585,0.6876257,13.5208764379938,0.0,0.15093447239327445,0.0,300,0.03267502784729004,0.000517432667484877,0.0003790500723407595,1263451,13.616585910640625,0.0
4234,3.1703996658325195,13.571363107603723,0.10793823839088042,13.695986100315755,13.418685903821757,0.0,0.16203211147746943,0.1,0.0031969547271728516,0.058571577072143555,0.04991554,0.689233,13.525925104954794,0.0,0.151934896179311,0.0,300,0.029375553131103516,0.00046786642446687674,0.000370664780193558,1263751,13.64810279925941,0.0
4235,3.0800092220306396,13.554133357123833,0.12873278381567071,13.744126518419055,13.39578234158872,0.0,0.16272435894545112,0.1,0.0031142234802246094,0.06173062324523926,0.049909618,0.8221076,13.528745930171699,0.0,0.1517542231811354,0.0,300,0.029572486877441406,0.0004253658269676165,0.0003687402746616933,1264051,13.627483698073624,0.0
4236,3.0709264278411865,13.540260640396061,0.17354601219227034,13.765567303138459,13.329649687373735,0.0,0.16390821574804373,0.1,0.003056764602661133,0.06118202209472656,0.049944803,0.60219514,13.529897401194136,0.0,0.15150386207290667,0.0,300,0.02943253517150879,0.0007778134631096376,0.0005580655846588633,1264351,13.568717816856505,0.0
4237,3.054591417312622,13.573059532567203,0.12073437155103028,13.741260439581133,13.429760625838668,0.0,0.15326248723807773,0.1,0.003240346908569336,0.07750582695007324,0.04995946,0.87852,13.534213614331442,0.0,0.15197808289312034,0.0,300,0.05810856819152832,0.0005316349252450109,0.000408629058624542,1264651,13.580834877840212,0.0
4238,3.2875332832336426,13.586950356470126,0.0746010388999127,13.678390800015665,13.486140861261566,0.0,0.1592113143846031,0.1,0.011524438858032227,0.09105467796325684,0.049803134,0.8694577,13.539487288545311,0.0,0.15213197541987955,0.0,300,0.03544497489929199,0.0004988999652177517,0.000424191908779302,1264951,13.538436877362074,0.0
4239,3.126817464828491,13.486261653880733,0.1823346478899417,13.651358189273768,13.177622930088168,0.0,0.1572156079845106,0.1,0.003110170364379883,0.07032918930053711,0.049885303,1.2142633,13.534164725078853,0.0,0.1507783351964487,0.0,300,0.030058622360229492,0.0005258036699899587,0.0004536062807868477,1265251,13.51872938974506,0.0
4240,3.1725540161132812,13.630922054846026,0.05928295324931418,13.726245247735175,13.572362955153347,0.0,0.16164659233084253,0.1,0.003008127212524414,0.06007957458496094,0.049655918,0.7526936,13.54384045805557,0.0,0.15271960784676256,0.0,300,0.02902817726135254,0.0004104473821322331,0.0002934689827719059,1265551,13.553526440225406,0.0
4241,3.1368589401245117,13.555061938437717,0.07578311004128784,13.630025826141917,13.433713713981403,0.0,0.16001093373783498,0.1,0.003498077392578125,0.06024813652038574,0.049592566,1.1529733,13.544962606093785,0.0,0.15176778954091638,0.0,300,0.029513120651245117,0.0006930162041449818,0.0004969089131006057,1265851,13.665996010946165,0.0
4242,3.0617218017578125,13.525918445722368,0.11893051123542171,13.658079234503774,13.346474607289382,0.0,0.1605547221515071,0.1,0.003547191619873047,0.06388998031616211,0.049509943,0.60438,13.543058190056643,0.0,0.151328565382599,0.0,300,0.03011155128479004,0.0006751806415441379,0.0004306476004838663,1266151,13.494499526392005,0.0
4243,3.081695795059204,13.55400966719219,0.10469614703800753,13.685061392705212,13.39223960860646,0.0,0.16610888328131115,0.1,0.003564119338989258,0.13007640838623047,0.049949724,0.73168397,13.544153337770199,0.0,0.15168908103522133,0.0,300,0.03002142906188965,0.00032342635530928636,0.00025486791234038156,1266451,13.553691031576909,0.0
4244,3.163022756576538,13.558035229379724,0.08673323890909174,13.701914247116664,13.472470744041235,0.0,0.16543691817011094,0.1,0.003352642059326172,0.06524944305419922,0.04997998,0.8389862,13.545541526931151,0.0,0.15177735209758958,0.0,300,0.030197620391845703,0.00047890704475978457,0.0004256295953977152,1266751,13.563258434984155,0.0
4245,3.087045669555664,13.609061146886326,0.04350092280528008,13.679297690964855,13.560168536094489,0.0,0.15529429039038053,0.1,0.0033864974975585938,0.06121063232421875,0.050168313,0.6946364,13.55189348892667,0.0,0.15247721770377734,0.0,300,0.030265331268310547,0.00020729425908053931,0.00019093810991148083,1267051,13.549263584369589,0.0
4246,3.1280999183654785,13.604454643975696,0.05088122421842212,13.690293007797166,13.557079862747127,0.0,0.15422913748864,0.1,0.003179788589477539,0.06152844429016113,0.04993552,1.056024,13.557149604431572,0.0,0.1523596722414818,0.0,300,0.049112796783447266,0.0003037838352327284,0.00026493463996659624,1267351,13.510906736460536,0.0
4247,3.1546149253845215,13.643462467443694,0.07677889671243378,13.733764589439902,13.559185670216419,0.0,0.1580658126248173,0.1,0.003217458724975586,0.11277318000793457,0.050010446,0.92057914,13.565780890732785,0.0,0.15284792236782516,0.0,300,0.04604005813598633,0.00024155843102960917,0.00019097563868150324,1267651,13.47180675423555,0.0
4248,3.2080609798431396,13.585509240701002,0.13079138039091975,13.728654985491485,13.384074664208393,0.0,0.16109702991654196,0.1,0.00328826904296875,0.06090950965881348,0.050255433,0.6874125,13.567753725729608,0.0,0.1520977949775913,0.0,300,0.02980780601501465,0.00029468070109972517,0.00026148429678565907,1267951,13.59589336717355,0.0
4249,3.106231927871704,13.459615352360087,0.19554029840702958,13.652189889006172,13.132784165222963,0.0,0.15872674807384307,0.1,0.0030689239501953125,0.06390142440795898,0.049830813,0.965755,13.556939888392657,0.0,0.15045405298015854,0.0,300,0.029445648193359375,0.0004497209049460319,0.0003924515019330592,1268251,13.735507849585554,0.0
4250,3.145951509475708,13.45012018667332,0.07087350976378302,13.54172396729276,13.3462357553038,0.0,0.16023718162474784,0.1,0.0031006336212158203,0.06507086753845215,0.049919274,0.6033553,13.546257918220725,0.0,0.150324941145156,0.0,300,0.06335020065307617,0.0005244753261728149,0.0003568708930837013,1268551,13.67029026970271,0.0
4251,3.160902738571167,13.579785139572436,0.09349495826432903,13.692237585655029,13.473748647609359,0.0,0.16278779591658973,0.1,0.0030646324157714844,0.05845022201538086,0.049889352,0.81275237,13.549610640355898,0.0,0.1520150752440972,0.0,300,0.06420016288757324,0.0007480383623417843,0.0006946910746855363,1268851,13.634403595457051,0.0
4252,3.242215394973755,13.492459990320851,0.11861241873521439,13.637258365514745,13.33577960905038,0.0,0.16049226741659572,0.1,0.003174304962158203,0.06079983711242676,0.049668755,0.6780272,13.543895575352394,0.0,0.15083233844576613,0.0,300,0.03156137466430664,0.0005124365466336891,0.00042770374627047264,1269151,13.62237970195843,0.0
4253,3.1256442070007324,13.647914291194397,0.03983391939562392,13.70091224830972,13.590446004002015,0.0,0.15945898690965726,0.1,0.0030896663665771484,0.06010103225708008,0.049853694,1.2446548,13.554297446936594,0.0,0.15294022644850128,0.0,300,0.0304872989654541,0.0007814509174925328,0.0006615222888254361,1269451,13.569936045789198,0.0
4254,3.0860488414764404,13.495810689643479,0.26098539591373615,13.670161779826046,13.045964752308342,0.0,0.1503024075436167,0.1,0.003527402877807617,0.061386823654174805,0.0499653,0.8755485,13.548448771207283,0.0,0.1508789606207736,0.0,300,0.030472278594970703,0.0006323574373836377,0.000469510391346011,1269751,13.618316874765945,0.0
4255,3.1163876056671143,13.62487066044681,0.03509437636301252,13.683628921402331,13.595975047087183,0.0,0.15758523119685067,0.1,0.0034160614013671875,0.06137514114379883,0.050177466,0.6278126,13.556090960131236,0.0,0.15261599801746306,0.0,300,0.030298233032226562,0.0006225498015271934,0.0004591018778235593,1270051,13.581827045567005,0.0
4256,3.1913115978240967,13.715123610900823,0.04565099834233823,13.76086879866809,13.652420693912411,0.0,0.16590762188181232,0.1,0.0034241676330566406,0.06435680389404297,0.049873766,0.8624665,13.571994225208194,0.0,0.1538460465014053,0.0,300,0.03038930892944336,0.0006315647075660132,0.00036628109195414757,1270351,13.654745915026135,0.0
4257,3.2837233543395996,13.4570423612539,0.16694880618423472,13.604917051688895,13.178518340380046,0.0,0.15828343028674938,0.1,0.011289596557617188,0.06994748115539551,0.05023556,0.62843055,13.560499038812765,0.0,0.15048349321381357,0.0,300,0.030121564865112305,0.0005560591029533165,0.00048691645714738006,1270651,13.672384759606482,0.0
4258,3.2189064025878906,13.56273138910077,0.09105376038331225,13.650850615587105,13.431661333180179,0.0,0.1581982180081917,0.1,0.0037724971771240234,0.06366848945617676,0.049559485,0.6810562,13.560722273841566,0.0,0.15181205611687332,0.0,300,0.032731056213378906,0.0005974752645937804,0.0004750734722484872,1270951,13.6964553528501,0.0
4259,3.130711555480957,13.407377365755448,0.2019393562550486,13.68992081196269,13.160736701649013,0.0,0.15813016132573096,0.1,0.010483264923095703,0.06790995597839355,0.04945866,1.122124,13.545387783032954,0.0,0.14973652538666765,0.0,300,0.030069351196289062,0.0006237386581974772,0.0004232609035839105,1271251,13.674438306493693,0.0
4260,3.180525541305542,13.24961360872376,0.2634250886714068,13.580598310437678,12.920451828305671,0.0,0.15721652518878326,0.1,0.0031723976135253906,0.10494089126586914,0.0499981,0.6391279,13.515810365602034,0.0,0.1477868007647521,0.0,300,0.03528118133544922,0.0006593510140967953,0.0005515345458072756,1271551,13.721063698552223,0.0
4261,3.1765201091766357,13.524553140981956,0.1081667087646103,13.627364860204423,13.35388058051386,0.0,0.1589424867281847,0.1,0.0031461715698242188,0.06078934669494629,0.04992615,1.0887274,13.516684643140026,0.0,0.15136058754285897,0.0,300,0.029690027236938477,0.0006824202762459845,0.0005024445098816774,1271851,13.766199199086996,0.0
4262,3.1621718406677246,13.66376594061349,0.05750915520070852,13.744092353046806,13.583055801334892,0.0,0.1553313325213025,0.1,0.003248453140258789,0.13080191612243652,0.049942933,1.4409242,13.531392772887372,0.0,0.15314712180306977,0.0,300,0.030933141708374023,0.0006989840569027288,0.0003993455047025242,1272151,13.624742213615294,0.0
4263,3.1266682147979736,12.999388818859506,0.5921070541546093,13.642930274315631,12.072817906183834,0.0,0.13706570700539325,0.1,0.003189563751220703,0.12729191780090332,0.051085062,0.44157985,13.478192377484586,0.0,0.14436743173847966,0.0,300,0.029821157455444336,0.002265212386551892,0.0014759069594711106,1272451,13.712265953937342,0.0
4264,3.0893654823303223,13.629614437492108,0.12066255991107562,13.763014964497826,13.45857285343358,0.0,0.15972455082917955,0.1,0.0031163692474365234,0.061232566833496094,0.0501934,0.844125,13.493334583485339,0.0,0.15271806024904241,0.0,300,0.029280662536621094,0.0015490132653957502,0.0010654879700162437,1272751,13.684314739083632,0.0
4265,3.110898494720459,13.686495553297124,0.0710751931496093,13.767582650666272,13.610159641173144,0.0,0.16472158228246261,0.1,0.003154277801513672,0.061743736267089844,0.0500831,0.9909488,13.512650680466518,0.0,0.15345698855785617,0.0,300,0.029346704483032227,0.0009378945572114878,0.0006738898644469011,1273051,13.694829771408196,0.0
4266,3.1665444374084473,13.54135959233426,0.01287739394739904,13.563308914570024,13.531971207723448,0.0,0.14594183074072997,0.1,0.003165006637573242,0.06052970886230469,0.049879223,0.6123771,13.515521571653293,0.0,0.15150143613386055,0.0,300,0.028995037078857422,0.0006152922475343092,0.0003625014383650099,1273351,13.716610788937821,0.0
4267,3.1141750812530518,13.522864199632732,0.23677653782912947,13.739053947652701,13.130033079563297,0.0,0.16430519798754378,0.1,0.0036857128143310547,0.06149458885192871,0.049907435,0.6902652,13.516255834451236,0.0,0.15141888826811564,0.0,300,0.02967214584350586,0.0007280562246595423,0.000652559464114235,1273651,13.548790214273913,0.0
4268,3.1120893955230713,13.588611373396128,0.12603400076975876,13.726798252399753,13.428963115031314,0.0,0.16106387702462852,0.1,0.003381013870239258,0.06095075607299805,0.049874123,0.88373893,13.523491388345725,0.0,0.152201400475314,0.0,300,0.02951335906982422,0.00046184542040258905,0.00028906557849795237,1273951,13.611589004765088,0.0
4269,3.0756728649139404,13.564341504580508,0.037238792212039684,13.600361995991538,13.504297432368862,0.0,0.1531245789814322,0.1,0.003295421600341797,0.06150174140930176,0.049704228,0.7195417,13.527576399969204,0.0,0.15183119667165895,0.0,300,0.030153512954711914,0.0005635783971196947,0.0004476958704048726,1274251,13.59297204419937,0.0
4270,3.0973703861236572,13.323300162509726,0.22080179995066995,13.634858179310699,13.050549772394474,0.0,0.159894684151595,0.1,0.0032525062561035156,0.06245136260986328,0.050023753,0.61598665,13.507148776223257,0.0,0.14864102103268287,0.0,300,0.0295412540435791,0.0007660608660630741,0.000558594624647591,1274551,13.555825286252459,0.0
4271,3.0600340366363525,13.542065109917756,0.07067159995831813,13.63685458163279,13.439296285950611,0.0,0.16101953578144257,0.1,0.005261421203613281,0.09742069244384766,0.04960436,0.77497935,13.510640409592707,0.0,0.15153608497675017,0.0,300,0.030449867248535156,0.00028509227487607484,0.00024741950454084673,1274851,13.628049462637533,0.0
4272,3.0797135829925537,13.618914614876338,0.08746458962223864,13.714078895680142,13.476134270751498,0.0,0.1616166718913782,0.1,0.0033721923828125,0.06201791763305664,0.050009686,0.9488676,13.52146783012107,0.0,0.1525389889731754,0.0,300,0.032242536544799805,0.0003036921115722569,0.0002158479893241797,1275151,13.551386376874406,0.0
4273,3.125779867172241,13.511931448747461,0.05035376501044822,13.560941078443195,13.428570770723658,0.0,0.16103662866169824,0.1,0.0033075809478759766,0.061612606048583984,0.049656536,0.887546,13.520514191983711,0.0,0.15127520708917547,0.0,300,0.030159473419189453,0.0003182336073265367,0.00022944995960927676,1275451,13.615428695752003,0.0
4274,3.0913240909576416,13.545174972452982,0.03192012200739883,13.566135111637012,13.48995530510817,0.0,0.1562375740740675,0.1,0.003353118896484375,0.06617498397827148,0.050171126,0.8225193,13.522980270030638,0.0,0.15155959264048346,0.0,300,0.029846906661987305,0.0002861305749145225,0.0002585095585327725,1275751,13.66992855274997,0.0
4275,3.203068733215332,13.53636126787269,0.05813335435959145,13.604099451300932,13.472168393357128,0.0,0.15457706158104795,0.1,0.015547037124633789,0.05913543701171875,0.050031554,0.67691034,13.524318369814843,0.0,0.15151520727922713,0.0,300,0.03094172477722168,0.0004085268064443731,0.00031046469809108796,1276051,13.614525556168488,0.0
4276,3.118041515350342,13.614548386817702,0.03372238775820529,13.659246488220916,13.570635305244636,0.0,0.15903477674211255,0.1,0.003213167190551758,0.05898737907409668,0.04986369,0.85627156,13.533341371515128,0.0,0.15254970208105711,0.0,300,0.029660940170288086,0.0003203255754861659,0.00022207639953825015,1276351,13.670464646511114,0.0
4277,3.130892515182495,13.578053422791795,0.07440892900039817,13.693720842332302,13.5038657996553,0.0,0.15995548245356947,0.1,0.0032072067260742188,0.12238287925720215,0.049805768,0.8085682,13.537812576642796,0.0,0.1519894390945437,0.0,300,0.030485868453979492,0.00040109386951803477,0.0003108219785045149,1276651,13.663221985164396,0.0
4278,3.11002254486084,13.584083887386779,0.073029590149375,13.666168145404333,13.48332613484825,0.0,0.15234278577804866,0.1,0.003312826156616211,0.06099295616149902,0.050187636,0.92111015,13.542439707717195,0.0,0.15209517362671618,0.0,300,0.08477330207824707,0.0008552447966999762,0.0003297089616754979,1276951,13.580072181433088,0.0
4279,3.156714677810669,13.458260247632623,0.1704869771509275,13.621854239332748,13.226314060347267,0.0,0.15979335026037889,0.1,0.003111124038696289,0.09942817687988281,0.050566662,0.66653824,13.534021761708738,0.0,0.150375751226415,0.0,300,0.03757166862487793,0.0007889947327720882,0.000614345566386871,1277251,13.696501157568946,0.0
4280,3.1233909130096436,13.590933952861914,0.06659223026986659,13.672369281887654,13.506366332913395,0.0,0.16370391253347277,0.1,0.0031080245971679688,0.061309814453125,0.050186645,0.801586,13.539712980824055,0.0,0.15223633407027376,0.0,300,0.03184962272644043,0.00043791983022709925,0.0004194847140130125,1277551,13.672670605704075,0.0
4281,3.082747459411621,13.55932165403559,0.02861767199668269,13.581710923568762,13.510176209654116,0.0,0.16022848654884567,0.1,0.006300926208496094,0.07273197174072266,0.04989756,0.7699952,13.541673848145209,0.0,0.15182081336541103,0.0,300,0.030249595642089844,0.000428214239976967,0.0003555026520397734,1277851,13.60579469376694,0.0
4282,3.1293790340423584,13.496930360014463,0.09487966954641666,13.619859051168188,13.38867061676281,0.0,0.15359450429496305,0.1,0.007823467254638672,0.06360983848571777,0.050361816,0.7216684,13.537199499332136,0.0,0.1509628046824654,0.0,300,0.029633522033691406,0.00037706231957571897,0.00029540493867603564,1278151,13.555551957841969,0.0
4283,3.1623172760009766,13.340133962372956,0.46293506188083816,13.71927667745862,12.555593547046586,0.0,0.1436361945518109,0.1,0.0032732486724853516,0.06334900856018066,0.05064367,0.60405475,13.517492945636219,0.0,0.14883902715785072,0.0,300,0.02969813346862793,0.0010726105004130726,0.0009892715265580024,1278451,13.531094067982062,0.0
4284,3.111816883087158,13.619782323314585,0.07860596140160671,13.731778228281737,13.516453733932082,0.0,0.1543807908038451,0.1,0.0034096240997314453,0.06106829643249512,0.049940366,1.3949039,13.527721883404055,0.0,0.1526324122455912,0.0,300,0.031670331954956055,0.0007724827711763864,0.0003130265552691796,1278751,13.650584900434522,0.0
4285,3.1289219856262207,13.589811833022868,0.19529681231525223,13.770854043649978,13.261202271550937,0.0,0.15796329982502935,0.1,0.003353595733642578,0.0635373592376709,0.050126348,0.6445418,13.533930878365938,0.0,0.15216783755145608,0.0,300,0.0306093692779541,0.00039181189620635847,0.00038385981458777355,1279051,13.642136435339758,0.0
4286,3.111172676086426,13.561167561785194,0.13533868767592858,13.708073100346255,13.350463134462425,0.0,0.16745612674470173,0.1,0.0033354759216308594,0.05945992469787598,0.050160248,0.56145054,13.536654546707863,0.0,0.1517959417341226,0.0,300,0.02940225601196289,0.0005502191563982506,0.00032319728522559255,1279351,13.536248315867548,0.0
4287,3.1635072231292725,13.460800595323441,0.1678254648621647,13.670645859434527,13.250996029670645,0.0,0.1626063375551263,0.1,0.003267526626586914,0.05910015106201172,0.050115142,0.6790744,13.529069151569422,0.0,0.15051515119364225,0.0,300,0.028970003128051758,0.0014074080823229015,0.0007916854345685777,1279651,13.704049581567295,0.0
4288,3.143343925476074,13.563501117358461,0.0709108344556845,13.657079111448615,13.458348382783612,0.0,0.16450740084717705,0.1,0.0032029151916503906,0.06199312210083008,0.050019916,0.80942255,13.532512348148327,0.0,0.15188824401951045,0.0,300,0.07097744941711426,0.0015406496681547501,0.0009657046775449517,1279951,13.675260158924765,0.0
4289,3.108621120452881,13.493631451372995,0.04015037090099539,13.541403370418726,13.431933644845522,0.0,0.1702845523299639,0.1,0.0033566951751708984,0.06160306930541992,0.05002603,0.7487854,13.528624258470794,0.0,0.15090104623722947,0.0,300,0.029148340225219727,0.001525425211419622,0.0011600908438024874,1280251,13.643220084325526,0.0
4290,3.140226125717163,13.593064526708144,0.10414140970439296,13.764843822376864,13.48430828031864,0.0,0.16962524885605657,0.1,0.0032057762145996094,0.06148338317871094,0.049701862,0.63656443,13.53506828529453,0.0,0.15220245207469724,0.0,300,0.0299832820892334,0.002071102953377185,0.001356250831848316,1280551,13.637456255347244,0.0
4291,3.2335121631622314,13.494015148347213,0.09231488945496116,13.61086940488412,13.372515529053832,0.0,0.15096477826298663,0.1,0.0032320022583007812,0.061981201171875,0.050139647,0.92635477,13.530962971599799,0.0,0.15098674223851144,0.0,300,0.029945850372314453,0.0019749973899607816,0.0011025148538064884,1280851,13.627329932004985,0.0
4292,3.140516757965088,13.597967063075066,0.027627139999742374,13.629507725438193,13.567450221097625,0.0,0.1640691375191532,0.1,0.0031549930572509766,0.06071066856384277,0.05021862,0.58951086,13.537663380747325,0.0,0.15233121332107047,0.0,300,0.037992238998413086,0.002073432192808772,0.001072612457088152,1281151,13.590357648008526,0.0
4293,3.1859846115112305,13.492755598614032,0.2204411849978934,13.713484496051931,13.135383608792925,0.0,0.1574449353499866,0.1,0.0032510757446289062,0.0654296875,0.049864978,0.85054904,13.533172602533996,0.0,0.15096923202905574,0.0,300,0.03023529052734375,0.0020066140872645683,0.00135771657010626,1281451,13.650659580701037,0.0
4294,3.204954147338867,13.562215593390471,0.02243290532541649,13.585625017090655,13.525894015821255,0.0,0.16070311355805506,0.1,0.0032050609588623047,0.06122279167175293,0.049898878,1.0466356,13.536076901619644,0.0,0.15179175865947084,0.0,300,0.029505014419555664,0.001441321090662726,0.0009101510501499435,1281751,13.599720428044016,0.0
4295,3.064490556716919,13.506691428951264,0.08261129535557958,13.601216632056692,13.39345858425701,0.0,0.16140850006516486,0.1,0.0035703182220458984,0.062033653259277344,0.049710147,0.9492103,13.533138354352808,0.0,0.1510385318472267,0.0,300,0.03867959976196289,0.0012834552630041234,0.0006941562223624552,1282051,13.619722542470955,0.0
4296,3.1690216064453125,13.62998802528959,0.052273266522212425,13.708009983896853,13.569215906778965,0.0,0.17179774111962523,0.1,0.003463268280029297,0.07268762588500977,0.049762525,0.68773675,13.542823321446487,0.0,0.15268415063273238,0.0,300,0.03995919227600098,0.0010191855476641798,0.0006779779779166347,1282351,13.668985728343271,0.0
4297,3.174224615097046,13.55499377337259,0.1305007858338575,13.703030613284042,13.352570988612996,0.0,0.15804803872722295,0.1,0.0032892227172851562,0.06168055534362793,0.050044835,0.76129776,13.544040366639098,0.0,0.15170833294626407,0.0,300,0.03159284591674805,0.0005722825476687255,0.0003790747449433557,1282651,13.737056901744614,0.0
4298,3.1109094619750977,13.690336198259711,0.0717619877852382,13.772741636757443,13.582184740054643,0.0,0.1593084161838927,0.1,0.003377199172973633,0.06200098991394043,0.0500314,0.8276723,13.55866994980116,0.0,0.1534954658403172,0.0,300,0.08613276481628418,0.0005751129292436306,0.0003874220312578019,1282951,13.583387154559283,0.0
4299,3.11590576171875,13.544947288459955,0.05861835201451909,13.625754774692803,13.463684992343211,0.0,0.15479583295857083,0.1,0.0034160614013671875,0.06286406517028809,0.05005391,0.7271786,13.557297683667041,0.0,0.15169519227205902,0.0,300,0.030121803283691406,0.0005629844094217172,0.0004797581268309377,1283251,13.685589566314867,0.0
4300,3.1853086948394775,13.659660694509611,0.03201547227364918,13.695645582455775,13.61900157952428,0.0,0.1533353759806447,0.1,0.02086639404296875,0.075164794921875,0.049992964,0.89759773,13.567533984751298,0.0,0.15307956663539637,0.0,300,0.029958248138427734,0.000402530308516404,0.00030371825296974305,1283551,13.554152951857391,0.0
4301,3.125138282775879,13.457421402692411,0.06500589772433442,13.522061568644428,13.366382070533842,0.0,0.1666370400218316,0.1,0.003266572952270508,0.07635211944580078,0.050167955,0.6614923,13.55652272654541,0.0,0.15057356196410393,0.0,300,0.029173612594604492,0.0009992450271693175,0.0006640398270814863,1283851,13.687183012532353,0.0
4302,3.12613582611084,13.45541154614645,0.1899609202270568,13.632905349885657,13.137792301521818,0.0,0.15864394047167227,0.1,0.0033347606658935547,0.05924510955810547,0.049841575,0.60141146,13.546411608505515,0.0,0.1504784083219089,0.0,300,0.029265880584716797,0.0009636690730108952,0.0006359719127529653,1284151,13.559555350001427,0.0
4303,3.1042733192443848,13.51008493451396,0.11233256629317544,13.64038641849423,13.361167919898438,0.0,0.14617581795683804,0.1,0.0031080245971679688,0.05985450744628906,0.04976058,0.7824657,13.54277894110636,0.0,0.1512072887894165,0.0,300,0.029378414154052734,0.0008349970365364924,0.0004045261718675408,1284451,13.650641061290683,0.0
4304,3.0858631134033203,13.570382374898289,0.12434853613070389,13.6923885489332,13.372839072869278,0.0,0.1543250634315991,0.1,0.003086090087890625,0.06501173973083496,0.049881287,0.91208375,13.545539284485553,0.0,0.1520065903454377,0.0,300,0.031488895416259766,0.0011874520973882265,0.0007777460588241624,1284751,13.606343955842478,0.0
4305,3.252375602722168,13.58989784379176,0.09431156125648346,13.747945754145872,13.500254809301643,0.0,0.16250702268796677,0.1,0.006470203399658203,0.07051467895507812,0.050293148,0.7458031,13.549975140416175,0.0,0.15213200252969417,0.0,300,0.02947402000427246,0.0007358283120147876,0.0004270700843892652,1285051,13.685368391280347,0.0
4306,3.150575637817383,13.522141350260746,0.10393506988207586,13.638046640887373,13.354084639711395,0.0,0.17158531997758183,0.1,0.003198385238647461,0.058806657791137695,0.050019767,0.7073008,13.547191761400633,0.0,0.1513564912309332,0.0,300,0.0294189453125,0.0006577599273147351,0.0005742000365684887,1285351,13.640532429057279,0.0
4307,3.1415927410125732,13.52702852021286,0.18801424930829153,13.710225665165702,13.21336891476834,0.0,0.1621788946161716,0.1,0.003093242645263672,0.06466245651245117,0.049897697,0.79769856,13.545175437281856,0.0,0.15132007523079885,0.0,300,0.03882408142089844,0.0004815483186177204,0.00043944914242740886,1285651,13.592710410623484,0.0
4308,3.130587100982666,13.595719455283557,0.0761278649506258,13.701609903667324,13.499791612545664,0.0,0.1657033043314343,0.1,0.003217935562133789,0.05940389633178711,0.049847268,0.63983184,13.550229839082025,0.0,0.15221163509073626,0.0,300,0.02987360954284668,0.0004220141143950656,0.00037749578638202833,1285951,13.566457082326345,0.0
4309,3.119166374206543,13.669244797897726,0.04325219313455154,13.716068772755737,13.620215847025735,0.0,0.15980468439411177,0.1,0.0032529830932617188,0.061361074447631836,0.050043467,0.90460855,13.562131334963595,0.0,0.15320455323728474,0.0,300,0.029993534088134766,0.00037103588505606677,0.0003222262399315456,1286251,13.43030840405668,0.0
4310,3.1982007026672363,13.565239990192023,0.14547652785495116,13.684185962696592,13.318621777755236,0.0,0.1618140786578137,0.1,0.0115814208984375,0.07247281074523926,0.05014154,0.9174127,13.562442200486439,0.0,0.15186896245302,0.0,300,0.029427528381347656,0.00046046695719268317,0.0003155330289650948,1286551,13.545173596762131,0.0
4311,3.1535134315490723,13.663723040237912,0.05797950713949608,13.761459421383739,13.618542602043018,0.0,0.16783912465285294,0.1,0.0031020641326904297,0.059461116790771484,0.049892653,0.9771547,13.572570284461586,0.0,0.15314857778003374,0.0,300,0.046500444412231445,0.0005441120814680976,0.0004373440833896482,1286851,13.586359913101367,0.0
4312,3.087594509124756,13.574318009298633,0.1504075466785058,13.75504581655626,13.40811890115187,0.0,0.15967262372683536,0.1,0.003626108169555664,0.06284451484680176,0.050077904,0.72379005,13.57274505694529,0.0,0.15200500098443703,0.0,300,0.03011012077331543,0.000562339007341769,0.00042858114170758445,1287151,13.642229770915428,0.0
4313,3.093665838241577,13.505769786264247,0.08104399583181676,13.63733377051157,13.41698103052236,0.0,0.15446931929976604,0.1,0.0034453868865966797,0.062128305435180664,0.04969095,0.9112373,13.566047529877187,0.0,0.15108886901614665,0.0,300,0.02954721450805664,0.0007454556806617676,0.0005658119978559874,1287451,13.601034565731313,0.0
4314,3.1542270183563232,13.351258705437735,0.4145110746920893,13.718870729442532,12.648536270602818,0.0,0.16704275189050855,0.1,0.003401041030883789,0.12875938415527344,0.050102755,0.8314179,13.544568647433241,0.0,0.14903184801978786,0.0,300,0.03198385238647461,0.0016702328511397592,0.0013766409478134162,1287751,13.670670105691471,0.0
4315,3.115198850631714,13.628681638203913,0.02453344712463151,13.664244791679568,13.605566846694614,0.0,0.15904421889008694,0.1,0.0031347274780273438,0.06002378463745117,0.049804572,0.7072307,13.552979946510309,0.0,0.15272593132234688,0.0,300,0.030890464782714844,0.001300516740026253,0.0008191360165445383,1288051,13.673591200476979,0.0
4316,3.168044090270996,13.610899249595146,0.11895000472664409,13.71124169638678,13.411924891683743,0.0,0.1570428026326415,0.1,0.0036537647247314453,0.06555509567260742,0.0500512,0.7723803,13.558771876818794,0.0,0.15241852269220293,0.0,300,0.05335354804992676,0.0010022696119474745,0.0006065497279716938,1288351,13.661751582068407,0.0
4317,3.1202685832977295,13.598105242888769,0.05518110909086107,13.645752614115693,13.504329591048489,0.0,0.1565803050857105,0.1,0.0034170150756835938,0.06130504608154297,0.050301928,0.92653465,13.562705213425792,0.0,0.1522782073364614,0.0,300,0.02965688705444336,0.0006806818157520466,0.0005322724469350872,1288651,13.583268106524605,0.0
4318,3.262834310531616,13.35820851373175,0.12631065333744923,13.462504879776247,13.146612267266566,0.0,0.1521235262625971,0.1,0.0034704208374023438,0.0613710880279541,0.0499969,0.8744602,13.542255543456388,0.0,0.14913047340630672,0.0,300,0.031996726989746094,0.0006742697203382908,0.00036662192884328915,1288951,13.746201857631293,0.0
4319,3.135862350463867,13.5214316417298,0.09408301588095534,13.64229869987032,13.391737449479818,0.0,0.15599390421503984,0.1,0.003483295440673828,0.06069612503051758,0.0501019,1.1138638,13.540173153283728,0.0,0.15131290277203702,0.0,300,0.03273940086364746,0.000492465982325156,0.00035308537019393594,1289251,13.60696892568462,0.0
4320,3.175143241882324,13.645851712350815,0.07539592616537746,13.760756121685645,13.554172599766218,0.0,0.15425546275388752,0.1,0.0033037662506103516,0.06155681610107422,0.0495649,1.3284584,13.550741009190437,0.0,0.1529437551882272,0.0,300,0.03214097023010254,0.0005917128222460369,0.0004826714020134856,1289551,13.678828889005851,0.0
4321,3.1460015773773193,13.45025055579757,0.2665885454994328,13.68746720263431,13.017112615322716,0.0,0.15938621601862,0.1,0.003307342529296875,0.1321713924407959,0.05021623,0.63902754,13.54069196385115,0.0,0.1503181271583496,0.0,300,0.032846927642822266,0.0009016797713511951,0.0007642407306219538,1289851,13.64535235608139,0.0
4322,3.106945276260376,13.485442013431664,0.06346500929312401,13.555825883476633,13.41187307167984,0.0,0.16507029914211818,0.1,0.003464221954345703,0.06376004219055176,0.05037876,0.7167482,13.535166968809202,0.0,0.15083800836528766,0.0,300,0.030329227447509766,0.0013075034877888386,0.0009509224801152062,1290151,13.690925747604615,0.0
4323,3.1209347248077393,13.52811881496987,0.07965987473095454,13.651901277250369,13.429604772643906,0.0,0.14615492685962755,0.1,0.004255533218383789,0.06064748764038086,0.04844431,6.2608066,13.534462153425268,0.0,0.151318998365086,0.0,300,0.06693863868713379,0.0007087026042908536,0.0004855020612847639,1290451,13.644151150613489,0.0
4324,3.1153013706207275,13.532674892034128,0.0705898958103537,13.612223123121984,13.419365125172023,0.0,0.15653898763587265,0.1,0.0032448768615722656,0.06206178665161133,0.049894106,0.606255,13.534283427286155,0.0,0.1514871274808076,0.0,300,0.029396533966064453,0.000883844320464767,0.000420919902843631,1290751,13.671006397087988,0.0
4325,3.161048650741577,13.62642018576863,0.08866034658133107,13.749046471944915,13.507807983250933,0.0,0.16463657646297553,0.1,0.0035262107849121094,0.06431746482849121,0.049909595,0.71662426,13.543497103134404,0.0,0.1527003128337743,0.0,300,0.0654754638671875,0.0007596488568959633,0.0004596636656360638,1291051,13.630023126210567,0.0
4326,3.1710751056671143,13.518297894279224,0.09875589910780237,13.62320746084739,13.356181035834597,0.0,0.15816126151242246,0.1,0.003177642822265625,0.0601499080657959,0.049937543,0.86164784,13.540977182248886,0.0,0.15134601331797606,0.0,300,0.030739307403564453,0.0004478470938148292,0.0003433010795766198,1291351,13.630875480030355,0.0
4327,3.229097366333008,13.512965542223396,0.17264253338351285,13.77695530819076,13.331740980985648,0.0,0.1624994618379237,0.1,0.003229856491088867,0.06025981903076172,0.050049495,0.6156421,13.538176018246336,0.0,0.15117035628255468,0.0,300,0.029889345169067383,0.00039720535267720404,0.00032107919966162897,1291651,13.665824904672576,0.0
4328,3.0829596519470215,13.54995752161745,0.030892128337711197,13.58628207770397,13.516471309670196,0.0,0.1551674209836153,0.1,0.003704071044921875,0.06251382827758789,0.049367644,0.8557538,13.539354168583447,0.0,0.15167976631933305,0.0,300,0.03252983093261719,0.0006042183470747005,0.0004538208905301278,1291951,13.643592912203617,0.0
4329,3.1334316730499268,13.595881352856294,0.16282849719217213,13.75233358780603,13.329166463161863,0.0,0.15345360507801323,0.1,0.0033736228942871094,0.0665895938873291,0.049638454,0.7001428,13.545006887010732,0.0,0.15224362647533607,0.0,300,0.03017282485961914,0.000530269259959112,0.00042707541901647767,1292251,13.67567783810543,0.0
4330,3.0968053340911865,13.512493945011745,0.10618427779066475,13.645970404360142,13.363815236194656,0.0,0.14931274673463493,0.1,0.0033164024353027344,0.06230926513671875,0.049908563,0.6980253,13.541755592810834,0.0,0.15122905752426288,0.0,300,0.030208587646484375,0.0004568028838011476,0.000410945356385952,1292551,13.571407405230447,0.0
4331,3.1571178436279297,13.62652850847589,0.09166480488818356,13.734890047868536,13.512325294679243,0.0,0.16709292093572045,0.1,0.0032241344451904297,0.06058645248413086,0.050172728,0.70171136,13.550232884377339,0.0,0.15272262515758997,0.0,300,0.02927565574645996,0.000560987527174974,0.0004427840980687284,1292851,13.629240893570683,0.0
4332,3.076075315475464,13.506719002940958,0.06727588236132598,13.622387855834981,13.458257219876982,0.0,0.15434800990684347,0.1,0.0033392906188964844,0.061101436614990234,0.050136127,0.71203995,13.5458814962337,0.0,0.15104097322360752,0.0,300,0.02975630760192871,0.0009213920885467408,0.000538248294033619,1293151,13.65807051560838,0.0
4333,3.0897645950317383,13.490894990418937,0.1438763434945413,13.708399530583803,13.306263422737475,0.0,0.16370139704493053,0.1,0.003289937973022461,0.07824230194091797,0.050171778,0.5938567,13.540382845652225,0.0,0.1508417861838741,0.0,300,0.030037641525268555,0.0008324360602580991,0.0006880381099082358,1293451,13.671202070506538,0.0
4334,3.1335628032684326,13.605014061326719,0.09431904840930122,13.709358174827974,13.453077197447612,0.0,0.15838223422373296,0.1,0.003376007080078125,0.06170821189880371,0.049904607,0.74678224,13.546845967219674,0.0,0.15236875946444878,0.0,300,0.030462265014648438,0.0004117776761476293,0.00035465766539595977,1293751,13.615807782943905,0.0
4335,3.131971836090088,13.545416867509392,0.07245233394628496,13.64487173967745,13.440115755882804,0.0,0.16775173536781227,0.1,0.003593921661376953,0.11008334159851074,0.049937975,0.6761602,13.546703057248648,0.0,0.15160442959593456,0.0,300,0.033143043518066406,0.00034575828746431867,0.00029326305712998666,1294051,13.67788492110973,0.0
4336,3.143354654312134,13.447938331209137,0.21919877170244773,13.632046257258,13.074103734775383,0.0,0.151532429583668,0.1,0.0034852027893066406,0.09666562080383301,0.05003861,0.7206017,13.536826584644697,0.0,0.15040722937788426,0.0,300,0.05197024345397949,0.0006195027441259029,0.0004775885316066136,1294351,13.581854955630753,0.0
4337,3.1630849838256836,13.547549710200578,0.0770119807564545,13.650047014430248,13.445353769395833,0.0,0.1483070442803304,0.1,0.003034353256225586,0.05961966514587402,0.049965978,0.72943026,13.537898897200286,0.0,0.15169228760091016,0.0,300,0.0299837589263916,0.0005627694619167569,0.0004464992080648833,1294651,13.672209837335517,0.0
4338,3.177896738052368,13.485187585291639,0.14607529913429584,13.714652362300697,13.312398160001534,0.0,0.1575809954989503,0.1,0.003267526626586914,0.06281328201293945,0.05005053,0.9487015,13.532627766009421,0.0,0.15081516866559955,0.0,300,0.03228449821472168,0.00048473868730164807,0.0004350006210083183,1294951,13.624942217494072,0.0
4339,3.1603686809539795,13.444530304391481,0.21000278464324387,13.66538372891528,13.098474249245962,0.0,0.1642946448231658,0.1,0.00323486328125,0.06028604507446289,0.04986074,0.7218576,13.523818019847626,0.0,0.15042182753095712,0.0,300,0.02993035316467285,0.0006609663775165479,0.0005364927832778795,1295251,13.618809857997581,0.0
4340,3.2148165702819824,13.579078675925027,0.08360532976163418,13.692172895607818,13.458669844673,0.0,0.17331740787031286,0.1,0.0034143924713134766,0.06366801261901855,0.049734954,0.85402954,13.529344085455367,0.0,0.15205401182664574,0.0,300,0.03008270263671875,0.000336912418992674,0.0002517852128534457,1295551,13.645376546201996,0.0
4341,3.209514856338501,13.504363466555507,0.2060272281850396,13.79092909082772,13.29876608581912,0.0,0.1567710760814194,0.1,0.0032494068145751953,0.06089377403259277,0.05057619,1.3288828,13.526846023565382,0.0,0.15106628707711708,0.0,300,0.03006744384765625,0.00039668227597288076,0.00037082650526709486,1295851,13.65606112835736,0.0
4342,3.9810848236083984,13.530824802412445,0.11765165774195298,13.625785077737854,13.334406620793866,0.0,0.15939479882302382,0.1,0.0030956268310546875,0.0601654052734375,0.050047453,0.8141499,13.527243901450088,0.0,0.15143549649373475,0.0,300,0.02972412109375,0.0006105142269519679,0.00040587492378189784,1296151,13.61080658441182,0.0
4343,3.19053316116333,13.317050011130762,0.5873188042396177,13.8410341697241,12.320829601112452,0.0,0.14663067972491528,0.1,0.0037691593170166016,0.06843090057373047,0.050761353,0.51896286,13.506224512418157,0.0,0.14863817876883267,0.0,300,0.030334949493408203,0.0013116683696386018,0.0009376352312501964,1296451,13.523757411246722,0.0
4344,3.0608694553375244,13.502054741197064,0.13744267885398045,13.65189914023529,13.28958754885813,0.0,0.15833115540937398,0.1,0.0033864974975585938,0.06120038032531738,0.049919263,0.677519,13.505807535296048,0.0,0.15110121669312238,0.0,300,0.029819250106811523,0.0005251430350213582,0.00037025606802818705,1296751,13.702269319487643,0.0
4345,3.061708688735962,13.438662366969005,0.08707015695064071,13.57461881228882,13.335938671839038,0.0,0.1569904807236387,0.1,0.0034728050231933594,0.060590505599975586,0.050012525,0.7262372,13.499093018463345,0.0,0.15022109157136537,0.0,300,0.03234291076660156,0.00029014567025862156,0.0002608610306313482,1297051,13.583098860389706,0.0
4346,3.170076608657837,13.567683297872263,0.07753923126668315,13.676967982956219,13.460267402567034,0.0,0.16336995118473815,0.1,0.007898330688476562,0.09699010848999023,0.05028247,1.0994717,13.505952046404236,0.0,0.1518791108459161,0.0,300,0.02996087074279785,0.00047699617303297866,0.00032325675177345963,1297351,13.62494417275955,0.0
4347,3.1173017024993896,13.559039320076241,0.0884042043075588,13.683000552165089,13.438602604483485,0.0,0.160759138281807,0.1,0.0033130645751953125,0.060822486877441406,0.04996293,0.7352818,13.511260773771436,0.0,0.15185687154915947,0.0,300,0.03201603889465332,0.0003758593346969175,0.00037085185729820395,1297651,13.58895067398229,0.0
4348,3.1053919792175293,13.59541728647455,0.07457742632133724,13.71895113671081,13.519549787195087,0.0,0.16555314470286292,0.1,0.003057718276977539,0.06156134605407715,0.050069742,0.79413563,13.519676425041748,0.0,0.15223921366139606,0.0,300,0.029635190963745117,0.00031408421158342326,0.0002738195724726743,1297951,13.683736527928035,0.0
4349,3.138277292251587,13.463360585264386,0.2571891656849927,13.745925338410213,13.168329335960141,0.0,0.15112180479674106,0.1,0.0032634735107421875,0.0790719985961914,0.049812976,0.6954469,13.514044841064013,0.0,0.15061620588576666,0.0,300,0.0722954273223877,0.0007086649944485281,0.0005735899604673206,1298251,13.62611438631731,0.0
4350,3.113617420196533,13.56376347963918,0.0548615650069841,13.651788504236965,13.502014677121045,0.0,0.16001434763278086,0.1,0.003348112106323242,0.061890602111816406,0.049984626,0.77282876,13.51901670492153,0.0,0.1518575404593035,0.0,300,0.02994847297668457,0.0005530137904311272,0.0003912601796017102,1298551,13.566533182959963,0.0
4351,3.1464614868164062,13.681774897246253,0.08124987650748898,13.74594951867987,13.54553480980694,0.0,0.15871463608648098,0.1,0.0032029151916503906,0.0597536563873291,0.049491614,0.77843124,13.535292524154002,0.0,0.15339738433120426,0.0,300,0.03299856185913086,0.0002689293105955957,0.00024111804167002829,1298851,13.602255683860008,0.0
4352,3.174560308456421,13.452342817841828,0.13982478871924114,13.564774052186014,13.212847448587059,0.0,0.15522103453669198,0.1,0.0031549930572509766,0.0600433349609375,0.049691536,0.48237407,13.526997553522785,0.0,0.1503854394541645,0.0,300,0.03196835517883301,0.0005166940752194606,0.00033069248010046036,1299151,13.645561070801875,0.0
4353,3.1370582580566406,13.50940252720015,0.10011299555931423,13.655633805291515,13.376063108333392,0.0,0.1634930409200516,0.1,0.003078460693359375,0.06154966354370117,0.050122403,1.0564294,13.525238050890522,0.0,0.15116674436571204,0.0,300,0.029988765716552734,0.00028698262757893595,0.00016843652838573835,1299451,13.704383726036113,0.0
4354,3.1954498291015625,13.245811356256755,0.17891944506321172,13.475416537968785,12.97520727280384,0.0,0.14756023653639375,0.1,0.003105640411376953,0.05953693389892578,0.049678206,0.59598374,13.497295381427147,0.0,0.1478800667821626,0.0,300,0.030039072036743164,0.0010998443873828354,0.0007389967259995043,1299751,13.75975893078666,0.0
4355,3.1597232818603516,13.566442416091688,0.08357997821778737,13.636721898515667,13.426885149595051,0.0,0.1585584015454394,0.1,0.0032126903533935547,0.0709543228149414,0.05006037,0.6997861,13.504210084893602,0.0,0.15185973118763285,0.0,300,0.058405160903930664,0.0011977548358893804,0.0007456363365236085,1300051,13.630046197075332,0.0
4356,3.17678165435791,13.259723579435335,0.5110469415469605,13.615576176725275,12.379133652277973,0.0,0.14663507706485893,0.1,0.0031757354736328125,0.06104278564453125,0.049992055,0.69012797,13.479761434347775,0.0,0.14786956843994606,0.0,300,0.03013014793395996,0.0028053716527090306,0.0018698853555765467,1300351,13.551036307536355,0.0
4357,3.0853075981140137,13.489907019052565,0.09780545274639814,13.637749943707618,13.363600693521205,0.0,0.16292054760964,0.1,0.007230997085571289,0.07535934448242188,0.049908563,0.6178542,13.480775992818254,0.0,0.1508843239721865,0.0,300,0.030264854431152344,0.0025986522012866704,0.0014524144255528163,1300651,13.56227202934452,0.0
4358,3.1318676471710205,13.624034705398515,0.07167915231513335,13.694849761768047,13.510421257129375,0.0,0.15520206381657572,0.1,0.004776954650878906,0.061570167541503906,0.05023905,1.015785,13.495101864076279,0.0,0.15265124519835205,0.0,300,0.02986001968383789,0.0011391825368751672,0.0008046525643364356,1300951,13.66307725807304,0.0
4359,3.0958521366119385,13.298801027733697,0.5172766738273148,13.637925838760935,12.404500737283204,0.0,0.1509636052630964,0.1,0.0032796859741210938,0.11474132537841797,0.049613126,0.48742288,13.475471780442021,0.0,0.14843185546282192,0.0,300,0.03041386604309082,0.0011412019985506184,0.0008941535076178741,1301251,13.619158695755806,0.0
4360,3.1072678565979004,13.389162605008378,0.19422170407012138,13.587820676091901,13.07201219018084,0.0,0.14918414285131526,0.1,0.008467912673950195,0.11123108863830566,0.049630936,0.8497046,13.466840862898657,0.0,0.1495669751643662,0.0,300,0.032286882400512695,0.000606376855963399,0.0005019856047499232,1301551,13.519272138873527,0.0
4361,3.0909392833709717,13.552979075378797,0.02769655633504951,13.584664176033154,13.51142332549492,0.0,0.15043581893028904,0.1,0.003422260284423828,0.05900311470031738,0.050227977,1.0791155,13.475454684146671,0.0,0.15171704130950103,0.0,300,0.03137373924255371,0.0004193837113971782,0.0002371279105451892,1301851,13.679983053689744,0.0
4362,3.09173321723938,13.055732562822902,0.7571631900816169,13.657420436482262,11.757042329955844,0.0,0.14976160526756477,0.1,0.003271341323852539,0.05928945541381836,0.050093226,0.72227114,13.433482472014294,0.0,0.14508049689067212,0.0,300,0.03175640106201172,0.003042352450416669,0.002253587450725728,1302151,13.576290867563124,0.0
4363,3.1498525142669678,13.677398196668749,0.08137140694310956,13.789869657482818,13.569576944445712,0.0,0.15755475857765341,0.1,0.0032477378845214844,0.060033321380615234,0.05050175,0.5301942,13.45787404447974,0.0,0.1533043192351045,0.0,300,0.029163122177124023,0.003169786857063832,0.0016041453417183678,1302451,13.533689852982407,0.0
4364,3.1176297664642334,13.501532642139576,0.18108797526471035,13.694310905996193,13.265018442703942,0.0,0.14563887198821218,0.1,0.0031654834747314453,0.061861276626586914,0.049870096,1.1813446,13.462239904245724,0.0,0.1510930030930016,0.0,300,0.02967524528503418,0.002355806863376076,0.001321807164943174,1302751,13.618606063716086,0.0
4365,3.1572604179382324,13.360151925196542,0.3275267221541718,13.5847120612267,12.797626040648726,0.0,0.14944725406883647,0.1,0.012468576431274414,0.11429643630981445,0.050008845,0.6080155,13.452031106340804,0.0,0.1491768994043883,0.0,300,0.030185937881469727,0.0009854113628071197,0.0007055078748705078,1303051,13.654983229387055,0.0
4366,3.1507139205932617,13.594828445273901,0.11308109696355167,13.684718109583633,13.400804163926761,0.0,0.15997541094292791,0.1,0.0031130313873291016,0.06155061721801758,0.05042783,1.0117397,13.466310840234115,0.0,0.15225352172407766,0.0,300,0.0300447940826416,0.0003372007365401919,0.00030113476982905456,1303351,13.606166362485675,0.0
4367,3.155766725540161,13.413610385756963,0.2451166002219696,13.642379302530296,13.009560135590094,0.0,0.15027545713715354,0.1,0.00481867790222168,0.06183290481567383,0.050134804,0.75645065,13.4610407947864,0.0,0.1499521434965448,0.0,300,0.02977585792541504,0.0007226733059761242,0.000606214775496572,1303651,13.498828943991773,0.0
4368,3.1598129272460938,13.64933655175578,0.04504460414899756,13.706182389430575,13.601773675776586,0.0,0.15882333317466332,0.1,0.003116130828857422,0.0869288444519043,0.050066266,1.0551852,13.47987037048334,0.0,0.15299623675171672,0.0,300,0.05621957778930664,0.0005671456811115317,0.0004049089719361718,1303951,13.581317324459716,0.0
4369,3.1993207931518555,13.527288723417573,0.12228627401484159,13.707347865626685,13.367821653025377,0.0,0.17301214362950862,0.1,0.003275632858276367,0.08707141876220703,0.050078493,0.73056257,13.484612205776763,0.0,0.15139414112690502,0.0,300,0.05750393867492676,0.0006549697172239888,0.0004855616385243194,1304251,13.567519197628167,0.0
4370,3.161125898361206,13.629597276859366,0.0874406432853815,13.688017616037063,13.47866877579649,0.0,0.16665464438620997,0.1,0.0030891895294189453,0.05945944786071777,0.05020871,1.020661,13.499110712885024,0.0,0.15273886903186626,0.0,300,0.0292508602142334,0.0010811445707979933,0.0008596545601611418,1304551,13.642577680905653,0.0
4371,3.204737424850464,13.399843782383668,0.10626583282231378,13.50110321620891,13.22210688126512,0.0,0.16285278478727835,0.1,0.012250900268554688,0.07334184646606445,0.05013438,0.6124765,13.489184019834887,0.0,0.1497052155398863,0.0,300,0.029637813568115234,0.0017694113249553595,0.00139551334506737,1304851,13.583988400356384,0.0
4372,3.1884145736694336,13.524477685757544,0.13075860109717266,13.615461521181897,13.29968766525428,0.0,0.1604426061812481,0.1,0.003049612045288086,0.09791445732116699,0.04997293,0.967718,13.492713386427154,0.0,0.15129539492207322,0.0,300,0.055152177810668945,0.0009196210418141311,0.0005335598655016767,1305151,13.440437639966431,0.0
4373,3.0514614582061768,13.440903145543885,0.2887890789221834,13.762602598360973,12.972641474524938,0.0,0.15378620942629131,0.1,0.0035119056701660156,0.08882617950439453,0.04969381,0.6001789,13.487532362338827,0.0,0.15023808831560329,0.0,300,0.07001137733459473,0.0007298028928263578,0.0005268198597748574,1305451,13.594897187199024,0.0
4374,3.151759624481201,13.56393045713344,0.04354402053933947,13.610216917113961,13.49286720298536,0.0,0.1570656989535685,0.1,0.0033826828002929688,0.09711384773254395,0.050065536,0.92480135,13.49517217181829,0.0,0.15186459328238935,0.0,300,0.03308677673339844,0.0007500384415276933,0.0006437199030432051,1305751,13.568263224771707,0.0
4375,3.2110979557037354,13.596586317174904,0.18980835306151733,13.820472649954791,13.298215841152036,0.0,0.16121431032982952,0.1,0.0032491683959960938,0.09844017028808594,0.05009494,0.6891443,13.505313586353951,0.0,0.15232218413084583,0.0,300,0.03036212921142578,0.0005179579078171581,0.0004870412909531563,1306051,13.57782834783862,0.0
4376,3.1730809211730957,13.524334545059432,0.09724764335751719,13.638907486831608,13.383168480533294,0.0,0.16385246899191866,0.1,0.0033311843872070312,0.06015777587890625,0.050045535,0.6904163,13.5072156822245,0.0,0.15132065453612403,0.0,300,0.029623746871948242,0.0005767298827982641,0.0004457252831778347,1306351,13.54674012315281,0.0
4377,3.0969884395599365,13.4624120074329,0.11936137370919245,13.64360092859047,13.33217537082258,0.0,0.16421103164463408,0.1,0.003256082534790039,0.06115102767944336,0.049865983,0.7190557,13.502735314745339,0.0,0.15056457585510605,0.0,300,0.031145572662353516,0.0003945710122470186,0.00033628868064036613,1306651,13.569497992030557,0.0
4378,3.1604814529418945,13.562584801246315,0.08143853228996067,13.695880249767342,13.479269919554058,0.0,0.15630463098943703,0.1,0.0031452178955078125,0.05954790115356445,0.050486933,1.0065855,13.508720263395437,0.0,0.1518558623670308,0.0,300,0.02963733673095703,0.0005991206081190299,0.00040349860676619053,1306951,13.583846723771027,0.0
4379,3.1356041431427,13.45410532281678,0.08792653683273204,13.54813875583264,13.360314954405677,0.0,0.15950088524906594,0.1,0.00452423095703125,0.05886125564575195,0.05004945,0.5431273,13.503258769337572,0.0,0.15040620597578674,0.0,300,0.029793500900268555,0.0008930233968280723,0.00043331567798951634,1307251,13.624915993651852,0.0
4380,3.1403679847717285,13.461571479858017,0.12283653825179681,13.572056450838673,13.269753007121972,0.0,0.161789900911804,0.1,0.0032432079315185547,0.06066703796386719,0.049614746,0.9008916,13.499090040389616,0.0,0.15060791226187073,0.0,300,0.02951216697692871,0.0005978469870354679,0.0004792474124275825,1307551,13.570929416097728,0.0
4381,3.3169543743133545,13.58012289338019,0.09274939767531372,13.69122258213645,13.434197897131838,0.0,0.15743325861051688,0.1,0.0029876232147216797,0.05820465087890625,0.04976699,0.9481321,13.507193325688673,0.0,0.15204588031240718,0.0,300,0.029093265533447266,0.00047439908497840227,0.0003018974652463122,1307851,13.605995184212814,0.0
4382,3.167839288711548,13.305109672042502,0.3097123920044654,13.611725344185142,12.82595558360603,0.0,0.15437857142707975,0.1,0.0033516883850097656,0.07198834419250488,0.050005924,0.6649286,13.486984960324058,0.0,0.14848997592666108,0.0,300,0.030327320098876953,0.00151255016238047,0.0009707863100130271,1308151,13.538738895475566,0.0
4383,3.186721086502075,13.513008081241221,0.06601101004178192,13.567915938878674,13.401523628449954,0.0,0.1660268516489481,0.1,0.003654956817626953,0.11839723587036133,0.049828727,0.81498075,13.489587272415775,0.0,0.15116932802335567,0.0,300,0.03192591667175293,0.0013503185726907792,0.0009089225741934934,1308451,13.619292494038573,0.0
4384,3.122162103652954,13.571054791892259,0.05841916623177622,13.639181533195236,13.47992164172671,0.0,0.1591889769811203,0.1,0.0030510425567626953,0.05915403366088867,0.049830813,0.8700761,13.497734024363425,0.0,0.15199826566787367,0.0,300,0.031266212463378906,0.000554899818696588,0.0004164288189947214,1308751,13.557645359071508,0.0
4385,3.1078224182128906,12.800104663167218,1.1258497342211524,13.531379959861564,10.852172189361767,0.0,0.14590632996958705,0.1,0.003057241439819336,0.11299729347229004,0.050174695,0.35125637,13.427971088243805,0.0,0.14164071762724267,0.0,300,0.04111075401306152,0.0029239217213036335,0.0022307557540719807,1309051,13.62711880675055,0.0
4386,3.18005108833313,13.573536047092745,0.11890862164635148,13.69987778946662,13.40898600554979,0.0,0.1485964637249616,0.1,0.003210306167602539,0.06216931343078613,0.049999833,2.2894883,13.4425275841287,0.0,0.15199998323938774,0.0,300,0.029193401336669922,0.0019713671321360095,0.0009041571473872515,1309351,13.571176389031473,0.0
4387,3.173090696334839,13.572433149396664,0.044703500639584046,13.645083855936951,13.523745945633415,0.0,0.15444406134899696,0.1,0.011693954467773438,0.10154294967651367,0.049557485,1.1827103,13.455518140655496,0.0,0.15190916258393328,0.0,300,0.030196666717529297,0.0010169777422889925,0.0007719086359855891,1309651,13.531749920552604,0.0
4388,3.14616060256958,13.492271084748559,0.1222254019558415,13.63080610583223,13.29595084328979,0.0,0.15024121947534894,0.1,0.006056547164916992,0.10871553421020508,0.04989188,0.5880902,13.459193435064803,0.0,0.15088007557008526,0.0,300,0.02990245819091797,0.0009773967520851036,0.0006221024743110411,1309951,13.665042953081345,0.0
4389,3.1816368103027344,13.558978219434033,0.035304383435742846,13.60431769476724,13.506349809806133,0.0,0.15566258145997053,0.1,0.00344085693359375,0.061713457107543945,0.049854234,1.2154578,13.469171913501725,0.0,0.15175029828035766,0.0,300,0.031029701232910156,0.00045056634302374337,0.00024245875947873668,1310251,13.577019327194565,0.0
4390,3.1870462894439697,13.499884551466504,0.23433874975592112,13.704620447756987,13.102720229246241,0.0,0.15896936091229025,0.1,0.003599405288696289,0.12843775749206543,0.04917614,0.65266967,13.472243177298203,0.0,0.15098966658304563,0.0,300,0.031035661697387695,0.00047574023762649215,0.0004139296316042001,1310551,13.601002719968797,0.0
4391,3.148259162902832,13.395862338445028,0.24570710877502402,13.630330024708952,12.982920468753017,0.0,0.15006366966572338,0.1,0.003292083740234375,0.061826229095458984,0.050477926,0.7007386,13.464605093412887,0.0,0.14964182216550154,0.0,300,0.029712438583374023,0.000610463792761344,0.0004784905694555839,1310851,13.51166453522105,0.0
4392,3.050164222717285,13.6464968446137,0.06401796412563467,13.736215906659275,13.572605566179643,0.0,0.1651345504850218,0.1,0.0034487247467041016,0.06787967681884766,0.049967684,0.89980435,13.48279426853297,0.0,0.15296731296440835,0.0,300,0.04505276679992676,0.0007847296072079886,0.0005045114517932643,1311151,13.151363867127978,0.0
4393,3.0693304538726807,13.453719453125112,0.14205032378995472,13.55779297770103,13.208985017203666,0.0,0.15074787817383278,0.1,0.003428936004638672,0.06195211410522461,0.050294638,0.7372397,13.479886786992184,0.0,0.1503764869345438,0.0,300,0.04978632926940918,0.000901535325629065,0.0006958614927391138,1311451,13.485392028563401,0.0
4394,3.2373013496398926,13.51694463746789,0.16639321966264042,13.680138596598054,13.256646304222942,0.0,0.15134003603513077,0.1,0.0034062862396240234,0.06092715263366699,0.05030037,0.6870145,13.483592572039754,0.0,0.15128217690744164,0.0,300,0.029851675033569336,0.0005334603236568572,0.00046198807955378157,1311751,13.531495173679216,0.0
4395,3.1152572631835938,13.384638227830692,0.2048448018465045,13.625550580371149,13.10725624996395,0.0,0.1476326263744289,0.1,0.0032813549041748047,0.06231260299682617,0.049465448,1.4997735,13.473697137618847,0.0,0.14953639354203901,0.0,300,0.042388916015625,0.0003008904497636619,0.00029342640258562825,1312051,13.616063425686015,0.0
4396,3.1116795539855957,13.425006788252814,0.2741107302056213,13.687985228509227,12.99410902560011,0.0,0.14722561016701638,0.1,0.0032820701599121094,0.0627598762512207,0.049926337,0.93125623,13.468828102682245,0.0,0.15001848972976767,0.0,300,0.029991865158081055,0.00036014856430297714,0.00026166036549060717,1312351,13.524545749574202,0.0
4397,3.1307923793792725,13.459499910901119,0.13374886356752422,13.616041876253915,13.311169594786701,0.0,0.15405236689807805,0.1,0.0033197402954101562,0.06044936180114746,0.04984573,0.8553756,13.467895283504133,0.0,0.15048868816906064,0.0,300,0.06119894981384277,0.00041037000926830234,0.0003466689900163142,1312651,13.63339829149964,0.0
4398,3.141502618789673,13.268745934938035,0.28935401325089644,13.569793805824277,12.817448160551045,0.0,0.15296839245193022,0.1,0.0032379627227783203,0.0599827766418457,0.05013842,0.693844,13.447980348647523,0.0,0.14806592248639083,0.0,300,0.03127121925354004,0.0012951064182120315,0.001035375880397469,1312951,13.489484803675092,0.0
4399,3.1606905460357666,13.531064909012311,0.052628987063381504,13.59329571165315,13.460185090372148,0.0,0.15288171954688096,0.1,0.003241300582885742,0.11371088027954102,0.050146658,1.0647408,13.456288804684002,0.0,0.15146780873857335,0.0,300,0.03878903388977051,0.0013565759838317522,0.0007755342039307784,1313251,13.626868559880952,0.0
4400,3.123975992202759,13.630645079524749,0.11328604741037904,13.78349237503655,13.471340064533564,0.0,0.16918948213399576,0.1,0.002965688705444336,0.05893850326538086,0.04992605,0.71542996,13.473724432168076,0.0,0.1527760349183936,0.0,300,0.029584407806396484,0.0008730777652630637,0.000750230439056613,1313551,13.569607015412252,0.0
4401,3.1212451457977295,13.633350666175595,0.08373707537998044,13.753825169240402,13.518756395208733,0.0,0.14900222511047947,0.1,0.0032281875610351562,0.12111306190490723,0.050397567,0.58268136,13.48968705556883,0.0,0.15278340795221534,0.0,300,0.029268980026245117,0.0007530982058154254,0.0003649590277614396,1313851,13.698285179864001,0.0
4402,3.1808083057403564,13.379789885074032,0.2407620252519621,13.607240703789618,12.979367759197702,0.0,0.16456153989280747,0.1,0.0031082630157470703,0.059004783630371094,0.049919173,0.7562025,13.47869733851935,0.0,0.14950991805494285,0.0,300,0.029299497604370117,0.0016921984949463769,0.001226282538174389,1314151,13.592916552751857,0.0
4403,3.1579365730285645,13.258392226733367,0.5321451128618273,13.685825115345105,12.34641908837624,0.0,0.1558855042126167,0.1,0.003149747848510742,0.0745997428894043,0.050072398,0.5860226,13.45666682734075,0.0,0.14793082622441323,0.0,300,0.07217240333557129,0.0018655852921916154,0.001302282908048473,1314451,13.545182336664064,0.0
4404,3.1729745864868164,13.564364078560763,0.11520881078935566,13.696250973258445,13.405585914106759,0.0,0.16521140072917107,0.1,0.0036301612854003906,0.0645911693572998,0.049715232,0.98531157,13.467436552462752,0.0,0.1518353245031033,0.0,300,0.029427528381347656,0.0010988838640054496,0.0007266565986391882,1314751,13.576251609540897,0.0
4405,3.103851079940796,13.5853045129181,0.08600496788231504,13.705492654780286,13.5024048788981,0.0,0.16190380469342022,0.1,0.003530263900756836,0.09675145149230957,0.05004233,0.85536337,13.479223348508288,0.0,0.15212844264218747,0.0,300,0.03267240524291992,0.000874000933049106,0.0006499796906839931,1315051,13.570683750604365,0.0
4406,3.0942654609680176,13.486740859773025,0.14105763473901642,13.644296704539167,13.265451732880951,0.0,0.14767847031084547,0.1,0.003329038619995117,0.06206464767456055,0.05004928,0.7415416,13.479975099634762,0.0,0.15078568938744813,0.0,300,0.03231406211853027,0.0009086849561598646,0.0005316056198105125,1315351,13.66820082324319,0.0
4407,3.0891926288604736,13.631217668249942,0.048072085706723985,13.692026116716828,13.561707844110728,0.0,0.1569888479478783,0.1,0.011992692947387695,0.06367802619934082,0.049733054,0.96600455,13.495099356496281,0.0,0.15270516705469536,0.0,300,0.03402209281921387,0.0007223147867059243,0.00045781998499707315,1315651,13.602647894060595,0.0
4408,3.05417537689209,13.461602777555115,0.18902766729657983,13.689246319402987,13.168516627090582,0.0,0.15879806527152332,0.1,0.0038094520568847656,0.06101799011230469,0.050054204,1.1923375,13.491749698602165,0.0,0.15055143939912707,0.0,300,0.033136606216430664,0.0009558842207262932,0.0006784669207945115,1315951,13.650013831813562,0.0
4409,3.0809221267700195,13.349256842579797,0.20889584142875886,13.54232430351646,13.038100869631668,0.0,0.1550466023205896,0.1,0.0033521652221679688,0.06054067611694336,0.050885275,1.0021479,13.477500412999929,0.0,0.14909608990354214,0.0,300,0.03176712989807129,0.00063826788443623,0.0005598639861769358,1316251,13.495748144266381,0.0
4410,3.1390225887298584,13.562426801740088,0.12878322526342628,13.755334766029986,13.418202959911001,0.0,0.16472075645361772,0.1,0.003520488739013672,0.09492301940917969,0.050046325,1.0784024,13.485993051873946,0.0,0.15182187823751445,0.0,300,0.02884674072265625,0.0010489941395504382,0.0007298252012710558,1316551,13.655503957142626,0.0
4411,3.1165595054626465,13.544828304015272,0.04921345202575115,13.587388988899091,13.465086762659608,0.0,0.1533039435961658,0.1,0.003577709197998047,0.06073117256164551,0.050316293,0.83083016,13.49187657708808,0.0,0.15159373741431087,0.0,300,0.030569076538085938,0.0007757844346809285,0.0005194379651370305,1316851,13.661159944529283,0.0
4412,3.170073986053467,13.56817242125991,0.04304255893833158,13.611863162875068,13.49889339377018,0.0,0.14223983180225364,0.1,0.0034508705139160156,0.12241911888122559,0.050204936,0.8896332,13.499506161505265,0.0,0.15191198639899745,0.0,300,0.029844999313354492,0.0007105215344795305,0.000415210188853816,1317151,13.661488708739787,0.0
4413,3.1486318111419678,13.405428268280652,0.1419751525453022,13.649419704280962,13.301032532415054,0.0,0.16087423244194007,0.1,0.003390789031982422,0.05925107002258301,0.050111074,0.66811025,13.490098372182803,0.0,0.149743878704533,0.0,300,0.029739856719970703,0.0012086861147818458,0.0009875797687075316,1317451,13.498288904030195,0.0
4414,3.1600537300109863,13.446859645681794,0.1317736718681654,13.575582171031312,13.238328491203436,0.0,0.1596268853779184,0.1,0.003329038619995117,0.1318347454071045,0.050146613,0.8593835,13.485774499532704,0.0,0.15037281132039584,0.0,300,0.02956986427307129,0.0004062167917746632,0.0003000838339956045,1317751,13.634158757458552,0.0
4415,3.26842999458313,13.438592314950071,0.13165654651587896,13.630412770140579,13.25875478395108,0.0,0.1520978830298793,0.1,0.0032281875610351562,0.0601961612701416,0.04982012,0.6520107,13.48105628107444,0.0,0.15022954668946217,0.0,300,0.05901288986206055,0.00035685653662993706,0.00028364886515732393,1318051,13.642387486148541,0.0
4416,3.072808265686035,13.566320595104461,0.07305961048958137,13.654552797137583,13.457317320232287,0.0,0.17319344491138383,0.1,0.0063402652740478516,0.0623776912689209,0.049943473,0.8311693,13.489582712477443,0.0,0.15191943294944368,0.0,300,0.029963254928588867,0.0007069960905305761,0.0005752526332360511,1318351,13.635147180832915,0.0
4417,3.1859259605407715,13.545083334824287,0.08015455580215625,13.66428584708984,13.464600350584414,0.0,0.1509733592196274,0.1,0.0032672882080078125,0.08844876289367676,0.04983794,0.9392969,13.495132774712127,0.0,0.15156112073868427,0.0,300,0.05378532409667969,0.0012755450890000837,0.0007229200102427214,1318651,13.504080583586356,0.0
4418,3.105745792388916,13.337926914197677,0.3042385012518132,13.590502790981322,12.824079772603275,0.0,0.15866532541577014,0.1,0.0032875537872314453,0.06033682823181152,0.049990382,0.54108447,13.479412188660683,0.0,0.14888608237376866,0.0,300,0.03223538398742676,0.0006372975240994982,0.0005168054963275137,1318951,13.639871910150738,0.0
4419,3.089397668838501,13.461918637022462,0.09276976585277838,13.618596550760445,13.378835671662364,0.0,0.15590728359249426,0.1,0.0033016204833984375,0.05984139442443848,0.050123252,0.63437676,13.477662833496861,0.0,0.15052811360116233,0.0,300,0.02940988540649414,0.0002828273317960395,0.0002522170937209353,1319251,13.589013129831786,0.0
4420,3.146352767944336,13.354610265884086,0.1648167638675642,13.524570039089951,13.0824402142923,0.0,0.1597223600796203,0.1,0.003259897232055664,0.07928586006164551,0.049808536,0.74707705,13.465357576735585,0.0,0.14910834899952913,0.0,300,0.03011798858642578,0.0004535821325621153,0.00040811499025978975,1319551,13.596819970626997,0.0
4421,3.119138717651367,13.627061711942904,0.10700171921646298,13.77284001738967,13.480172286625933,0.0,0.16844301712583398,0.1,0.0033652782440185547,0.09563779830932617,0.049924802,0.7438542,13.481527990256316,0.0,0.15268945755720972,0.0,300,0.06796884536743164,0.000689965652548144,0.0005831912456689802,1319851,13.603785201889814,0.0
4422,3.1214163303375244,13.189802088434655,0.6715496056668685,13.609960653743679,12.028282359403905,0.0,0.1495105842726557,0.1,0.0033512115478515625,0.06161379814147949,0.050461564,0.6003184,13.452355400074149,0.0,0.1468166748108016,0.0,300,0.029976844787597656,0.0030339028744642313,0.0020299726479106957,1320151,13.750776916209366,0.0
4423,3.118514060974121,13.5588780063565,0.1114345007476871,13.69445669419562,13.391790347690245,0.0,0.152709366689931,0.1,0.003318309783935547,0.0625772476196289,0.050253425,0.8614213,13.463007660702383,0.0,0.15176119113394904,0.0,300,0.03096914291381836,0.0023280192273522804,0.0014289439423248013,1320451,13.640463136772246,0.0
4424,3.204026460647583,13.520784731215294,0.1624369676268181,13.715236624378745,13.293982263439231,0.0,0.15787490675270308,0.1,0.01701211929321289,0.06611275672912598,0.049638487,1.1251558,13.468785367753675,0.0,0.15131051308972657,0.0,300,0.03308868408203125,0.0014309905874203826,0.0007696907913807576,1320751,13.636279309697494,0.0
4425,3.1435301303863525,13.398976790980582,0.19559732002944863,13.615263082994108,13.083499213983997,0.0,0.15056285600010685,0.1,0.0031976699829101562,0.0635824203491211,0.050478883,0.77489185,13.461804510076366,0.0,0.1497013925381242,0.0,300,0.03661775588989258,0.0005107351627167776,0.00045901727484583916,1321051,13.560017272594058,0.0
4426,3.0891432762145996,13.515736560697277,0.1401273491767781,13.63770870208197,13.282254591368496,0.0,0.1602352443589447,0.1,0.0032951831817626953,0.06242990493774414,0.050128702,0.8832552,13.467197715138457,0.0,0.15125056616415353,0.0,300,0.030842304229736328,0.0004860109869892412,0.00033961973951651166,1321351,13.348526024927303,0.0
4427,3.149266004562378,13.453685402679369,0.14338368372944693,13.656701828653521,13.258697642438802,0.0,0.15147578464101283,0.1,0.010840415954589844,0.06634116172790527,0.050112057,0.7301175,13.46584648389255,0.0,0.15051491596700373,0.0,300,0.02953505516052246,0.0004922907126099833,0.0003675818356828106,1321651,13.593478095325738,0.0
4428,3.1796183586120605,13.536440209116305,0.09251574209571443,13.64167504941242,13.387823957630365,0.0,0.15659339515650447,0.1,0.003101825714111328,0.0970916748046875,0.05118695,2.0309937,13.472905856414926,0.0,0.1514757342643975,0.0,300,0.06141948699951172,0.0008087475650637118,0.0005579458231249564,1321951,13.531945187087954,0.0
4429,3.2546682357788086,13.536978581327773,0.08241512787055241,13.64346289537995,13.443956226412958,0.0,0.1658216916027033,0.1,0.003267526626586914,0.060233354568481445,0.049860768,0.70246035,13.479313128906211,0.0,0.15148370481216825,0.0,300,0.030736684799194336,0.0013235240689571989,0.0008665026980243578,1322251,13.60798994480817,0.0
4430,3.1398637294769287,13.40303751587425,0.22545795800613067,13.590189310615829,13.017738809622745,0.0,0.1627248006867739,0.1,0.003629446029663086,0.06228446960449219,0.049737502,0.7979575,13.471685567603016,0.0,0.14982329794673352,0.0,300,0.05496382713317871,0.0019362534361402593,0.0012567532921879565,1322551,13.583589906214973,0.0
4431,3.1386568546295166,13.540761653372474,0.11981733107668727,13.667717685904346,13.34601756782577,0.0,0.1592085577752486,0.1,0.0035202503204345703,0.06275272369384766,0.04986762,0.74701124,13.478593176179961,0.0,0.15160084692910158,0.0,300,0.07330179214477539,0.0013605863778554871,0.0010546406624330825,1322851,13.574821594190077,0.0
4432,3.141047477722168,13.41558251510723,0.1383516365712566,13.561692551566372,13.236018966236955,0.0,0.156826774380993,0.1,0.0033249855041503906,0.059984683990478516,0.04939581,1.1600078,13.472292110072688,0.0,0.14988354911811755,0.0,300,0.030854463577270508,0.0010401734475226027,0.0006036507413201029,1323151,13.560665880745155,0.0
4433,3.085632562637329,13.352166944905797,0.25047127379445877,13.515346045311103,12.919423634119767,0.0,0.153508893602509,0.1,0.003289461135864258,0.0636758804321289,0.0499869,0.78867304,13.460279593555999,0.0,0.14906907248113574,0.0,300,0.035630226135253906,0.0007259975431234194,0.0006855168404043015,1323451,13.646691960106127,0.0
4434,3.1807734966278076,13.60398298561766,0.034672903385028896,13.661667271453874,13.576209907513372,0.0,0.16893548956585577,0.1,0.0034189224243164062,0.061003684997558594,0.049967304,0.7450764,13.474649932762166,0.0,0.15235268062287466,0.0,300,0.030057907104492188,0.00045296850062333,0.0002950842978412962,1323751,13.500873133751393,0.0
4435,3.1991965770721436,13.54145583712766,0.13304210649322684,13.67902241842108,13.32152792041292,0.0,0.15009762481353495,0.1,0.020950794219970703,0.09581112861633301,0.0498266,0.66072726,13.481330523198716,0.0,0.1515213503007137,0.0,300,0.03024744987487793,0.00027935531887819843,0.00025756227801141383,1324051,13.500729439864214,0.0
4436,3.1290972232818604,13.511055385572277,0.13080640925823972,13.646533692373469,13.35684939144262,0.0,0.16608045190414586,0.1,0.003240823745727539,0.059108734130859375,0.050134268,0.80953777,13.484303009436072,0.0,0.15113452659780943,0.0,300,0.03217029571533203,0.0005496174726871335,0.0004761749566213578,1324351,13.656986106352841,0.0
4437,3.1656076908111572,13.224425163858921,0.41428900473165986,13.566448797841531,12.530764454270066,0.0,0.1475607880840646,0.1,0.0034072399139404297,0.06059122085571289,0.049986366,2.265049,13.458315224878358,0.0,0.14744638352339517,0.0,300,0.029700040817260742,0.001570012627192327,0.0013859643258749212,1324651,13.656183795750822,0.0
4438,3.152454137802124,13.475292067427818,0.18202647058100233,13.685795090121735,13.188499749385855,0.0,0.15213901414126652,0.1,0.00351715087890625,0.06105542182922363,0.05008647,1.014506,13.460012909133305,0.0,0.1506550902688306,0.0,300,0.030010461807250977,0.0014936075610844663,0.0010858141776614993,1324951,13.532949888188682,0.0
4439,3.1525752544403076,13.59415214821567,0.10968991751257795,13.769885607031437,13.476463027710738,0.0,0.15770531617894704,0.1,0.003171205520629883,0.06314611434936523,0.0495927,0.77934074,13.473426833041541,0.0,0.15225178254855834,0.0,300,0.029970645904541016,0.00048710127483750273,0.00033700828386015416,1325251,13.728061199149161,0.0
4440,3.1301429271698,13.502862235952191,0.1497753300580156,13.676588610426183,13.266064717776185,0.0,0.14811386246984626,0.1,0.005891084671020508,0.12792754173278809,0.050216418,1.1542755,13.476370373332607,0.0,0.15107976001906961,0.0,300,0.03168773651123047,0.0006365423828882729,0.0005541949879843029,1325551,13.553323403726102,0.0
4441,3.140385866165161,13.452694648398971,0.06333218731372503,13.530846598736945,13.368675999897386,0.0,0.16210484129591388,0.1,0.003152608871459961,0.058353424072265625,0.049789328,0.7374824,13.474002800839244,0.0,0.15039526954561536,0.0,300,0.03040933609008789,0.00031591722086025796,0.000248260951589228,1325851,13.573468654726563,0.0
4442,3.146780252456665,13.570834127355813,0.08208197181322122,13.674535379282606,13.467169832416262,0.0,0.15494206165913732,0.1,0.0031404495239257812,0.060466766357421875,0.050419997,1.6859394,13.483685933490902,0.0,0.15199224848904347,0.0,300,0.031199932098388672,0.0005599950814029832,0.00043827053119094685,1326151,13.554317894251023,0.0
4443,3.1226418018341064,13.515528171771416,0.11740544291407734,13.627535084611415,13.340149986821979,0.0,0.1553542123733409,0.1,0.0038423538208007812,0.06441926956176758,0.0501499,0.810449,13.486870157318954,0.0,0.15122542711925835,0.0,300,0.029912471771240234,0.0004917284050677152,0.0004128896591301243,1326451,13.671684504612152,0.0
4444,3.159170389175415,13.215450655545558,0.5014251850342756,13.653452475092765,12.3626379735825,0.0,0.14531996537074598,0.1,0.003374338150024414,0.06113266944885254,0.050128493,0.52479726,13.459728207141614,0.0,0.14720176683459113,0.0,300,0.02931070327758789,0.0010024345857089507,0.0007203984460059101,1326751,13.631454851150105,0.0
4445,3.1040854454040527,13.408205598232188,0.32097027242309195,13.684463738874053,12.886677670663786,0.0,0.15272066890041464,0.1,0.0035240650177001953,0.0632631778717041,0.050197016,0.84431404,13.45457594625067,0.0,0.14986778300397768,0.0,300,0.030625581741333008,0.001324328657404415,0.0011447786173645765,1327051,13.525936430694971,0.0
4446,3.05827260017395,13.593903067856527,0.05683166713701387,13.6760035959657,13.518994951535905,0.0,0.1560447917910261,0.1,0.005381107330322266,0.06131768226623535,0.04995573,0.9268571,13.468508658411256,0.0,0.15224178352694978,0.0,300,0.0301666259765625,0.0008720187556837774,0.0005511107136630083,1327351,13.598121099376689,0.0
4447,3.15315318107605,13.493409685783421,0.09083964084110648,13.622429369261305,13.391098929180837,0.0,0.15988113844134846,0.1,0.012622356414794922,0.10196399688720703,0.050063554,0.58506864,13.470998761148474,0.0,0.1508573623871287,0.0,300,0.029895544052124023,0.0008330045286289507,0.0004756592992420993,1327651,13.661614299809093,0.0
4448,3.2325010299682617,13.607756798145108,0.1065079822869128,13.7233208041538,13.483298659827577,0.0,0.16217201501487555,0.1,0.0037202835083007812,0.06353616714477539,0.049925383,0.752537,13.484674564848138,0.0,0.15241726859171512,0.0,300,0.032618045806884766,0.0013848212522813937,0.0009435116377908486,1327951,13.579656129130194,0.0
4449,3.0774641036987305,13.529283179258032,0.08533047022178099,13.66441015836315,13.429456892257086,0.0,0.16045186798604,0.1,0.003359079360961914,0.06077456474304199,0.049923893,0.8924775,13.489135426289128,0.0,0.15137998295008473,0.0,300,0.03065204620361328,0.0016756977485087433,0.0008923176729853468,1328251,13.586874800582528,0.0
4450,3.2069785594940186,13.594197651995989,0.027255566619282627,13.62267947739259,13.559323055305846,0.0,0.15464380089380184,0.1,0.0034580230712890625,0.06336498260498047,0.04936832,0.66150755,13.499641648859814,0.0,0.1522305743068266,0.0,300,0.029886484146118164,0.0012321327509128683,0.0007172079052161069,1328551,13.559014256937099,0.0
4451,3.1587486267089844,13.441088029294443,0.2540312176908231,13.657008140648415,13.008779700548544,0.0,0.16600760207061357,0.1,0.003431081771850586,0.06131911277770996,0.050013352,0.54647386,13.493786286903278,0.0,0.15031012972127455,0.0,300,0.029321908950805664,0.0013654880043274173,0.0007113286563066055,1328851,13.528982056758844,0.0
4452,3.212808132171631,13.469304728229968,0.2620870910587729,13.769212820586313,13.083344546453528,0.0,0.16566938346202936,0.1,0.0035283565521240234,0.10228800773620605,0.050052762,0.80268943,13.491338131035947,0.0,0.1506852754056159,0.0,300,0.048375844955444336,0.0018213856429340788,0.0013693672704313002,1329151,13.646786517505868,0.0
4453,3.1534574031829834,13.364424268877174,0.23295183469096595,13.625511472816664,13.072820899966723,0.0,0.15925949397029,0.1,0.0067195892333984375,0.12814927101135254,0.049880527,0.7470834,13.47864674482007,0.0,0.14922907468800214,0.0,300,0.032103538513183594,0.0007178596293775091,0.0007103768173282954,1329451,13.601201801927994,0.0
4454,3.232255697250366,13.305993021288964,0.2499765538299026,13.604957339372111,12.911083119371261,0.0,0.15416650625419212,0.1,0.0033867359161376953,0.06209230422973633,0.04954946,0.5188037,13.46138137246696,0.0,0.1484881416684193,0.0,300,0.028904199600219727,0.0004680158137856794,0.0003421157015096726,1329751,13.5761828403002,0.0
4455,3.146135091781616,13.492286665411918,0.07801398985981253,13.567426548480245,13.36171540104915,0.0,0.1573320451061992,0.1,0.005730390548706055,0.060140371322631836,0.05004075,0.7848688,13.464471901761456,0.0,0.15094891238236452,0.0,300,0.02879166603088379,0.0004656528897766668,0.0003236514976543339,1330051,13.60809504295228,0.0
4456,3.147789478302002,13.516613903872722,0.07654727763466204,13.603173996488929,13.431094799021004,0.0,0.15323557750649675,0.1,0.0036182403564453125,0.062047719955444336,0.049433902,1.2143196,13.469686101972584,0.0,0.15119883609149543,0.0,300,0.0315394401550293,0.00046961007166373655,0.0004704415116623459,1330351,13.64195942086716,0.0
4457,3.1143784523010254,13.611932712368855,0.06533219116887366,13.69757229548735,13.537603941599098,0.0,0.15899547730822622,0.1,0.0034885406494140625,0.10685992240905762,0.050008737,0.80796754,13.483910763012211,0.0,0.15243458457212122,0.0,300,0.04865145683288574,0.00047188692170076094,0.00038172897212961456,1330651,13.603527760245923,0.0
4458,3.2773191928863525,13.523002181508367,0.1041388759627394,13.696832922260455,13.423750963981572,0.0,0.15505890259001986,0.1,0.0034971237182617188,0.06465816497802734,0.049868118,0.776642,13.487819904861828,0.0,0.15132760178174914,0.0,300,0.04944443702697754,0.0006705698693976551,0.0006044494614486383,1330951,13.537733653123093,0.0
4459,3.185838460922241,13.479382050981187,0.12691958105513063,13.643330189623253,13.291455141850072,0.0,0.15965489417780837,0.1,0.003606081008911133,0.10010457038879395,0.049643625,0.97957844,13.486976119473765,0.0,0.1507206304375196,0.0,300,0.03310894966125488,0.000830046785107606,0.0006348327335432485,1331251,13.604583310116999,0.0
4460,3.1334917545318604,13.57588007777683,0.047536575002500234,13.632886456608203,13.52152178358146,0.0,0.15317331731927658,0.1,0.0033965110778808594,0.09843921661376953,0.05018786,0.95742786,13.495866515304073,0.0,0.151976325021207,0.0,300,0.05807662010192871,0.00023404454795650134,0.00022018700555857186,1331551,13.559256879347155,0.0
4461,3.153384208679199,13.202424964584067,0.22576286578270727,13.435536501798277,12.872640757558415,0.0,0.1531226530130972,0.1,0.0037581920623779297,0.06382369995117188,0.050319813,0.66689444,13.466522360232073,0.0,0.14705838463101698,0.0,300,0.029630422592163086,0.0011484308500556907,0.0008020781596575539,1331851,13.577720547988214,0.0
4462,3.135615348815918,13.359362130833322,0.1661813631054708,13.537128011732742,13.111637010977615,0.0,0.1536522198979899,0.1,0.0035195350646972656,0.06178617477416992,0.049860705,1.1023163,13.455806337292199,0.0,0.1491320396144989,0.0,300,0.03406190872192383,0.0007597325401736062,0.0005032047101402063,1332151,13.4315725643066,0.0
4463,3.1355676651000977,13.440362473661668,0.0654967968149009,13.483487305527717,13.327076134930271,0.0,0.15657498761006938,0.1,0.004399538040161133,0.06469273567199707,0.049798317,0.73152786,13.454261950929146,0.0,0.15024603098085873,0.0,300,0.029579639434814453,0.00046821019620402047,0.00036427548753966094,1332451,13.512666277854455,0.0
4464,3.169459342956543,13.525074074529329,0.23889455912770732,13.683524833921748,13.112511099461532,0.0,0.1561040815304093,0.1,0.02139902114868164,0.08788561820983887,0.049853448,0.7472075,13.461343163289165,0.0,0.15142816298979095,0.0,300,0.0290374755859375,0.0006674555208931386,0.0005794460420177549,1332751,13.527356174909237,0.0
4465,3.107966899871826,13.550483233815338,0.0653230995789453,13.634027261092392,13.453756289615297,0.0,0.15607048991547887,0.1,0.003361940383911133,0.11468648910522461,0.049974147,0.8672133,13.470257170341782,0.0,0.15164628555050153,0.0,300,0.04571104049682617,0.0005632277531748191,0.00050172956136117,1333051,13.618162546485365,0.0
4466,3.177762508392334,13.486823381642502,0.187676022165184,13.622759138197539,13.163397372411417,0.0,0.1608600591618297,0.1,0.0034291744232177734,0.1329188346862793,0.049869835,0.764922,13.471913791471854,0.0,0.1507743162823982,0.0,300,0.031081676483154297,0.0010745178137776688,0.0009060976258172544,1333351,13.677687714954521,0.0
4467,3.0879571437835693,13.586811070458259,0.06121928096916839,13.656448591421162,13.491840937465716,0.0,0.15820846076288855,0.1,0.0034894943237304688,0.06372308731079102,0.04989597,0.6820975,13.483403519370494,0.0,0.1522326849660011,0.0,300,0.029397249221801758,0.0006693415402755316,0.0005337464783065876,1333651,13.607708046306648,0.0
4468,3.124272346496582,13.546164888797094,0.0967478663051891,13.684253910728568,13.41669664503863,0.0,0.15896630557934724,0.1,0.0036787986755371094,0.07597780227661133,0.050925795,4.032752,13.489679656313156,0.0,0.1516257528570828,0.0,300,0.029173851013183594,0.0005924886250287182,0.00042271940941130505,1333951,13.448689229565757,0.0
4469,3.119716167449951,13.550251679481681,0.11542479405319689,13.690347144155128,13.391222702869534,0.0,0.163135129412973,0.1,0.0033915042877197266,0.06867051124572754,0.049526323,0.85700643,13.495736858630009,0.0,0.15161699163367348,0.0,300,0.052597999572753906,0.00045200883098190075,0.0002707066444333976,1334251,13.588957682535229,0.0
4470,3.292367458343506,13.484741662267139,0.21645733218283963,13.706161350593902,13.16541091770394,0.0,0.15121892075751325,0.1,0.02251148223876953,0.08945274353027344,0.05001974,0.9371565,13.494637338993721,0.0,0.15083614786609828,0.0,300,0.03137469291687012,0.000792547183576089,0.0006466584058797853,1334551,13.6073468421714,0.0
4471,3.180675983428955,13.358114093780308,0.3873506484768766,13.702626553927448,12.7296838557163,0.0,0.14663884330639093,0.1,0.0034034252166748047,0.11701369285583496,0.05047253,0.5281719,13.480985014472381,0.0,0.14913947570341263,0.0,300,0.033245086669921875,0.0011819144043038402,0.0007468329090910218,1334851,13.522428665554722,0.0
4472,3.1433117389678955,13.578650925501538,0.11208257025326279,13.70101709796497,13.411064313983733,0.0,0.16432764873009512,0.1,0.01768946647644043,0.1001129150390625,0.05006961,0.6048137,13.490751605575298,0.0,0.1520700085987575,0.0,300,0.029871225357055664,0.000994855462168972,0.0005659782493850707,1335151,13.584030831354655,0.0
4473,3.139646053314209,13.565591426160426,0.023998577729728684,13.584387764957569,13.524952292951662,0.0,0.16350693159679403,0.1,0.0032982826232910156,0.059900760650634766,0.05009986,0.9362552,13.498235587633811,0.0,0.15192032510214956,0.0,300,0.028850317001342773,0.000349305975611181,0.00040616899204356426,1335451,13.578126235126058,0.0
4474,3.306751251220703,13.55969086366484,0.06187962157497909,13.663687701926886,13.50428439513451,0.0,0.1577168477851887,0.1,0.003475189208984375,0.05947995185852051,0.050536655,0.56239706,13.504381115236914,0.0,0.15175775543611608,0.0,300,0.029048681259155273,0.0004312539522736428,0.00031729252715923597,1335751,13.624653934104765,0.0
4475,3.1237971782684326,13.364709579415063,0.1734879493288196,13.489976178353041,13.06792771622008,0.0,0.15569650422626063,0.1,0.003287792205810547,0.05938386917114258,0.050147448,0.62622726,13.49041396165473,0.0,0.14922642634990307,0.0,300,0.027637004852294922,0.0005788448910560561,0.0004200167998209814,1336051,13.70389780799126,0.0
4476,3.1093194484710693,13.63631293789175,0.06433174356696113,13.702781514487432,13.560185679653715,0.0,0.16263480090303745,0.1,0.009695291519165039,0.1102147102355957,0.04986635,0.97734517,13.505003859278432,0.0,0.15277650867516857,0.0,300,0.0287783145904541,0.0013217922098485227,0.0010653733351596109,1336351,13.63734485530155,0.0
4477,3.0955843925476074,13.490550742848098,0.018600383731361535,13.513511070875905,13.465727801511159,0.0,0.16648801015960396,0.1,0.0032973289489746094,0.06247830390930176,0.050046086,0.7378706,13.503558547635398,0.0,0.1508290290196247,0.0,300,0.029204845428466797,0.0023394858388392278,0.0011880852157931858,1336651,13.745154615597764,0.0
4478,3.2200767993927,13.61602499291007,0.10390496930900954,13.707786022456716,13.444245962090662,0.0,0.15155613616889071,0.1,0.0034008026123046875,0.06117510795593262,0.04980509,0.6784585,13.514805192162864,0.0,0.15264981968948055,0.0,300,0.029506444931030273,0.002357711750329975,0.0013169489382788406,1336951,13.587544720251415,0.0
4479,3.125561237335205,13.500388011652241,0.16512612371829347,13.66413366274843,13.224783495487406,0.0,0.15392439307907377,0.1,0.0034379959106445312,0.13994431495666504,0.049887303,0.68048686,13.513363474111802,0.0,0.1510706750448062,0.0,300,0.030015945434570312,0.0021516019152816846,0.0014746036325750272,1337251,13.681168193585343,0.0
4480,3.113870620727539,13.569689576803023,0.06493062414262167,13.668667667822392,13.502616097419128,0.0,0.16671310263137318,0.1,0.0036292076110839844,0.061686038970947266,0.0500209,0.6137759,13.518996084380923,0.0,0.15189552283913046,0.0,300,0.028907299041748047,0.0016130748249824512,0.001008016102175414,1337551,13.641119957193169,0.0
4481,3.1775996685028076,12.708961539606465,1.4037297974747303,13.550065473758456,10.2782749708062,0.0,0.13883193930906387,0.1,0.0036535263061523438,0.07364058494567871,0.049335647,0.3643146,13.437992629903476,0.0,0.14048281759029435,0.0,300,0.03196358680725098,0.008701820691394923,0.005409151488501337,1337851,13.555603087236735,0.0
4482,3.258739709854126,13.516172858926483,0.13133068497637695,13.643388051894531,13.30404340377943,0.0,0.14808100336649352,0.1,0.0034646987915039062,0.06145739555358887,0.04993838,1.0165672,13.445810652805779,0.0,0.1512048508661527,0.0,300,0.038842201232910156,0.0037808468447116197,0.0017241635687031732,1338151,13.60980611776987,0.0
4483,3.4071264266967773,13.556536149354399,0.09731751717433178,13.693912370951608,13.427508132347041,0.0,0.16290606369069197,0.1,0.0034296512603759766,0.0620417594909668,0.04979705,1.0874846,13.456883202460642,0.0,0.15173990077976646,0.0,300,0.02960968017578125,0.0012523971621031006,0.0010678557571987427,1338451,13.708271063028612,0.0
4484,3.2452738285064697,13.627627642235646,0.07632369751354791,13.707512961246287,13.53344535412949,0.0,0.15720743723678612,0.1,0.0033617019653320312,0.06306242942810059,0.0495532,0.6286558,13.473957646438143,0.0,0.15265076350688248,0.0,300,0.02961587905883789,0.0013678223816142791,0.0007059915052741676,1338751,13.594391755843128,0.0
4485,3.230013847351074,13.596591583384754,0.02207208908279115,13.631770467431657,13.576233605106525,0.0,0.15392312364565225,0.1,0.0038604736328125,0.07159852981567383,0.049402557,1.0635693,13.486221040132804,0.0,0.1523437246732095,0.0,300,0.07031750679016113,0.0008527446789045413,0.0006029096307954671,1339051,13.533131187758096,0.0
4486,3.134700298309326,13.403619502974987,0.47711079175697607,13.689136183047506,12.577485968454607,0.0,0.1502516427817918,0.1,0.00595855712890625,0.11276888847351074,0.049972627,0.9238015,13.477960886417023,0.0,0.1498626667642921,0.0,300,0.03240203857421875,0.0017376591874803825,0.001251183948379936,1339351,13.576115521007582,0.0
4487,3.0878469944000244,13.565727975517754,0.16612369307830988,13.80442773213489,13.354786006862787,0.0,0.1532517336582275,0.1,0.003704071044921875,0.062459707260131836,0.049916044,0.7271985,13.486737595327096,0.0,0.15180920959106745,0.0,300,0.03007054328918457,0.001143648172015199,0.0007958667119364786,1339651,13.619844947182381,0.0
4488,3.088298797607422,13.523803473359479,0.0839008521159724,13.622316749278818,13.40147115452007,0.0,0.1567955355824708,0.1,0.0034923553466796875,0.06503915786743164,0.0502114,0.8858478,13.490444183130336,0.0,0.15132458825214185,0.0,300,0.07101202011108398,0.0010830627960266492,0.0007464442100623215,1339951,13.580827161061606,0.0
4489,3.1452865600585938,13.5495905882038,0.04661762758319857,13.594306330852424,13.474861888061788,0.0,0.15880560331734375,0.1,0.0033876895904541016,0.06462335586547852,0.04990351,0.7265144,13.496358823637683,0.0,0.15167316473458092,0.0,300,0.029746055603027344,0.0007601361688435295,0.0006470386983886312,1340251,13.711971496239906,0.0
4490,3.173539400100708,13.589716322941944,0.05880183266752452,13.634233984736438,13.488740793295774,0.0,0.1533333560964847,0.1,0.02329421043395996,0.06806206703186035,0.050078202,0.76021934,13.505694573568109,0.0,0.15213555177170482,0.0,300,0.03260445594787598,0.0007118813421278527,0.0005262216756589978,1340551,13.515708034394608,0.0
4491,3.078523874282837,13.550415716613328,0.11586230915299074,13.729572805025011,13.407619474781896,0.0,0.15483564348484805,0.1,0.00333404541015625,0.061311960220336914,0.050220948,0.65145236,13.510166687872632,0.0,0.15166465119242925,0.0,300,0.029486656188964844,0.0005520614529991817,0.0003990128967624304,1340851,13.666555710715636,0.0
4492,3.154209613800049,13.541573261605585,0.039242054117266764,13.581809838568894,13.4933645641931,0.0,0.14684513602666438,0.1,0.0034096240997314453,0.061577796936035156,0.050165527,1.1346431,13.513307345245927,0.0,0.1515345361991895,0.0,300,0.03441166877746582,0.0007925348053994473,0.0005201941420956596,1341151,13.564285486374695,0.0
4493,3.198560953140259,13.540824301692556,0.0955335220814206,13.660002870508889,13.396974669116185,0.0,0.1555809285832656,0.1,0.0033538341522216797,0.07330751419067383,0.049820088,1.0304823,13.516059040890589,0.0,0.15151557315659764,0.0,300,0.029241561889648438,0.0010096479049887016,0.0006685336438650974,1341451,13.599528424911908,0.0
4494,3.110629081726074,13.57151561005118,0.17292462078398446,13.724224523676366,13.295526620519105,0.0,0.1573138121267295,0.1,0.003131389617919922,0.06257319450378418,0.050031144,0.64945376,13.521604697806648,0.0,0.15190591576840823,0.0,300,0.02913188934326172,0.0005668643869747738,0.00033085023850660606,1341751,13.480964237215657,0.0
4495,3.188607692718506,13.553319390850339,0.11830780230098412,13.714653469474095,13.386955721064869,0.0,0.15975080311683376,0.1,0.0033462047576904297,0.06108379364013672,0.0498173,0.9028146,13.524776167111018,0.0,0.15171149592374436,0.0,300,0.03167557716369629,0.0006873647587492332,0.0004787353498309188,1342051,13.714564658060818,0.0
4496,3.2024524211883545,13.496181693999361,0.21383387140791096,13.674079510610456,13.13065867299968,0.0,0.14580378122595938,0.1,0.0031862258911132812,0.05978035926818848,0.05092867,0.6175805,13.52191671979985,0.0,0.15093819609032239,0.0,300,0.029716014862060547,0.0009299902528882082,0.0007338524006907134,1342351,13.696933573634064,0.0
4497,3.127253770828247,13.136106000162668,0.6075802944082371,13.560575372173428,12.096733420827116,0.0,0.1351441165122229,0.1,0.003999471664428711,0.0717318058013916,0.04982128,8.519546,13.483335647836133,0.0,0.14611285856114625,0.0,300,0.02933049201965332,0.001992700024830613,0.001345126941139334,1342651,13.617141238786099,0.0
4498,3.119001626968384,13.378946023023452,0.4763839464790353,13.697409213247505,12.556053112021555,0.0,0.14549839686505162,0.1,0.0032227039337158203,0.061226844787597656,0.04993728,0.9803771,13.472896685354865,0.0,0.14939683260085224,0.0,300,0.02961254119873047,0.0015325651669533707,0.0010660475225070967,1342951,13.612223281509321,0.0
4499,3.1746160984039307,13.569078039181255,0.07434854980031769,13.678002011362823,13.474652091633574,0.0,0.15410913436218474,0.1,0.003065347671508789,0.061892032623291016,0.050178368,0.93936634,13.482514820737503,0.0,0.1519106846752931,0.0,300,0.029094457626342773,0.000705490245941237,0.00046161645507910784,1343251,13.674272304166644,0.0
4500,3.1475448608398438,13.516659362081322,0.08079450675779597,13.62876759401187,13.400806540298833,0.0,0.15746841764728792,0.1,0.0031440258026123047,0.12573933601379395,0.050448198,0.6267058,13.485929274871886,0.0,0.15128685098106745,0.0,300,0.0294189453125,0.0006892411218138426,0.0005198825357379522,1343551,13.562546961900154,0.0
4501,3.2747225761413574,13.600196758950844,0.08663547792422911,13.692009926515581,13.500343107922037,0.0,0.1616792600145154,0.1,0.0031232833862304688,0.05991506576538086,0.050104965,0.8943756,13.497356023279783,0.0,0.15233198282253324,0.0,300,0.06515717506408691,0.0006302894726046014,0.0005889032764803628,1343851,13.673305584388842,0.0
4502,3.1639952659606934,13.55541187087934,0.042826663327432006,13.608814198997004,13.489710399112637,0.0,0.15292465814586478,0.1,0.0035555362701416016,0.07402420043945312,0.049858365,0.8480052,13.50316160803974,0.0,0.15177116102059762,0.0,300,0.029453039169311523,0.0008345520069415153,0.0005116698422150895,1344151,13.649958573917194,0.0
4503,3.116267681121826,13.599960837516921,0.018236345544371233,13.622455164829471,13.578294932992133,0.0,0.15734999648606168,0.1,0.0063097476959228516,0.06521487236022949,0.05007858,0.76635164,13.512841530987458,0.0,0.152287887190929,0.0,300,0.028875112533569336,0.0010313536956775796,0.0005762209823946464,1344451,13.693122173588899,0.0
4504,3.2522075176239014,13.561799186839435,0.06942636601089201,13.639217028285056,13.45255185205104,0.0,0.15664980237833534,0.1,0.0034902095794677734,0.06179022789001465,0.050045885,0.83657783,13.517737296572657,0.0,0.1518089231502954,0.0,300,0.02966928482055664,0.0008236284928030326,0.0006136194418996081,1344751,13.63307216359559,0.0
4505,3.1089067459106445,13.589716327953905,0.06314467106992727,13.649135490290949,13.48388675982079,0.0,0.15236081141211133,0.1,0.0034935474395751953,0.1268627643585205,0.049810436,0.7496059,13.524935199710782,0.0,0.15217956510570393,0.0,300,0.030678272247314453,0.000566604843747834,0.00041093650779644957,1345051,13.597748450083516,0.0
4506,3.0860750675201416,13.596252920582497,0.13346320095272177,13.751639679571737,13.42660774564072,0.0,0.15422440579450097,0.1,0.003651857376098633,0.06242990493774414,0.049898442,0.82486147,13.532066971797953,0.0,0.1522462095838355,0.0,300,0.030209064483642578,0.0003893315053603219,0.00032821564751944185,1345351,13.668215016736184,0.0
4507,3.230692148208618,13.58414499142916,0.06419179132733863,13.65333063685975,13.480439067774709,0.0,0.1565955008590016,0.1,0.003564596176147461,0.06337428092956543,0.049760647,0.96388793,13.537274773761073,0.0,0.1521084836554472,0.0,300,0.03179121017456055,0.0003736672643627227,0.00035262773056582257,1345651,13.668054003016998,0.0
4508,3.188976526260376,13.515729846379998,0.11270157685795634,13.638196554623226,13.334154125882948,0.0,0.15762779372331118,0.1,0.0036592483520507812,0.06482625007629395,0.049708765,0.72126716,13.535120281022966,0.0,0.15117839354715668,0.0,300,0.030211448669433594,0.00035239056354806217,0.0002853362450956545,1345951,13.579751061741378,0.0
4509,3.130631685256958,13.547682114473314,0.05509946195411783,13.598080378219501,13.460265385526611,0.0,0.1559351738006489,0.1,0.015369892120361328,0.07934188842773438,0.049924012,0.8209109,13.536376464368,0.0,0.1516354908939474,0.0,300,0.030277252197265625,0.0006117293154264521,0.0003818700173177028,1346251,13.513524479127575,0.0
4510,3.155949354171753,13.568188180483208,0.11279902663260709,13.675155677070768,13.399201698761248,0.0,0.1426891619665494,0.1,0.0035047531127929688,0.14524006843566895,0.04857868,6.248004,13.539557635979522,0.0,0.15191279433923133,0.0,300,0.029858827590942383,0.0006719054621784844,0.0005170391627208962,1346551,13.623312703478144,0.0
4511,3.1033639907836914,13.644754785126068,0.06884756183931239,13.7135337310511,13.530893269478693,0.0,0.15413336401063815,0.1,0.0033922195434570312,0.06057286262512207,0.050010726,0.5678619,13.550077350894178,0.0,0.15287020576352492,0.0,300,0.029526472091674805,0.00032447320171277564,0.0002824809619904002,1346851,13.511194923606697,0.0
4512,3.1812689304351807,13.51454506194093,0.11915392293504683,13.69346722081221,13.369812234475317,0.0,0.14885235178921158,0.1,0.004056215286254883,0.08930635452270508,0.04984733,0.65237844,13.546524121998853,0.0,0.15120765550613793,0.0,300,0.030045270919799805,0.0006494519293802391,0.0003788088674201997,1347151,13.571928243488202,0.0
4513,3.241959810256958,13.596659644920088,0.10629481478212696,13.702614101303746,13.443446803711344,0.0,0.15669111593800264,0.1,0.003644227981567383,0.06238436698913574,0.050257143,0.8583026,13.551537674290978,0.0,0.1523230672221684,0.0,300,0.02998518943786621,0.0011544421613307557,0.0008478549245819689,1347451,13.647305783749657,0.0
4514,3.193535804748535,13.506899422519085,0.017465718518342867,13.529494540353623,13.481045844308568,0.0,0.16069384775236667,0.1,0.0035550594329833984,0.07264947891235352,0.049987238,1.0264432,13.54707384911379,0.0,0.15112957638851343,0.0,300,0.029882431030273438,0.0011530133367638892,0.0006343064676900447,1347751,13.588626849493389,0.0
4515,3.105764627456665,13.394212277491677,0.19657472233063442,13.648105570032106,13.111736732250076,0.0,0.14699034703414707,0.1,0.0035371780395507812,0.06206917762756348,0.0502732,1.2757182,13.531787691951578,0.0,0.14968851314772844,0.0,300,0.07291769981384277,0.00117203924608211,0.0009326091553283682,1348051,13.550265584191637,0.0
4516,3.2639901638031006,13.543978699865322,0.10610962101530702,13.675945221498944,13.43083184860261,0.0,0.16211821348935265,0.1,0.003596782684326172,0.061318159103393555,0.050000172,0.89286333,13.533006792742952,0.0,0.1515432752810742,0.0,300,0.032836198806762695,0.0005000001297751047,0.00039766098896436763,1348351,13.722689530065693,0.0
4517,3.15964412689209,13.533049277891717,0.09933269902771918,13.656232418312799,13.426783860350488,0.0,0.15305653795427288,0.1,0.019318103790283203,0.09849762916564941,0.04973022,0.85111475,13.53301104125783,0.0,0.15146233220851357,0.0,300,0.030167579650878906,0.0009012735368708715,0.0006362808270725009,1348651,13.719933279865899,0.0
4518,3.172802209854126,13.64099123673511,0.03675667390106988,13.683841484498405,13.582315474352479,0.0,0.1585982051568913,0.1,0.016541242599487305,0.10137319564819336,0.049360156,0.5307411,13.543809060805557,0.0,0.15285558005333827,0.0,300,0.030194997787475586,0.0010211319464444688,0.0006631797640438754,1348951,13.61989331083124,0.0
4519,3.26998233795166,13.26811035433692,0.3853766110249983,13.60478001409215,12.630948181375269,0.0,0.1483005584886517,0.1,0.0035364627838134766,0.06157684326171875,0.050322697,0.6689336,13.516239190158695,0.0,0.1479884009881349,0.0,300,0.05602884292602539,0.003374478631784753,0.002107267508578624,1349251,13.640670902143262,0.0
4520,3.172095775604248,11.959210709901116,2.810747689632302,13.622980798363363,7.09105085543691,0.0,0.14177232216003952,0.1,0.0037124156951904297,0.06348824501037598,0.04934276,0.46690643,13.360536342132937,0.0,0.13080958835111847,0.0,300,0.03301191329956055,0.03772266054459833,0.02540586952254396,1349551,13.58101575340649,0.0
4521,3.1267218589782715,13.390711842734898,0.16694162493074263,13.631017027041302,13.222306925528521,0.0,0.15105471304435206,0.1,0.0034613609313964844,0.062433481216430664,0.04927738,1.4646387,13.363553892193133,0.0,0.14960208150197402,0.0,300,0.06168985366821289,0.015453249340017447,0.007961294379493281,1349851,13.655006087260821,0.0
4522,3.169100522994995,13.42824200748169,0.11591361928575161,13.560997295294042,13.242465910520302,0.0,0.16534877432702524,0.1,0.005576372146606445,0.06153130531311035,0.049918924,1.0053049,13.370022703721988,0.0,0.15007331659767356,0.0,300,0.029909610748291016,0.00884093188446225,0.0055601456124463496,1350151,13.628179027215173,0.0
4523,3.112245798110962,13.573042621656441,0.03140555187740869,13.616661426804358,13.53375398120973,0.0,0.15239118617554187,0.1,0.01540517807006836,0.0863807201385498,0.049815904,0.6064384,13.390324695515433,0.0,0.15197381771635218,0.0,300,0.02984476089477539,0.005267217900545192,0.0027292132677899355,1350451,13.618490862629756,0.0
4524,3.153217315673828,13.32691827155403,0.1154224347765742,13.463022123250912,13.146606674153608,0.0,0.15118381188928262,0.1,0.003570556640625,0.06160306930541992,0.049848825,1.1348381,13.383984053119292,0.0,0.14871651549098308,0.0,300,0.03706216812133789,0.0031514651416166967,0.0022037949813806094,1350751,13.616610649495472,0.0
4525,3.167419195175171,13.562787013414054,0.09873415167370407,13.638086772323483,13.393235093579513,0.0,0.15444987616867872,0.1,0.0034847259521484375,0.06252336502075195,0.049421,1.0905908,13.401864349148768,0.0,0.15180348561445928,0.0,300,0.029911279678344727,0.0018313721271414419,0.0012494126500641888,1351051,13.621442824831265,0.0
4526,3.156022071838379,13.401349212371034,0.11611497552189268,13.530770267869691,13.21349210927612,0.0,0.14186119417533932,0.1,0.003576517105102539,0.0654454231262207,0.049126614,0.796987,13.401812835470995,0.0,0.14971206970128492,0.0,300,0.030145645141601562,0.0016316790608475822,0.000940955055310646,1351351,13.550373513188598,0.0
4527,3.1872622966766357,12.693044391497784,1.6575822629340273,13.708216014810725,9.823604691658096,0.0,0.15267086800329022,0.1,0.003337383270263672,0.06229114532470703,0.049719065,0.5711204,13.330935991073673,0.0,0.1402119900632351,0.0,300,0.030115604400634766,0.0109410244485218,0.009547131208860374,1351651,13.604427751063845,0.0
4528,3.1523897647857666,13.540471150251314,0.0492318150797174,13.608705483404737,13.477638635930711,0.0,0.15170369537977002,0.1,0.022579193115234375,0.0709841251373291,0.04963598,1.7258174,13.351889506991439,0.0,0.15155334896614084,0.0,300,0.030417680740356445,0.00608623659245917,0.0031969376311841336,1351951,13.51852402684346,0.0
4529,3.185096263885498,13.58496113644934,0.07797710645300092,13.681986041046995,13.49054839401706,0.0,0.1416180148981025,0.1,0.003399372100830078,0.07342267036437988,0.050094463,0.8013016,13.37519666993723,0.0,0.1521940713090764,0.0,300,0.029981136322021484,0.002014837874715808,0.001517804800284271,1352251,13.471254184140385,0.0
4530,3.2284011840820312,13.404470583592447,0.31166665966953905,13.686885616653287,12.914983941235283,0.0,0.15846305763092153,0.1,0.003588438034057617,0.06329751014709473,0.049945932,0.5547852,13.378124061302753,0.0,0.14981939179947387,0.0,300,0.0300447940826416,0.0017622317945830445,0.0008662904906662645,1352551,13.613488315695738,0.0
4531,3.1306068897247314,13.466080835317339,0.164130821769657,13.609500910506378,13.197005659583287,0.0,0.14974185264447581,0.1,0.0033142566680908203,0.11925101280212402,0.050216105,1.173278,13.386919738704211,0.0,0.1506720572447557,0.0,300,0.03294014930725098,0.0011511057418205674,0.000677669394685386,1352851,13.568695368405335,0.0
4532,3.142618179321289,13.423809742214015,0.16646338537314537,13.657508298717786,13.198241436700638,0.0,0.15112387019646611,0.1,0.0033202171325683594,0.06162548065185547,0.050108064,1.2556279,13.390608739055192,0.0,0.15014922643017858,0.0,300,0.06328558921813965,0.0007223242629939413,0.0007216377259028574,1353151,13.591288225854894,0.0
4533,3.1641128063201904,13.606635984942407,0.065068976071473,13.673687602768418,13.534291451401348,0.0,0.15539894665156753,0.1,0.003461122512817383,0.06367802619934082,0.050236657,0.8152559,13.412211463643915,0.0,0.15239191360074314,0.0,300,0.030453205108642578,0.0007282062788877074,0.0005952024469148365,1353451,13.652085075922818,0.0
4534,3.134167432785034,13.468356667844386,0.17124450421192178,13.606759713290728,13.179499744834514,0.0,0.15447765934060576,0.1,0.0031769275665283203,0.06155705451965332,0.049878847,0.6225395,13.417825984063963,0.0,0.15054173578704882,0.0,300,0.044303178787231445,0.0007094386846615139,0.0004927284898384316,1353751,13.577921302732046,0.0
4535,3.233059883117676,13.587780953487112,0.04837457134388307,13.659078833190296,13.522744398879354,0.0,0.14915826412949587,0.1,0.0031251907348632812,0.06347966194152832,0.049855463,0.6681088,13.434821481006278,0.0,0.15215577563251456,0.0,300,0.06394290924072266,0.0005937237494269883,0.000483198605938812,1354051,13.617048414305165,0.0
4536,3.2425925731658936,13.378937555236707,0.32991421284660877,13.597101491872518,12.80953077825873,0.0,0.15157781124846734,0.1,0.011162042617797852,0.060370445251464844,0.05012049,0.71518964,13.429233088429323,0.0,0.14950421505869277,0.0,300,0.0311739444732666,0.0014452557264378124,0.0009777867618928017,1354351,13.671223257825865,0.0
4537,3.2050399780273438,13.421195288091948,0.12815954758507958,13.580565471155294,13.233666859965094,0.0,0.14940953152193118,0.1,0.011571407318115234,0.06880354881286621,0.04936416,1.0873983,13.428429308395586,0.0,0.15007707898899073,0.0,300,0.02981090545654297,0.0008323667227968009,0.000717782594672029,1354651,13.677954517014546,0.0
4538,3.1756691932678223,13.622747960955646,0.14979618690471844,13.765927223785509,13.378625205042304,0.0,0.16036486733945382,0.1,0.0031516551971435547,0.10617232322692871,0.049676448,1.2525742,13.447861173651592,0.0,0.15258520145446247,0.0,300,0.030028581619262695,0.0006399225803604593,0.0005169851908790117,1354951,13.53868302022201,0.0
4539,3.206573247909546,13.453101187433127,0.28278028110226466,13.695652174069252,12.993877567404029,0.0,0.15748439496468994,0.1,0.005177021026611328,0.08447003364562988,0.050320506,0.59602123,13.448385175029747,0.0,0.1504067107987881,0.0,300,0.044942378997802734,0.0010865790535287425,0.0009012816125277748,1355251,13.62527729776406,0.0
4540,3.8280792236328125,13.502704408547988,0.18035843123239112,13.753895493970758,13.255038491746266,0.0,0.1659611285026172,0.1,0.002966165542602539,0.06209230422973633,0.049677968,1.1767763,13.45381709838157,0.0,0.15100384311993292,0.0,300,0.07426190376281738,0.0008860565194610214,0.0007272550441118359,1355551,13.581370774306455,0.0
4541,3.1233503818511963,13.259999949425236,0.33269545829467906,13.533142760050186,12.700445559952026,0.0,0.14482897471864087,0.1,0.003545999526977539,0.06242537498474121,0.048846133,5.7936335,13.434435383485939,0.0,0.147861472161552,0.0,300,0.05745124816894531,0.0008658779332805592,0.0007760215771523705,1355851,13.636760574723032,0.0
4542,3.113227128982544,12.873907808027498,1.0017296699457898,13.585522318348545,11.161380710185064,0.0,0.13952562020735534,0.1,0.003413677215576172,0.06224226951599121,0.049567487,0.62863225,13.378382625940095,0.0,0.14276252622470167,0.0,300,0.030230998992919922,0.0023598540104092266,0.0017891799014269454,1356151,13.625117742740136,0.0
4543,3.102905750274658,13.507712436294808,0.08977405922346174,13.618664859415986,13.376163410069898,0.0,0.17097293504125896,0.1,0.0032804012298583984,0.06024503707885742,0.050185334,0.65981203,13.391315606975567,0.0,0.15117337530464298,0.0,300,0.05660271644592285,0.001339563006102998,0.0008012765921130451,1356451,13.610849480783079,0.0
4544,3.1543476581573486,13.487092080159071,0.060037629384391396,13.584391168570088,13.426045694618272,0.0,0.15800818223487847,0.1,0.005632877349853516,0.06251859664916992,0.04971791,1.0526572,13.40089325429392,0.0,0.15081631394733425,0.0,300,0.03119826316833496,0.0006874591724491576,0.0005736887773911996,1356751,13.617706917214404,0.0
4545,3.181751251220703,13.474980051778276,0.10039269968187675,13.594307353743178,13.326582304542933,0.0,0.15273413123054208,0.1,0.0033674240112304688,0.061655282974243164,0.050029825,0.67664635,13.408301934042356,0.0,0.1506862284297376,0.0,300,0.033937692642211914,0.0007069551420223615,0.0005553853146321331,1357051,13.628378391660279,0.0
4546,3.223363161087036,12.784004503847743,1.2138823042675393,13.551529314409464,10.684140600300548,0.0,0.14351634734040442,0.1,0.003404855728149414,0.07166934013366699,0.050082434,0.39880258,13.345872191022895,0.0,0.1415350831672369,0.0,300,0.031627655029296875,0.005464985552616514,0.004093468431066965,1357351,13.561664863350197,0.0
4547,3.1577868461608887,13.541966097851827,0.05513256442336511,13.6281587929329,13.475524007447456,0.0,0.1577758266372925,0.1,0.003515481948852539,0.07624387741088867,0.0500178,0.71336246,13.365481581705788,0.0,0.151575687613228,0.0,300,0.04764723777770996,0.001973437381305846,0.0013445374437746236,1357651,13.600568814304475,0.0
4548,3.1686887741088867,13.589690556188302,0.08434814581520614,13.669427147394337,13.470623001714554,0.0,0.16134752259405186,0.1,0.0032813549041748047,0.0617823600769043,0.049939238,1.4199524,13.38790247915404,0.0,0.152187233382569,0.0,300,0.030460596084594727,0.001047896183804263,0.0007243790276231146,1357951,13.611866770673494,0.0
4549,3.2013332843780518,13.506833029385456,0.08322992511265438,13.590321222141235,13.372557693162374,0.0,0.14752517999037906,0.1,0.005182027816772461,0.061090707778930664,0.050050918,0.74377006,13.399795534177182,0.0,0.15120416847504528,0.0,300,0.030045032501220703,0.0010211210573456073,0.0005153630282047456,1358251,13.605233277980844,0.0
4550,3.1554994583129883,13.460690915709318,0.10384875326608968,13.56945997340153,13.29008720843869,0.0,0.15147804689886302,0.1,0.0032677650451660156,0.06029820442199707,0.049984504,0.7001563,13.405885072330396,0.0,0.15051057437298337,0.0,300,0.02994513511657715,0.0016952792699165594,0.0011863711210975255,1358551,13.634558471977789,0.0
4551,3.1345181465148926,13.29456252310085,0.3590103492066027,13.572881006554644,12.682922963322588,0.0,0.1554175510992837,0.1,0.0029888153076171875,0.11570501327514648,0.049864627,0.853694,13.39475281740744,0.0,0.14846626435115076,0.0,300,0.02974557876586914,0.0017040581897391136,0.0012318192447323126,1358851,13.676588356443816,0.0
4552,3.173851490020752,13.570466295285124,0.06841745250642522,13.652331764065082,13.463005801704806,0.0,0.15115541303338337,0.1,0.003073453903198242,0.07743430137634277,0.050459135,0.94601023,13.412324165195209,0.0,0.15197329050012598,0.0,300,0.05025005340576172,0.0006173540662436202,0.0004699296041551104,1359151,13.61550666258447,0.0
4553,3.2018611431121826,13.510807672287116,0.06811490536537515,13.591301991523911,13.431792095360661,0.0,0.15035956932048813,0.1,0.0032393932342529297,0.06321048736572266,0.049627077,0.8149937,13.4221725159044,0.0,0.1511514170988707,0.0,300,0.029845476150512695,0.0007441534100014071,0.0005000824177173804,1359451,13.649318105046829,0.0
4554,3.2179582118988037,13.45382130845973,0.13951678603804957,13.584765948570293,13.254406293924587,0.0,0.1558887375708952,0.1,0.0031614303588867188,0.06052803993225098,0.049893145,0.74380946,13.425337395159934,0.0,0.15043553632256196,0.0,300,0.030724763870239258,0.0008329888933926825,0.000590603646050196,1359751,13.612230114682793,0.0
4555,3.1718924045562744,13.561522010418354,0.07461451458465823,13.667031260821407,13.467108032140608,0.0,0.16224821742158974,0.1,0.0032303333282470703,0.06125950813293457,0.049763624,1.2143642,13.438955856685777,0.0,0.15179095707247042,0.0,300,0.03010416030883789,0.0008118314124327421,0.0005489448657630655,1360051,13.566288866821479,0.0
4556,3.1772632598876953,13.587241588382927,0.12768412789543657,13.69735155390521,13.37047216306843,0.0,0.15772439660527154,0.1,0.0030586719512939453,0.0594637393951416,0.049749747,0.71820056,13.453784429855492,0.0,0.15219396777451202,0.0,300,0.029549837112426758,0.0005656070976828978,0.0005387714870258931,1360351,13.596067849252051,0.0
4557,3.1816799640655518,13.24541817887294,0.4243698223736366,13.721713235131219,12.568694570859853,0.0,0.13765731459847855,0.1,0.003127574920654297,0.06016254425048828,0.050138734,3.525437,13.432947804757237,0.0,0.14772032457319406,0.0,300,0.029633522033691406,0.0011446068951250546,0.0008844889314951136,1360651,13.628222078224653,0.0
4558,3.1833622455596924,13.426595423547742,0.1395055461205242,13.54092438904792,13.189828026478825,0.0,0.15154197892088478,0.1,0.0035762786865234375,0.09993410110473633,0.05110031,0.50721097,13.432312566636288,0.0,0.15000967674617946,0.0,300,0.032892704010009766,0.0010264452083298505,0.0008088049909373619,1360951,13.680798619371094,0.0
4559,3.124096632003784,13.473417491518367,0.09339299988808529,13.548762026324734,13.314142231106503,0.0,0.14984693474080593,0.1,0.0034482479095458984,0.06102108955383301,0.049765497,1.0631006,13.436423059124497,0.0,0.15065189610299923,0.0,300,0.02992987632751465,0.0007196225126636152,0.0004813248527958355,1361251,13.59853835168753,0.0
4560,3.1554839611053467,13.642647055776123,0.05188697576113445,13.693492170856436,13.555834057874847,0.0,0.1656675025913055,0.1,0.003273487091064453,0.0607762336730957,0.049947955,0.65301514,13.45704545878966,0.0,0.15292456936874538,0.0,300,0.031526803970336914,0.0017990742259399737,0.0012072224108079447,1361551,13.6575799291101,0.0
4561,3.194218397140503,13.577515777247054,0.09855701304482019,13.72994889866449,13.46361383671982,0.0,0.16419863894237652,0.1,0.0032782554626464844,0.06291341781616211,0.049978387,0.7571371,13.469092490635399,0.0,0.15201447470341256,0.0,300,0.03510117530822754,0.0018915744514567646,0.0010633001502206713,1361851,13.625080035517191,0.0
4562,3.1933703422546387,13.532267733335605,0.10633911948264604,13.688471381159356,13.398637473898779,0.0,0.15369981913908198,0.1,0.003397226333618164,0.061646461486816406,0.049515907,1.352941,13.47541001490542,0.0,0.15139558843559797,0.0,300,0.03480339050292969,0.0007223567549953609,0.00046266880563849766,1362151,13.672104162251438,0.0
4563,3.1803221702575684,13.436732822905686,0.1737180410067979,13.618020971317893,13.164518632026091,0.0,0.16099095196665952,0.1,0.003253936767578125,0.06380844116210938,0.05026467,0.75535053,13.471542295705445,0.0,0.1502399364763328,0.0,300,0.030649662017822266,0.0008056186202956062,0.0006499496758193128,1362451,13.665887578232793,0.0
4564,3.1353631019592285,13.484688278479776,0.18973230126081567,13.722392551908946,13.191524800773697,0.0,0.15654450266639752,0.1,0.0032126903533935547,0.06097769737243652,0.049816847,0.95626545,13.472856893982879,0.0,0.15085364863188336,0.0,300,0.0355379581451416,0.0005833932220863337,0.0005175870391336021,1362751,13.604859894536043,0.0
4565,3.1668221950531006,13.495147178197826,0.09977423573664837,13.62656613690915,13.366560621784622,0.0,0.15891016288692744,0.1,0.00898599624633789,0.09013533592224121,0.049800623,0.6910359,13.475085922404375,0.0,0.15089841309299262,0.0,300,0.03138089179992676,0.0003661343866020835,0.0003143128626076605,1363051,13.61011052367102,0.0
4566,3.106842517852783,13.57761442773118,0.06696496624576388,13.684067267049217,13.4990656537899,0.0,0.15649635956813843,0.1,0.0035257339477539062,0.06497931480407715,0.050114274,0.63769543,13.485338772937055,0.0,0.15200732587424476,0.0,300,0.030064105987548828,0.00027557414601205114,0.00025365556353690625,1363351,13.600176363999877,0.0
4567,3.1955432891845703,13.58442737012395,0.05689218272226421,13.642404117188633,13.497862750779023,0.0,0.16028667683794107,0.1,0.0034356117248535156,0.06418251991271973,0.049792193,0.84084094,13.495247632655744,0.0,0.1522089336239414,0.0,300,0.030692577362060547,0.000386384385546031,0.0003448969925720668,1363651,13.603994969049063,0.0
4568,3.1678707599639893,13.539557859550694,0.10591282092263007,13.636680480782168,13.361217603833346,0.0,0.15636501051870624,0.1,0.003576993942260742,0.06093454360961914,0.049924567,1.046822,13.499678655345239,0.0,0.15159932601751677,0.0,300,0.03283357620239258,0.0007083041428324768,0.0005512782691265695,1363951,13.675098513004905,0.0
4569,3.188870906829834,13.664646952360583,0.04639322995775261,13.726849712094676,13.597162545851274,0.0,0.1573111668289531,0.1,0.0031604766845703125,0.07913756370544434,0.05016388,0.82304645,13.516175485046773,0.0,0.15314950416577744,0.0,300,0.02978658676147461,0.0008466256934944599,0.0005829478646796069,1364251,13.640252870778193,0.0
4570,3.222510576248169,13.54064173680506,0.09182683568861538,13.621828291444912,13.386840456262004,0.0,0.16728209578732728,0.1,0.003287076950073242,0.06032824516296387,0.049916316,0.632216,13.518622110222601,0.0,0.15155983987451038,0.0,300,0.029826879501342773,0.00156789208409586,0.0010719985903840934,1364551,13.684168748584208,0.0
4571,3.1802003383636475,13.503861069988645,0.03665319965802047,13.549635995008607,13.447717196100811,0.0,0.14745656359185963,0.1,0.0031571388244628906,0.07334709167480469,0.049849853,0.7818148,13.517146006199207,0.0,0.1510926888394366,0.0,300,0.03072333335876465,0.001147654040070885,0.0006322081102821884,1364851,13.48331858503082,0.0
4572,3.1955556869506836,13.570422881328932,0.10489380789010573,13.684123359309673,13.43132065213938,0.0,0.16445136940823565,0.1,0.0029964447021484375,0.060054779052734375,0.049910404,0.7800542,13.522473693712179,0.0,0.15191811387338183,0.0,300,0.0739126205444336,0.000491578911530883,0.0003878768161516261,1365151,13.570103009548355,0.0
4573,3.1724021434783936,13.465779745284689,0.07937263278339997,13.542741557831542,13.332932113163993,0.0,0.15877631646043278,0.1,0.0032396316528320312,0.1185145378112793,0.05018338,1.006398,13.51680429886943,0.0,0.15056217954023532,0.0,300,0.03647446632385254,0.0004066448537997372,0.00030196193043691713,1365451,13.63401791337978,0.0
4574,3.184673309326172,13.49270149531798,0.0624788073093824,13.564088922880154,13.397317078464695,0.0,0.15386319172151447,0.1,0.0032711029052734375,0.0768730640411377,0.049842283,0.68113893,13.514394018514285,0.0,0.15092232050835866,0.0,300,0.05988907814025879,0.0005277114022135942,0.0004064630600089571,1365751,13.65817296335331,0.0
4575,3.1589977741241455,13.511540392463159,0.20270154099349902,13.70051005701301,13.182699900257957,0.0,0.1560806240479829,0.1,0.0032176971435546875,0.06121492385864258,0.05000939,0.6631443,13.514108655909173,0.0,0.15118551962820737,0.0,300,0.029308319091796875,0.0009483694992511876,0.0008199325197374289,1366051,13.66283169451418,0.0
4576,3.1433663368225098,13.533094127512523,0.08456834822327691,13.656652568289605,13.45176909605642,0.0,0.15484989426878937,0.1,0.003496885299682617,0.06369137763977051,0.0499091,0.8340317,13.516007203069508,0.0,0.15144789311260337,0.0,300,0.038491249084472656,0.000612325787462839,0.0005712752525144512,1366351,13.67822709925804,0.0
4577,3.1167337894439697,13.445859344836055,0.032721940638626636,13.477782675118087,13.392187971460698,0.0,0.15521117388637407,0.1,0.0036284923553466797,0.06555008888244629,0.04976523,0.9320107,13.508992417246162,0.0,0.15046146281113626,0.0,300,0.030063629150390625,0.0005158327338536905,0.00041393137762818597,1366651,13.605651094982735,0.0
4578,3.1638851165771484,13.456389744325271,0.15879477837830858,13.604760408478564,13.188594112732106,0.0,0.15073380739333608,0.1,0.003412961959838867,0.062201499938964844,0.05011567,1.436568,13.503732149954073,0.0,0.15045984980325094,0.0,300,0.03025197982788086,0.0006986515093808817,0.0004886200795497626,1366951,13.579116459814026,0.0
4579,3.1651382446289062,13.518388347945944,0.08104842911875065,13.609480368622902,13.397020655570786,0.0,0.1519743799274567,0.1,0.003391742706298828,0.06246328353881836,0.050773654,1.0013534,13.505197769753261,0.0,0.15124002789184454,0.0,300,0.030388355255126953,0.0014710809520794453,0.0008569881091425404,1367251,13.718593039797073,0.0
4580,3.208083152770996,13.481485970360394,0.09156563517711244,13.638302344737463,13.415697385147437,0.0,0.14988983887375232,0.1,0.003503561019897461,0.06436514854431152,0.049281307,0.5539977,13.502826589813974,0.0,0.15082619212278586,0.0,300,0.03005838394165039,0.001221292104297397,0.0007272132162085256,1367551,13.710298734457615,0.0
4581,3.2356455326080322,13.409767813965004,0.14648100734164496,13.540678723616104,13.175563505649675,0.0,0.15973336331334811,0.1,0.0033690929412841797,0.06155514717102051,0.04945294,0.915933,13.493520712229078,0.0,0.14994772166987652,0.0,300,0.0313565731048584,0.0010510389795703348,0.0006592451862245186,1367851,13.626486661709235,0.0
4582,3.172152042388916,13.506190146509478,0.061816016221770666,13.559436683029237,13.406323142927134,0.0,0.1528451165038304,0.1,0.003342151641845703,0.06507015228271484,0.049931876,0.79208666,13.494787655657117,0.0,0.1510913394587382,0.0,300,0.030125141143798828,0.00038839982356194335,0.0002906125101200014,1368151,13.749077011925293,0.0
4583,3.1987054347991943,13.504047603218833,0.16155625686264127,13.72047546550694,13.29041062845599,0.0,0.15562307334621472,0.1,0.003414630889892578,0.061734914779663086,0.049770735,1.0881135,13.495713650413288,0.0,0.15105586870792975,0.0,300,0.030643701553344727,0.0004286123743451699,0.00042390628099256807,1368451,13.65253765781233,0.0
4584,3.162714958190918,13.400788534106475,0.15246159807681797,13.618741695098867,13.192592963062246,0.0,0.14565605754548264,0.1,0.0033266544342041016,0.06110024452209473,0.049849104,0.9548678,13.486221138782607,0.0,0.14975373989633967,0.0,300,0.03290104866027832,0.0007778517730879878,0.000632724459819766,1368751,13.598428521327273,0.0
4585,3.1638987064361572,13.366213509846123,0.09717101656749848,13.488620211942704,13.260173317124481,0.0,0.14743789234180193,0.1,0.0032062530517578125,0.0639340877532959,0.049984146,1.0346464,13.47422037588896,0.0,0.14929229330008892,0.0,300,0.03056025505065918,0.0008131722348416418,0.0006591257911799575,1369051,13.644068379060323,0.0
4586,3.1778275966644287,13.445757557263596,0.24777015569555833,13.617514438102083,13.020875496794929,0.0,0.16656966979089302,0.1,0.003404378890991211,0.06164717674255371,0.04978616,0.7617615,13.471374094026423,0.0,0.15026101567033473,0.0,300,0.03201484680175781,0.0006103231455447908,0.0004917340398665274,1369351,13.790881732459157,0.0
4587,3.1959421634674072,13.552418836315898,0.15996086842079282,13.672869782608112,13.281009832932707,0.0,0.1527973285778665,0.1,0.003392457962036133,0.061231374740600586,0.050126467,0.9341252,13.479478568255372,0.0,0.15174478955379608,0.0,300,0.05583381652832031,0.000402760419665348,0.0003740085172031949,1369651,13.680604265193315,0.0
4588,3.1550912857055664,13.584064480917133,0.05976541069791646,13.685813089783643,13.54035885271508,0.0,0.15893105748201977,0.1,0.003230571746826172,0.060897111892700195,0.049727,0.64746296,13.48993715952155,0.0,0.1521505720327685,0.0,300,0.030597686767578125,0.00031396328159469884,0.0002862755850375418,1369951,13.6372196111094,0.0
4589,3.140899419784546,13.475532755287638,0.11459024922367696,13.665119192024353,13.37035676005754,0.0,0.16597249115960586,0.1,0.0032875537872314453,0.06156015396118164,0.05015706,0.66039175,13.488496719098158,0.0,0.1506219586935096,0.0,300,0.030109882354736328,0.0007068503800316741,0.0005373643042792491,1370251,13.626927720929134,0.0
4590,3.2452197074890137,13.582311627704032,0.07408895697429194,13.659344663223969,13.461302803510737,0.0,0.15802621553797871,0.1,0.0032591819763183594,0.06026148796081543,0.050187476,0.6163486,13.497878209958746,0.0,0.15212892647233567,0.0,300,0.03612232208251953,0.0003433383342386192,0.00030117514608120035,1370551,13.636932301431031,0.0
4591,3.098148822784424,13.470165241489584,0.07068818162513422,13.541084862708518,13.368990840386962,0.0,0.16026246570670807,0.1,0.0035822391510009766,0.06071209907531738,0.0502939,0.66650724,13.49510691311183,0.0,0.15070125886715977,0.0,300,0.03203868865966797,0.0006311109604230339,0.0004946144029273934,1370851,13.626035952988042,0.0
4592,3.2081992626190186,13.510324579342328,0.10159926659337842,13.645801029624577,13.389239550022282,0.0,0.1597151715568685,0.1,0.005199909210205078,0.06318092346191406,0.04995714,0.7277861,13.49662867973488,0.0,0.15117968489111797,0.0,300,0.03029775619506836,0.0012684753491752946,0.0008150609896102662,1371151,13.690418816435757,0.0
4593,3.1037817001342773,13.587391957733002,0.0919496662553909,13.697676030490932,13.450742611786007,0.0,0.17163198646634353,0.1,0.003377199172973633,0.0594937801361084,0.050013293,0.63946533,13.505705007534692,0.0,0.1521131865084238,0.0,300,0.03371739387512207,0.0012604413359568283,0.000857222858189943,1371451,13.615565952983331,0.0
4594,3.1235947608947754,13.421856875594793,0.07418351354350104,13.51545733647551,13.307721081870604,0.0,0.1537884640557194,0.1,0.012235403060913086,0.08612608909606934,0.04988285,0.7532718,13.497320194340702,0.0,0.14996841665525076,0.0,300,0.03547263145446777,0.00032543220413441685,0.00030843504457479305,1371751,13.61384743226865,0.0
4595,3.149801731109619,13.497584417665417,0.13918555761763227,13.62474836743767,13.266984539283792,0.0,0.1581728132369423,0.1,0.0035567283630371094,0.11011672019958496,0.049942028,0.6656378,13.497346616673173,0.0,0.1512295135333437,0.0,300,0.03321099281311035,0.0004604532315633244,0.00044764989814024983,1372051,13.60683596293351,0.0
4596,3.1320419311523438,13.262169597489489,0.3855290094125617,13.568972005796649,12.610388200065703,0.0,0.1539666152813446,0.1,0.003346681594848633,0.08302426338195801,0.049999993,0.7142168,13.473828914754806,0.0,0.1479190532279967,0.0,300,0.055791378021240234,0.0006038306787255751,0.00044622432657483066,1372351,13.66163197797403,0.0
4597,3.162417411804199,13.585540249899624,0.11504672604823316,13.741769061545389,13.417633096395646,0.0,0.1545750010345891,0.1,0.003286123275756836,0.0615847110748291,0.049293377,1.0597299,13.485000048269288,0.0,0.152154640781649,0.0,300,0.057222604751586914,0.0006206918477282598,0.00025669993641279723,1372651,13.562623155599036,0.0
4598,3.097391366958618,13.60849386659762,0.051667909061983895,13.662179198846163,13.53148987283843,0.0,0.15652117523425352,0.1,0.0033359527587890625,0.06386446952819824,0.04978907,0.71921796,13.497349430102123,0.0,0.15248958665889734,0.0,300,0.031199932098388672,0.0004466172636780178,0.00042041346993218617,1372951,13.568467424173638,0.0
4599,3.191331148147583,13.667297069770756,0.06717844852902113,13.740020224182976,13.561586422416987,0.0,0.16450133503956882,0.1,0.0033376216888427734,0.06211519241333008,0.049974065,0.66155154,13.514344194068986,0.0,0.1532729614223841,0.0,300,0.031232357025146484,0.0004902744949178294,0.000358177217969389,1373251,13.623965998280546,0.0
4600,3.1700220108032227,13.522429359490415,0.10530043327666494,13.616686208251332,13.343941654276584,0.0,0.1639871454314817,0.1,0.008385419845581055,0.0762021541595459,0.049936615,0.8109791,13.51515271061113,0.0,0.15131665200125688,0.0,300,0.03182506561279297,0.0008606359337152012,0.0005400832950695234,1373551,13.647629680830368,0.0
4601,3.0807013511657715,13.559486996072211,0.09780405713694575,13.652007247615902,13.417445984903146,0.0,0.16397295332369768,0.1,0.0032482147216796875,0.06393003463745117,0.050112527,0.6112475,13.519586139157239,0.0,0.15177165684402397,0.0,300,0.031676530838012695,0.0014446603203458217,0.0008142941803633977,1373851,13.659107710829945,0.0
4602,3.1652607917785645,13.540068260027315,0.09825227032015156,13.678143983530545,13.438206996374111,0.0,0.15932662839523343,0.1,0.0031023025512695312,0.05963587760925293,0.04971761,0.80757475,13.521634351244247,0.0,0.1516733297278758,0.0,300,0.03013467788696289,0.0017961031414457068,0.00127117992049919,1374151,13.701294934258518,0.0
4603,3.123490810394287,13.470044832160484,0.14907324967723426,13.677227369089087,13.324249074302415,0.0,0.15049321437671212,0.1,0.003438711166381836,0.05959010124206543,0.049911205,0.9689698,13.51647539933587,0.0,0.15073842459840914,0.0,300,0.030542612075805664,0.001217844094028362,0.0009220978027556857,1374451,13.632889318541919,0.0
4604,3.096626043319702,13.523686573571219,0.11494856693204905,13.696153472202747,13.404781943775298,0.0,0.1593208767495612,0.1,0.003153085708618164,0.059720516204833984,0.050135113,0.77555746,13.517196516759405,0.0,0.1514327825639256,0.0,300,0.029641389846801758,0.0013452491482408174,0.0007954764068125064,1374751,13.67435282858718,0.0
4605,3.150959014892578,13.425377672263163,0.1378434363689317,13.584654203585378,13.207626641424342,0.0,0.14781417205673184,0.1,0.004943132400512695,0.062220096588134766,0.0496846,0.6458447,13.50801463230978,0.0,0.1500436695186597,0.0,300,0.029480457305908203,0.0006042593523995889,0.0005622472597200268,1375051,13.676215947499548,0.0
4606,3.1859681606292725,13.582086786153237,0.08195648461535432,13.684224607525193,13.45521908610744,0.0,0.16201484162685978,0.1,0.0031507015228271484,0.09293007850646973,0.05003046,0.733858,13.515421847694126,0.0,0.15205865187177403,0.0,300,0.030849695205688477,0.0007320380970112411,0.0005324672076202331,1375351,13.559696138565377,0.0
4607,3.2017903327941895,13.525085477219552,0.09257817396980637,13.656626233724634,13.400425463093383,0.0,0.15472791636883476,0.1,0.009252309799194336,0.06619763374328613,0.04972725,1.0727674,13.516388210646669,0.0,0.1513368073442637,0.0,300,0.02975153923034668,0.0011140194782109035,0.0007334568349399674,1375651,13.580298274050639,0.0
4608,3.1676926612854004,13.561012115368246,0.11794048857275659,13.669103303783412,13.36314482129832,0.0,0.15671772207468215,0.1,0.0033233165740966797,0.060366153717041016,0.04984815,0.81544214,13.520850601118827,0.0,0.15195868368903542,0.0,300,0.030385971069335938,0.0012475556583976934,0.0007865494705731618,1375951,13.685741443863554,0.0
4609,3.178055763244629,13.533213275566212,0.032061562302860086,13.572792219860684,13.501305914669793,0.0,0.1634916760108316,0.1,0.003147125244140625,0.06152701377868652,0.04988408,0.7036752,13.522086868563566,0.0,0.15149429389869112,0.0,300,0.029949426651000977,0.0008251324050591073,0.0005036492867705348,1376251,13.674387731559982,0.0
4610,3.1310267448425293,13.60568304769868,0.019094626011319504,13.627839811585552,13.584357802649107,0.0,0.16333730785977804,0.1,0.003470897674560547,0.06204700469970703,0.04987257,0.6710356,13.530446486477079,0.0,0.15242727582801457,0.0,300,0.03636431694030762,0.0005758390810517386,0.000422548297716674,1376551,13.724781820801091,0.0
4611,3.2860209941864014,13.512857460875233,0.12189325548264467,13.717486910106897,13.396107967672794,0.0,0.15432845479843119,0.1,0.003109455108642578,0.059743404388427734,0.05001054,0.79984546,13.528687583916895,0.0,0.15122180637449392,0.0,300,0.029857158660888672,0.00069084827534116,0.0005933513077903518,1376851,13.66595270837942,0.0
4612,3.093888998031616,13.173725578017638,0.6916673461218117,13.606397932622988,11.976952107518901,0.0,0.15730636850655322,0.1,0.003808736801147461,0.06200051307678223,0.049813468,0.5732104,13.49319138332697,0.0,0.14663000728737385,0.0,300,0.029843568801879883,0.0013493719960396653,0.0012579714891930982,1377151,13.630752453333693,0.0
4613,3.1270077228546143,13.51771695224582,0.09397309944387708,13.657093101522001,13.392620848647208,0.0,0.15125666945802813,0.1,0.0036020278930664062,0.06331110000610352,0.04974521,1.0570263,13.495643940218855,0.0,0.15125089512390505,0.0,300,0.032395362854003906,0.0007572606817336393,0.000396376495541306,1377451,13.552372767209514,0.0
4614,3.0915186405181885,13.525919444703234,0.11407645674914726,13.672855637454129,13.377180764301253,0.0,0.15386128985352296,0.1,0.0035169124603271484,0.11327052116394043,0.050328534,1.0044905,13.498671490667295,0.0,0.1514449674743399,0.0,300,0.030989646911621094,0.0003487947768145617,0.0004097788688396371,1377751,13.489998663246157,0.0
4615,3.0647013187408447,13.479861965123172,0.23784398344775323,13.765896758411927,13.107060772290652,0.0,0.14318769209105758,0.1,0.003363370895385742,0.08085846900939941,0.048992418,0.5322359,13.496790538112883,0.0,0.1507682079820747,0.0,300,0.03026723861694336,0.0007715423598210455,0.00044129434041879684,1378051,13.642074936790628,0.0
4616,3.1109230518341064,13.478093901307489,0.14706775780882952,13.653356576138002,13.261536448296024,0.0,0.15334110944840204,0.1,0.0032792091369628906,0.060901641845703125,0.050110236,1.3659953,13.494920874432344,0.0,0.15071101288793465,0.0,300,0.06318211555480957,0.0006348372797098991,0.0005806302302014739,1378351,13.681583561848024,0.0
4617,3.111954689025879,13.571021957072093,0.023553875732259925,13.60439650081596,13.539333201489562,0.0,0.15770646642025082,0.1,0.0033881664276123047,0.062042236328125,0.04960133,1.9862187,13.50253098269632,0.0,0.15199009811818473,0.0,300,0.04584550857543945,0.0005459530704348362,0.00030411300619769525,1378651,13.669291878205124,0.0
4618,3.1467862129211426,13.561129758787454,0.0971420707871097,13.708679128169173,13.437110946471924,0.0,0.15948865322683967,0.1,0.003374338150024414,0.06126809120178223,0.04988782,0.6772229,13.508390860305433,0.0,0.15186836285890803,0.0,300,0.029930591583251953,0.000547767171363657,0.00040845494955267053,1378951,13.669087749365692,0.0
4619,3.090996742248535,13.362031972570492,0.2665116925208904,13.579856714439318,12.921395669170376,0.0,0.14481671421610257,0.1,0.0032885074615478516,0.06200385093688965,0.04938456,1.1107993,13.493754971531938,0.0,0.14917044459779283,0.0,300,0.030483722686767578,0.00038582802715566997,0.0003594693581249181,1379251,13.63168144814969,0.0
4620,3.138713836669922,13.040830367597371,0.37311689951129634,13.442717608985154,12.655836106253988,0.0,0.14781605858240315,0.1,0.012372016906738281,0.07655644416809082,0.050025843,1.3460461,13.448462511138482,0.0,0.14496308360629384,0.0,300,0.03010869026184082,0.0009761020842668559,0.0008559281104892625,1379551,13.50773062678613,0.0
4621,3.1307897567749023,13.63695262222391,0.11326341205589449,13.757868810732726,13.469382812316773,0.0,0.15664050995557857,0.1,0.003238201141357422,0.10353517532348633,0.049744427,0.7525705,13.467311522247025,0.0,0.15282339364531888,0.0,300,0.029579877853393555,0.0016762778856795391,0.0007384494710218902,1379851,13.788809126318789,0.0
4622,3.1279900074005127,13.26242110781303,0.20950811739530012,13.597626208267117,13.023947946738579,0.0,0.15977006691290654,0.1,0.0033044815063476562,0.0631248950958252,0.04986495,0.5878071,13.446822480803625,0.0,0.14793708609757988,0.0,300,0.03495192527770996,0.002248014900681195,0.0013585065438539335,1380151,13.597420698851757,0.0
4623,3.160348653793335,13.466832397052615,0.13350177243128186,13.653279300229599,13.296558581880559,0.0,0.15275792196702556,0.1,0.0032694339752197266,0.060975074768066406,0.049835913,0.89626414,13.448823472428526,0.0,0.15066877065061554,0.0,300,0.02960205078125,0.0014892748273396387,0.0011707712470775229,1380451,13.52833065202814,0.0
4624,3.167384624481201,13.473194623208428,0.08386879492839383,13.596525406140819,13.394690535595947,0.0,0.15191883472305043,0.1,0.0033490657806396484,0.06069302558898926,0.049904615,0.8487157,13.451260587506518,0.0,0.15076497470246955,0.0,300,0.03270912170410156,0.0012047994721821275,0.0007583735507432395,1380751,13.598442409711915,0.0
4625,3.190220832824707,13.538510077300568,0.10692246329609222,13.604739665084123,13.353566069599038,0.0,0.1568902471598469,0.1,0.003381967544555664,0.0625925064086914,0.049946867,0.66763365,13.459985536485924,0.0,0.15160373185514595,0.0,300,0.030553817749023438,0.0009330346054775845,0.000685735690256637,1381051,13.656701482965667,0.0
4626,3.180445432662964,13.288918304165025,0.19958421244546068,13.553571127659405,13.068081836492231,0.0,0.15843673805014832,0.1,0.003247499465942383,0.05999612808227539,0.050036732,0.6337022,13.442878813253834,0.0,0.14829520354677123,0.0,300,0.029513120651245117,0.0019490973343411822,0.0011806367755168112,1381351,13.392350495495434,0.0
4627,3.1182210445404053,13.367406086455926,0.2226051225802447,13.581090089001865,13.01054936458349,0.0,0.15489414987899403,0.1,0.003157377243041992,0.05964159965515137,0.04998357,0.7049706,13.435331540574044,0.0,0.14936161637488907,0.0,300,0.029092788696289062,0.0016494628571337403,0.0010367125435743385,1381651,13.623397168937684,0.0
4628,3.130237340927124,13.50005927313001,0.060312765106781054,13.563285273456007,13.405696908760447,0.0,0.15093436293068443,0.1,0.003125429153442383,0.05875682830810547,0.049936052,1.3470457,13.44180431382964,0.0,0.1510854211137743,0.0,300,0.031423330307006836,0.0010586098092169366,0.0004862654609395227,1381951,13.590988052967704,0.0
4629,3.0844480991363525,13.345576556137136,0.1841673347270172,13.631658708983798,13.126888491843095,0.0,0.15654238072828336,0.1,0.0030891895294189453,0.05895209312438965,0.050120775,1.1329799,13.43218153806039,0.0,0.14896669185000896,0.0,300,0.029205322265625,0.00045057663206793657,0.00035419211443482357,1382251,13.670527706560954,0.0
4630,3.0578372478485107,13.178252315863398,0.49841120695550767,13.606260709768263,12.342067930995873,0.0,0.14998964148780136,0.1,0.0037262439727783203,0.06489443778991699,0.049858537,0.7254348,13.406788615840693,0.0,0.14689526077422085,0.0,300,0.030469894409179688,0.0022964972506677906,0.0016140603062280562,1382551,13.636946443986764,0.0
4631,3.1151962280273438,13.525439841253796,0.05518244969716062,13.596550176861813,13.470059411982572,0.0,0.1502968544121699,0.1,0.0034995079040527344,0.0615389347076416,0.050306924,0.9236313,13.418653738382003,0.0,0.15138455704798337,0.0,300,0.030320405960083008,0.00179984746147405,0.0010176070190059882,1382851,13.605712535058162,0.0
4632,3.1456236839294434,13.253850142515567,0.5729321878838363,13.671389800443993,12.268441165323274,0.0,0.15462133038991163,0.1,0.0034966468811035156,0.1233222484588623,0.050076995,0.63900113,13.40217337879536,0.0,0.14796310192205164,0.0,300,0.03005814552307129,0.004380757078346778,0.002797051073637044,1383151,13.715549383156853,0.0
4633,3.108276128768921,13.325231216344356,0.28430360971540297,13.56373008492919,12.839692162475984,0.0,0.14768204874765584,0.1,0.0034427642822265625,0.062048912048339844,0.049225036,0.53211427,13.394479162550262,0.0,0.14879334818806833,0.0,300,0.0355532169342041,0.0030798185894603644,0.001674356469587222,1383451,13.684261387071658,0.0
4634,3.0538766384124756,13.386234725766354,0.22838217830545712,13.644408164421023,13.017976310396577,0.0,0.1529880497059081,0.1,0.0033516883850097656,0.06473517417907715,0.049861204,1.0327661,13.393654718871872,0.0,0.14954930463432292,0.0,300,0.033193349838256836,0.0016703365369531735,0.001128878429376879,1383751,13.551570929577773,0.0
4635,3.1439595222473145,13.605057394599708,0.057773401378083844,13.683154717450082,13.520123638463017,0.0,0.16018427783199649,0.1,0.003179311752319336,0.06091570854187012,0.050114118,0.70611864,13.414794986444656,0.0,0.15240962372278155,0.0,300,0.05301165580749512,0.0018426481682432046,0.000906075541180005,1384051,13.647055260863127,0.0
4636,3.070286989212036,13.398595677005762,0.18724374772438587,13.58885027663179,13.130022928747884,0.0,0.14314837199587782,0.1,0.0034041404724121094,0.06163287162780762,0.049785558,0.84811556,13.413175055500767,0.0,0.14965707219071772,0.0,300,0.030045747756958008,0.001842453317839733,0.0009134387284819693,1384351,13.790329266490202,0.0
4637,3.098632574081421,13.558860992099119,0.0943309388762115,13.711597282962087,13.47392284915279,0.0,0.1502843014229729,0.1,0.0033075809478759766,0.06130194664001465,0.050044283,1.5371771,13.427743649160602,0.0,0.15178932368247344,0.0,300,0.06311368942260742,0.0012211134492043794,0.0005848079794139049,1384651,13.602686200584381,0.0
4638,3.165929079055786,13.265982981148015,0.20535361976405966,13.468573063251476,12.957024628195711,0.0,0.146600330078192,0.1,0.003176450729370117,0.06007647514343262,0.05019846,1.3316067,13.411567582359343,0.0,0.147910970013799,0.0,300,0.0294797420501709,0.0009381444957965615,0.00068896910985156,1384951,13.638942864238736,0.0
4639,3.138798713684082,13.495946391604669,0.06335091422715894,13.551083224264731,13.393967316381955,0.0,0.15024328132273215,0.1,0.0031633377075195312,0.06053423881530762,0.049972534,0.86685467,13.420005463283875,0.0,0.15099070731138514,0.0,300,0.03421354293823242,0.0007972693009507229,0.00042050110124946773,1385251,13.71527071845909,0.0
4640,3.0715997219085693,13.55226155879539,0.08356585569786011,13.615974556375562,13.410158743996544,0.0,0.1561443747310944,0.1,0.0031616687774658203,0.10793662071228027,0.049880248,0.8428673,13.433231072835026,0.0,0.15176840357419624,0.0,300,0.03118157386779785,0.00033924796013584126,0.0002999819411409364,1385551,13.598619864437493,0.0
4641,3.2185661792755127,13.432477205534525,0.11985872171498978,13.627612070757584,13.323972337188522,0.0,0.14757314590547407,0.1,0.0032930374145507812,0.06107187271118164,0.050185665,1.2332097,13.433155686104977,0.0,0.15022344830431866,0.0,300,0.029773473739624023,0.0005712031022825813,0.00048450085948548334,1385851,13.637873731022632,0.0
4642,3.1437149047851562,13.465035644105889,0.13170049534351874,13.578601163862988,13.241574507725842,0.0,0.15789565367884753,0.1,0.003094196319580078,0.06045198440551758,0.050122824,1.0232676,13.436343681905068,0.0,0.1505749366366526,0.0,300,0.029557228088378906,0.0005483346605915588,0.0004758714258798979,1386151,13.598746768677486,0.0
4643,3.1939737796783447,13.39697143306638,0.2118374247365993,13.694599077181703,13.098967970464038,0.0,0.152346469636748,0.1,0.0032160282135009766,0.05861806869506836,0.049943447,0.9014566,13.4324064570212,0.0,0.14975342431368824,0.0,300,0.029395103454589844,0.00085530806532683,0.000628739544651947,1386451,13.579730978141631,0.0
4644,3.1208608150482178,13.505470052983576,0.05567931088503952,13.599684478113808,13.45519092346363,0.0,0.16309324467597758,0.1,0.0032148361206054688,0.06068277359008789,0.0500845,0.6790253,13.439712816617439,0.0,0.151108916204857,0.0,300,0.030452728271484375,0.001148590538020293,0.0009310654324239825,1386751,13.681746408983438,0.0
4645,3.0899276733398438,13.493892567639628,0.07598396285626158,13.570962101438518,13.370956973754646,0.0,0.153800935681949,0.1,0.003594636917114258,0.1085817813873291,0.04976219,0.7231304,13.445130791719658,0.0,0.15093719189355334,0.0,300,0.03008580207824707,0.0007130964616461092,0.0005806559500059862,1387051,13.58247592436858,0.0
4646,3.0927538871765137,13.460316200535601,0.16636275188912,13.629766203584671,13.231160569361382,0.0,0.14291148741096604,0.1,0.0036580562591552734,0.06269955635070801,0.04993034,1.0965004,13.446649332601252,0.0,0.15048986572472167,0.0,300,0.029830217361450195,0.00044629834221557475,0.0003577324931404235,1387351,13.698390062767293,0.0
4647,3.113680839538574,13.448700103742807,0.08360462030366117,13.549577518798372,13.321877197107641,0.0,0.15501838675325244,0.1,0.0034072399139404297,0.06337809562683105,0.050108463,0.5694314,13.446854409715408,0.0,0.15042753210846735,0.0,300,0.030187606811523438,0.00035695304749713217,0.0003333624507869336,1387651,13.56786920067494,0.0
4648,3.145623207092285,12.716925682280074,1.4230728280724545,13.765454876419248,10.269151375429773,0.0,0.1364244494411202,0.1,0.013041257858276367,0.07690787315368652,0.049634106,0.41778523,13.373861536971877,0.0,0.14059443200140312,0.0,300,0.03040909767150879,0.006309876132319348,0.0046461926336396515,1387951,13.613152585099643,0.0
4649,3.170482873916626,13.268102590274314,0.4260266473695474,13.67260063203761,12.560417211174896,0.0,0.15055162743841052,0.1,0.004026174545288086,0.11006927490234375,0.051247366,1.2479283,13.36328564230212,0.0,0.14822779880439826,0.0,300,0.0324704647064209,0.0019322257813139101,0.001326031334403894,1388251,13.607947663357946,0.0
4650,3.096210479736328,13.61237488371161,0.09129317062826284,13.73272715578246,13.515505415188212,0.0,0.16093984753752397,0.1,0.003426790237426758,0.07026791572570801,0.049951397,0.8904917,13.38819456644307,0.0,0.1525314938858151,0.0,300,0.06604146957397461,0.000811196513558399,0.0006687528797692916,1388551,13.52502638949307,0.0
4651,3.0604617595672607,13.530013075586332,0.02829405536367235,13.5504457453991,13.481205783624834,0.0,0.15634482460292146,0.1,0.0032351016998291016,0.06032061576843262,0.050283056,0.79246235,13.402376417357397,0.0,0.1514444361014802,0.0,300,0.04612588882446289,0.0008142543814918236,0.000605136067307661,1388851,13.589119712507939,0.0
4652,3.1133625507354736,13.424880056703374,0.1476247640030103,13.662208976736677,13.258152753308677,0.0,0.15270420468182888,0.1,0.00324249267578125,0.0597841739654541,0.049891632,0.8232151,13.404626781291995,0.0,0.15009994191383239,0.0,300,0.029350996017456055,0.0007369252777164544,0.0005961787696985984,1389151,13.556381908595375,0.0
4653,3.1670143604278564,13.488185093855385,0.09134375207719328,13.583220816229222,13.350979408749918,0.0,0.1550449672450968,0.1,0.005040407180786133,0.06311345100402832,0.049987398,0.858573,13.412982612548333,0.0,0.15092867331338275,0.0,300,0.03243899345397949,0.000592707167371586,0.0004739416737319188,1389451,13.602200423954601,0.0
4654,3.1335294246673584,13.601964732155901,0.08119607028203786,13.724191250252826,13.503872989863256,0.0,0.16208121823512447,0.1,0.003369569778442383,0.06442737579345703,0.049904756,0.75155693,13.43188082450909,0.0,0.15246260529337463,0.0,300,0.030057907104492188,0.000436908314297702,0.00035906251576900937,1389751,13.560172572797624,0.0
4655,3.0644185543060303,13.595263901453864,0.11152311452534776,13.68567052498332,13.404220833325246,0.0,0.15059525389997575,0.1,0.0032303333282470703,0.06075286865234375,0.05029306,0.6707707,13.448219132203569,0.0,0.15232989688067367,0.0,300,0.04966115951538086,0.00047978313602920473,0.00038061943218312475,1390051,13.568078106559705,0.0
4656,3.1308441162109375,13.522269202311463,0.09416479672949639,13.664005221173879,13.435541073462629,0.0,0.15190135823984213,0.1,0.0030782222747802734,0.060986995697021484,0.050112087,1.9228001,13.45562413921436,0.0,0.1513047303918984,0.0,300,0.05339860916137695,0.000732268876735693,0.00046709313123421595,1390351,13.561548779100177,0.0
4657,3.0911495685577393,13.412432895398787,0.3530061953084675,13.675664223430779,12.8050741590343,0.0,0.15947481881120343,0.1,0.0031952857971191406,0.06107187271118164,0.05023328,0.49329263,13.451305014832803,0.0,0.15020923559960173,0.0,300,0.030109882354736328,0.0017630214576402129,0.0016667110371207307,1390651,13.523963186408999,0.0
4658,3.133857488632202,13.63603884788396,0.09273691828054123,13.745754460797029,13.534075173148755,0.0,0.15593496587918282,0.1,0.0033922195434570312,0.059998273849487305,0.04986609,1.1039443,13.469778398137919,0.0,0.1527893461836429,0.0,300,0.03215169906616211,0.0006276611282680907,0.0004636058961904011,1390951,13.637213896144091,0.0
4659,3.096001625061035,13.525694844548093,0.05215237466283561,13.6024591354991,13.466611540899928,0.0,0.1522974633175734,0.1,0.0030379295349121094,0.07950377464294434,0.050041366,0.7602239,13.475370042778938,0.0,0.15136164380555478,0.0,300,0.05039525032043457,0.0005295780535508039,0.000412345399579212,1391251,13.563597845108125,0.0
4660,3.1430983543395996,13.555755762335835,0.12470948065659378,13.747404676979752,13.41854224906689,0.0,0.15546463345404163,0.1,0.003095388412475586,0.05930733680725098,0.050002694,1.595667,13.483408614734628,0.0,0.15183109260875793,0.0,300,0.029711484909057617,0.0005395185352598332,0.0005045891586651595,1391551,13.608804910296952,0.0
4661,3.1381871700286865,13.437863950809337,0.1391679917110674,13.564497362560598,13.215791108293386,0.0,0.15731545506305122,0.1,0.0036802291870117188,0.12496805191040039,0.050061516,0.75558835,13.478854148342101,0.0,0.15030581539772345,0.0,300,0.03382730484008789,0.00037161522632596714,0.00032276519161943547,1391851,13.68054847119455,0.0
4662,3.126718282699585,13.578365831952627,0.10238108996028432,13.7068160881384,13.428460381755487,0.0,0.14814527834193195,0.1,0.0036551952362060547,0.1095435619354248,0.049324244,0.83557194,13.488805316703155,0.0,0.15207432511109015,0.0,300,0.03246021270751953,0.0005647312930623686,0.0004946521228324655,1392151,13.520354352875811,0.0
4663,3.108999729156494,13.521054595364056,0.0813295490493507,13.652286819281166,13.430131613153693,0.0,0.17328793520068833,0.1,0.003437519073486328,0.061624765396118164,0.049999002,0.6435132,13.492030244569245,0.0,0.1513427862602411,0.0,300,0.03014969825744629,0.0009029555140174647,0.0007271018248421811,1392451,13.58576252193612,0.0
4664,3.116478443145752,13.47722186050731,0.19085161334080689,13.652869750678358,13.191309662014968,0.0,0.1475610025764957,0.1,0.0033359527587890625,0.06201434135437012,0.049892955,0.99542356,13.490549406163051,0.0,0.15070083769817783,0.0,300,0.03297281265258789,0.000572000705563629,0.0004929939464740716,1392751,13.700869645299806,0.0
4665,3.0653696060180664,13.466050051289628,0.06144150433286125,13.540607453765954,13.39848613543574,0.0,0.15498783430620935,0.1,0.0033588409423828125,0.06354403495788574,0.049513675,0.64878744,13.488099470675708,0.0,0.1505952905142583,0.0,300,0.030386924743652344,0.00040139501948280277,0.0003002765373953138,1393051,13.61828114106779,0.0
4666,3.165637969970703,13.454593417205448,0.04325895745197931,13.51932913039276,13.397510887898253,0.0,0.15014592545939506,0.1,0.003310680389404297,0.06140756607055664,0.049958285,0.5385019,13.484748865328683,0.0,0.15052288851584728,0.0,300,0.03319263458251953,0.00048248848076513483,0.0002947014152505222,1393351,13.591227176285832,0.0
4667,3.1208717823028564,13.546976528759405,0.07329030069295617,13.63173697116783,13.447384809440702,0.0,0.15947962974282853,0.1,0.013602733612060547,0.07163119316101074,0.049991433,0.9725874,13.490971631671755,0.0,0.15162350117924206,0.0,300,0.0333247184753418,0.0004685537776739593,0.0003703565390666137,1393651,13.597838768708321,0.0
4668,3.0840976238250732,13.002091128297115,0.7327458136427848,13.55923664150792,11.741588091651657,0.0,0.14282176023157733,0.1,0.00325775146484375,0.06336069107055664,0.04962962,0.47622153,13.442083581334291,0.0,0.14449389165954848,0.0,300,0.03087329864501953,0.0018724507965633078,0.0013812669847299266,1393951,13.630611381859042,0.0
4669,3.1068243980407715,13.526098190400246,0.07779029525865969,13.601033693058776,13.397397969034033,0.0,0.15573080035765544,0.1,0.003439664840698242,0.06107950210571289,0.050030414,0.70374215,13.450485042240887,0.0,0.15135730283327692,0.0,300,0.03061819076538086,0.0016192327727042556,0.001182651968016329,1394251,13.59379010737891,0.0
4670,3.129568099975586,13.565637449304555,0.016101396975904146,13.59217327062624,13.55165189071347,0.0,0.14873166274396152,0.1,0.003098726272583008,0.060129404067993164,0.049947064,1.35452,13.462000282947255,0.0,0.15184279304437429,0.0,300,0.030208826065063477,0.0011232931030982789,0.0006031232132204357,1394551,13.605120783830538,0.0
4671,3.231239080429077,13.487229961295473,0.06967702583124918,13.59267927079276,13.406818775488428,0.0,0.14999469397805085,0.1,0.003258943557739258,0.06154990196228027,0.04978628,1.1954541,13.464523250782078,0.0,0.15082798421221313,0.0,300,0.029839754104614258,0.000708382388665301,0.0006383963359979916,1394851,13.586140013319062,0.0
4672,3.1839499473571777,13.322616105179641,0.1947514439757425,13.455163862743284,12.986946457388905,0.0,0.15179847719454795,0.1,0.0031938552856445312,0.061400651931762695,0.05001153,0.61537015,13.450332536221834,0.0,0.1487487660755925,0.0,300,0.03116750717163086,0.001134993300445976,0.0007292798755755397,1395151,13.651130548546424,0.0
4673,3.201418161392212,13.557575070668923,0.0815209366894603,13.677799521228353,13.466660092612225,0.0,0.16066297000898713,0.1,0.0031778812408447266,0.06270384788513184,0.04980609,1.0501964,13.461056789666543,0.0,0.15182037090856124,0.0,300,0.03009319305419922,0.0007123985689420849,0.0006472267344366001,1395451,13.569510529788962,0.0
4674,3.1454529762268066,13.60357727837016,0.02162155827784939,13.629348986308175,13.576076968112345,0.0,0.15271019877312197,0.1,0.003132343292236328,0.0608675479888916,0.0499305,0.8691893,13.475308838536906,0.0,0.15237646217959797,0.0,300,0.02988147735595703,0.0004988257435322269,0.0003326768763175122,1395751,13.536705488764866,0.0
4675,3.368647813796997,13.528312656862695,0.10013704168731336,13.655837325016112,13.404007833881487,0.0,0.157344693085145,0.1,0.009068012237548828,0.06517410278320312,0.050150074,0.64853317,13.480609220369486,0.0,0.15139671329546936,0.0,300,0.03053879737854004,0.0005743661964346742,0.0004885952164542013,1396051,13.571332213006885,0.0
4676,3.0526833534240723,13.423896218659035,0.05686199590180681,13.50648238474325,13.352491678842064,0.0,0.15542395099867415,0.1,0.003473043441772461,0.06060504913330078,0.050179876,0.5950163,13.47493792019844,0.0,0.15003724945849492,0.0,300,0.02984476089477539,0.0005131774665211582,0.0003382341443585139,1396351,13.567707174274686,0.0
4677,3.0826032161712646,13.520883407054704,0.08171144008051917,13.644565126939124,13.417586618969812,0.0,0.1589752709433396,0.1,0.0032737255096435547,0.06141376495361328,0.049935676,0.71256924,13.479532468884068,0.0,0.15134021547879953,0.0,300,0.03182029724121094,0.0005110054805356892,0.00035016489244188263,1396651,13.742923184914668,0.0
4678,3.133319616317749,13.484838552188087,0.1032660171435532,13.61045079804234,13.361733035301963,0.0,0.15355617844034997,0.1,0.003277301788330078,0.06120586395263672,0.050283145,0.837844,13.48006307721447,0.0,0.1507864446549281,0.0,300,0.030230283737182617,0.0003741799930016198,0.0003430908267515035,1396951,13.628542970616913,0.0
4679,3.1311588287353516,13.495916633248028,0.21971721142007994,13.71910029909746,13.145983899235635,0.0,0.1599010976382374,0.1,0.009265899658203125,0.06478619575500488,0.050003298,0.5989083,13.481648432817828,0.0,0.15104171004404982,0.0,300,0.031412601470947266,0.0006973559621210201,0.0005835788541175773,1397251,13.702475832199388,0.0
4680,3.1479032039642334,13.359354989117255,0.20419714565694022,13.49384746304223,13.006819958573912,0.0,0.14723563899005143,0.1,0.0033941268920898438,0.06086325645446777,0.049874302,1.7243154,13.46941908844777,0.0,0.1492046838530925,0.0,300,0.056049346923828125,0.0008481710459969326,0.0007155027650808007,1397551,13.70303886044801,0.0
4681,3.0978379249572754,13.256790687807447,0.38525919477330156,13.512999685618185,12.59070171766963,0.0,0.15085788517471188,0.1,0.003213644027709961,0.06081438064575195,0.04956171,1.0974185,13.44815624838374,0.0,0.14771721552114175,0.0,300,0.031758785247802734,0.0013083578075366604,0.0010214369789640883,1397851,13.630293528272512,0.0
4682,3.1000285148620605,13.534937899821044,0.08189417383229318,13.646247492551156,13.437691271541452,0.0,0.15874550066826165,0.1,0.003239870071411133,0.06003880500793457,0.050130025,1.0263867,13.45683441352747,0.0,0.15152489748334047,0.0,300,0.030920028686523438,0.0008749844846520521,0.0005804370355036355,1398151,13.669059147124356,0.0
4683,3.1904385089874268,13.617180246624873,0.09000325509004363,13.706069080163562,13.467726765412522,0.0,0.15929632957789142,0.1,0.003139495849609375,0.05893254280090332,0.04988287,1.261233,13.47286899683721,0.0,0.15264634528126864,0.0,300,0.03310728073120117,0.0010443032505235896,0.0006884635300580008,1398451,13.615062487392416,0.0
4684,3.1092722415924072,13.49186596591585,0.09599515924189492,13.622581381384807,13.37754500948928,0.0,0.14864189625071014,0.1,0.0032215118408203125,0.0590207576751709,0.050040435,0.99848115,13.474768693745075,0.0,0.1509101319752941,0.0,300,0.030697107315063477,0.0019425042084962802,0.0011310058525391875,1398751,13.581182901277517,0.0
4685,3.093372344970703,13.124623273636285,0.6638494576836173,13.626530528150985,11.986135237234608,0.0,0.14745498126654452,0.1,0.0033257007598876953,0.08726859092712402,0.050036952,0.43240765,13.439754151734196,0.0,0.14599518977601994,0.0,300,0.03629565238952637,0.0024524992811400703,0.0018420334392169053,1399051,13.483074789173676,0.0
4686,3.2301485538482666,13.572181858580143,0.05622416047633604,13.638594793183108,13.482896804004499,0.0,0.1477544489030927,0.1,0.0032165050506591797,0.060939788818359375,0.050161004,1.0832274,13.45299692241879,0.0,0.15198172236060248,0.0,300,0.02967667579650879,0.00039943579207901914,0.0003438498760895178,1399351,13.633078752991288,0.0
4687,3.170203924179077,13.576787685304815,0.03508506320076056,13.619248081582601,13.53616083778351,0.0,0.1613213762209767,0.1,0.0031218528747558594,0.06077265739440918,0.049765997,1.1832439,13.465375998707394,0.0,0.15207580127844467,0.0,300,0.03019857406616211,0.0005065038313973081,0.0003721617620846445,1399651,13.584892690959231,0.0
4688,3.1848983764648438,13.421020846789315,0.09317427820491234,13.573978359768159,13.330106769061072,0.0,0.14669164633268575,0.1,0.003159046173095703,0.06067514419555664,0.05008532,1.1064289,13.460940483515586,0.0,0.15003119891345493,0.0,300,0.03049492835998535,0.0005198820717148024,0.00045019650352458963,1399951,13.725653890089689,0.0
4689,3.159191370010376,13.534039196921686,0.07993503460534995,13.637878695373466,13.440207615713888,0.0,0.1521745155943155,0.1,0.0032570362091064453,0.06260323524475098,0.049823646,0.6884771,13.468250354856195,0.0,0.151537754111573,0.0,300,0.030122756958007812,0.0003299771716187451,0.0002710271062934289,1400251,13.636212191656545,0.0
4690,3.140249013900757,11.773355789864263,3.2315903705396485,13.734606460931497,6.177908790274505,0.0,0.15991523830116006,0.1,0.0036270618438720703,0.06426692008972168,0.05028059,0.46682385,13.298760898357003,0.0,0.12835512852360056,0.0,300,0.030925273895263672,0.05888712046857262,0.0314463828912422,1400551,13.600859852189657,0.0
4691,3.113128423690796,13.473601295458096,0.11772638878367792,13.573681090118079,13.280289566247008,0.0,0.15262834621893048,0.1,0.003703594207763672,0.06172323226928711,0.049978267,1.1193421,13.316244938067111,0.0,0.15076589716186678,0.0,300,0.030593156814575195,0.0186402850591934,0.011588919974569496,1400851,13.700380273354142,0.0
4692,3.0978217124938965,13.510758028700765,0.08095207125622615,13.608474440515137,13.383383809378357,0.0,0.1491351983132141,0.1,0.003439188003540039,0.06538748741149902,0.050113328,1.4884562,13.335696247130477,0.0,0.1511510355496471,0.0,300,0.030472517013549805,0.010614294268697595,0.006252644992930199,1401151,13.573558895600343,0.0
4693,3.0896785259246826,13.605711953276774,0.11252613871824035,13.737123318028452,13.437960710383376,0.0,0.14822539630667056,0.1,0.00571894645690918,0.06097006797790527,0.050007205,0.70722586,13.362697817745106,0.0,0.15241594517564,0.0,300,0.03009629249572754,0.006341224216906963,0.0032963261475333645,1401451,13.623672059818213,0.0
4694,3.043896198272705,13.4201518953437,0.19077395545545905,13.63392830732158,13.205791864138758,0.0,0.14573705071482873,0.1,0.0033342838287353516,0.10723137855529785,0.049981825,0.98575246,13.368443225504967,0.0,0.1500643284232639,0.0,300,0.03065180778503418,0.005476963722930364,0.002550615804004837,1401751,13.52648119974276,0.0
4695,3.182295083999634,13.5574295865929,0.0695722527302805,13.641113846614095,13.456258064108038,0.0,0.15887374265297433,0.1,0.0033545494079589844,0.061981201171875,0.049804308,1.160959,13.387341861613761,0.0,0.15179910959152532,0.0,300,0.03056168556213379,0.002419249690383378,0.0011232749537268885,1402051,13.599878631977768,0.0
4696,3.1162631511688232,13.448515968826946,0.08266986432221801,13.553174408537478,13.321497164371193,0.0,0.15603868627554465,0.1,0.003362417221069336,0.11082291603088379,0.050119966,0.84480214,13.393459272335079,0.0,0.150434380729179,0.0,300,0.0303802490234375,0.001373307020856609,0.0009334823544619627,1402351,13.693486082855346,0.0
4697,3.15267276763916,13.420251966750268,0.20920056175046783,13.63223282385208,13.083099251283173,0.0,0.14997615190968086,0.1,0.0033102035522460938,0.06274890899658203,0.04993649,1.4381778,13.396138541776597,0.0,0.15005149032179887,0.0,300,0.03318500518798828,0.0019323847027871257,0.0017891895246447073,1402651,13.556044516689491,0.0
4698,3.1209094524383545,13.551886848663212,0.07350841773239133,13.670955975365738,13.470184570887511,0.0,0.15710170309071667,0.1,0.010920286178588867,0.09180712699890137,0.050102543,0.630374,13.41171337246526,0.0,0.1517639824422527,0.0,300,0.030560970306396484,0.0018660476964932665,0.0012302698837876975,1402951,13.559994700407934,0.0
4699,3.130484104156494,13.264934758451744,0.6257552035397013,13.665690599801959,12.181937563530603,0.0,0.15732884180710652,0.1,0.003264188766479492,0.08907651901245117,0.051008865,1.6793205,13.397035511063908,0.0,0.14793659295434303,0.0,300,0.03743696212768555,0.002413211109761143,0.0017601095625701091,1403251,13.589743903489833,0.0
4700,3.118274211883545,13.50305158122037,0.06300137021056655,13.570909690581209,13.402422074705763,0.0,0.14984415117777916,0.1,0.003269672393798828,0.059105634689331055,0.04881371,1.1225103,13.407637118079554,0.0,0.15110695807529098,0.0,300,0.032752275466918945,0.000540966300135085,0.00043217187580612887,1403551,13.619759402981662,0.0
4701,3.1008529663085938,13.50692090458888,0.09483336418978924,13.598355111947251,13.372808022622637,0.0,0.1514130867015674,0.1,0.003092527389526367,0.06131601333618164,0.050239682,0.75347716,13.417565496730486,0.0,0.15116344460725328,0.0,300,0.030241966247558594,0.0006685233815085407,0.0005424992522441693,1403851,13.557777409285144,0.0
4702,3.1828725337982178,13.547446677221217,0.07168982280146155,13.61086656666786,13.436298761794378,0.0,0.1570140278776988,0.1,0.003231525421142578,0.06171154975891113,0.050004933,0.8440736,13.430553614779559,0.0,0.15162156995910214,0.0,300,0.02986598014831543,0.0005576133484235474,0.0005111349781235113,1404151,13.630170384078761,0.0
4703,3.0931859016418457,13.49089070918059,0.0711678999135342,13.59526986849893,13.41902388483112,0.0,0.15831478183600697,0.1,0.003137826919555664,0.061313629150390625,0.050263446,0.57556385,13.436587324219662,0.0,0.15097580367556276,0.0,300,0.030612468719482422,0.0009179907969604388,0.0005598093387202263,1404451,13.688968022329997,0.0
4704,3.172960042953491,13.51877655762939,0.11949224465075084,13.650140561195855,13.351315233750354,0.0,0.16285825295790918,0.1,0.0032193660736083984,0.06160855293273926,0.049843732,0.94418174,13.444806247560635,0.0,0.15127284996413215,0.0,300,0.04704856872558594,0.0010294272518706748,0.0006889366110376957,1404751,13.57678971974354,0.0
4705,3.1536271572113037,13.556566870300292,0.06699794248682993,13.628356857262046,13.447487909834827,0.0,0.15146347244319827,0.1,0.0031058788299560547,0.062128543853759766,0.05040055,1.3500168,13.455982309834601,0.0,0.1517732915760947,0.0,300,0.05863380432128906,0.0014551841275730324,0.0008478963336090548,1405051,13.574627539671328,0.0
4706,3.153455972671509,13.522862167424796,0.12417978691935856,13.672672380563975,13.329821486361897,0.0,0.14701613623829138,0.1,0.0031561851501464844,0.09039449691772461,0.049815968,1.0864505,13.46267029559362,0.0,0.15132031460021805,0.0,300,0.032224416732788086,0.0007126652081801972,0.0005301446067498614,1405351,13.624168286259541,0.0
4707,3.069082736968994,13.591380164669735,0.06437256065745074,13.66602273390414,13.51917606425237,0.0,0.15478227785006016,0.1,0.013808488845825195,0.06621837615966797,0.050077207,0.82232237,13.475541282501231,0.0,0.15232696597550313,0.0,300,0.030255556106567383,0.0005549724423355956,0.00046103125193043635,1405651,13.556775336212011,0.0
4708,3.0248823165893555,13.533507914315352,0.18930547526945407,13.766297133090154,13.241644515179688,0.0,0.14896704525145918,0.1,0.003445148468017578,0.0608372688293457,0.050350785,0.8190552,13.481337945682643,0.0,0.1514716870444216,0.0,300,0.030397653579711914,0.0004086369501999529,0.00041780793255094745,1405951,13.617403726778148,0.0
4709,3.068795919418335,13.530432519733782,0.06807613456371765,13.59672424895963,13.424137383547325,0.0,0.1575831506241435,0.1,0.003309965133666992,0.11288809776306152,0.049898338,0.7567975,13.486247403087757,0.0,0.15144546627504268,0.0,300,0.030316829681396484,0.0003577387484950542,0.0002892701267937513,1406251,13.644520476413966,0.0
4710,3.1800150871276855,13.510603800748605,0.13613386516613643,13.618440478972799,13.27730904568486,0.0,0.15377984496906633,0.1,0.00330352783203125,0.11287117004394531,0.050021973,2.8489485,13.488683042853843,0.0,0.15114326986697993,0.0,300,0.03125715255737305,0.000586133366604838,0.00037066495994785334,1406551,13.583527873675505,0.0
4711,3.0257906913757324,13.524736859860738,0.10815535872512426,13.603336907937152,13.33857253918002,0.0,0.15970536176094385,0.1,0.0033721923828125,0.061115264892578125,0.050043218,0.7704142,13.492288424554534,0.0,0.15140963332037521,0.0,300,0.030605077743530273,0.0003676026900415775,0.00039365980093227794,1406851,13.596954150451323,0.0
4712,3.028855562210083,13.499135745179238,0.13600256079979195,13.695175507170957,13.340667778947445,0.0,0.1514438255447494,0.1,0.0032546520233154297,0.06190848350524902,0.049954664,0.8470358,13.492973156617005,0.0,0.1511022217428015,0.0,300,0.03189873695373535,0.0007328888370126901,0.0005756704190142496,1407151,13.543852109961227,0.0
4713,3.1030404567718506,13.535673353090058,0.12585710621475454,13.642910851803153,13.321958540765046,0.0,0.15359351081124945,0.1,0.0033104419708251953,0.07029891014099121,0.050001156,1.1855558,13.49724317626431,0.0,0.15148000158411068,0.0,300,0.03077220916748047,0.0010746520355539792,0.0008045761272033939,1407451,13.665450952137038,0.0
4714,3.1717689037323,13.474160209692377,0.10810163029660683,13.614415633420835,13.343207725581955,0.0,0.15988382781924615,0.1,0.003393411636352539,0.06327605247497559,0.050289746,0.77775633,13.494934879607118,0.0,0.15076199770668403,0.0,300,0.03249382972717285,0.0009812036523283818,0.000775793907683728,1407751,13.557230374134638,0.0
4715,3.074307680130005,13.59586133776011,0.06352467240188714,13.644228244362957,13.486811263748354,0.0,0.1591339335981936,0.1,0.0032949447631835938,0.061606407165527344,0.049784545,0.87434053,13.505027525422419,0.0,0.15228793019245743,0.0,300,0.05711674690246582,0.000807442751745577,0.0006370292075777253,1408051,13.655148081189994,0.0
4716,3.0689897537231445,13.39160312969829,0.34826743260315995,13.660982045076803,12.794376525547861,0.0,0.14750711778429595,0.1,0.003278493881225586,0.05954122543334961,0.04982582,1.0924003,13.493685085850005,0.0,0.14970388687057096,0.0,300,0.030263662338256836,0.0031038564300548037,0.0017931334880139235,1408351,13.684724184813886,0.0
4717,3.125758171081543,13.233122720148002,0.24624754851844435,13.636996440243104,12.970178291981913,0.0,0.15196804531630428,0.1,0.0032737255096435547,0.06207275390625,0.04990935,0.6494182,13.467628849279805,0.0,0.14752920913250625,0.0,300,0.029875516891479492,0.0015750923030158986,0.0009397093769246969,1408651,13.709207230616364,0.0
4718,3.0542540550231934,13.572196065479794,0.05367280675878694,13.649229249575713,13.50066713976525,0.0,0.15133448278848247,0.1,0.0034224987030029297,0.06864261627197266,0.049752682,1.2028478,13.478085570899804,0.0,0.15201792245458437,0.0,300,0.058361053466796875,0.0009429631791964103,0.0008373472721346304,1408951,13.697891521129014,0.0
4719,3.1785507202148438,13.519428749988545,0.10185542526138332,13.632452582727204,13.355921395711713,0.0,0.15497394473357615,0.1,0.0031909942626953125,0.11201119422912598,0.049965326,0.77910537,13.482219888808679,0.0,0.15133663917525753,0.0,300,0.03220677375793457,0.0015730110173958996,0.0010279859905538038,1409251,13.663286409874862,0.0
4720,3.1236226558685303,13.542253322719418,0.077202744876203,13.630597809171974,13.45662188360043,0.0,0.15309462769878524,0.1,0.003301382064819336,0.0592191219329834,0.04980806,0.64030594,13.488223232199754,0.0,0.15158204408780526,0.0,300,0.053023338317871094,0.0010375455761444082,0.0005857402925281369,1409551,13.666916020590202,0.0
4721,3.107891798019409,13.588714503465598,0.11948793234705497,13.706949789880003,13.398236658962354,0.0,0.1589882667088311,0.1,0.009043455123901367,0.11525535583496094,0.050233074,0.76257956,13.49827235932634,0.0,0.1522722080313442,0.0,300,0.03224301338195801,0.0006795286005576028,0.0004432024449235541,1409851,13.665576443655027,0.0
4722,3.0241386890411377,13.577276377089959,0.04976161903806787,13.647908658954979,13.51329751040929,0.0,0.16101088191117838,0.1,0.0036962032318115234,0.06317996978759766,0.050019175,1.0000285,13.506172761102702,0.0,0.15206203721258033,0.0,300,0.03265380859375,0.0006855462193325219,0.0005586148446610433,1410151,13.679700571570317,0.0
4723,3.065546989440918,13.464735301709952,0.1048988624767902,13.605095250254593,13.359604955416438,0.0,0.14637739316769358,0.1,0.0035953521728515625,0.06044507026672363,0.04979606,1.2637614,13.502029015163426,0.0,0.15069049073392365,0.0,300,0.03650689125061035,0.00041923146093190235,0.00034876002584918877,1410451,13.600654917608926,0.0
4724,3.018341064453125,13.266315559595121,0.14209336707645925,13.507884235181365,13.155598262435573,0.0,0.1451804028482934,0.1,0.0033605098724365234,0.061035871505737305,0.04879582,4.0273833,13.478457669606597,0.0,0.14800215071781314,0.0,300,0.03039693832397461,0.0007980851827887719,0.0006203155568492686,1410751,13.686708821079497,0.0
4725,3.0927023887634277,13.568831680601154,0.05115111485140849,13.6173501211523,13.49283798178657,0.0,0.1515262910847379,0.1,0.014046669006347656,0.06119871139526367,0.04978961,1.4787985,13.487495070706052,0.0,0.15196987150201707,0.0,300,0.030367136001586914,0.000506729258191757,0.0004316727009949753,1411051,13.758675176064289,0.0
4726,3.0939602851867676,13.573002275311628,0.06833660385084285,13.642854869478878,13.480547931354044,0.0,0.15235706748928363,0.1,0.0034017562866210938,0.10978579521179199,0.049990736,0.75005823,13.496045791166608,0.0,0.15198864579172022,0.0,300,0.03052520751953125,0.000596450942440039,0.0005599266115501844,1411351,13.60634143629701,0.0
4727,3.145490884780884,13.594900207942569,0.0609567027470181,13.680756137135724,13.52002657788656,0.0,0.15059662190959094,0.1,0.00907588005065918,0.10695266723632812,0.04999701,0.6348801,13.505931232844205,0.0,0.1522359182639586,0.0,300,0.030297517776489258,0.00044303634006914104,0.0003286579532124595,1411651,13.687226189149404,0.0
4728,3.073183298110962,13.486024202854567,0.13339503131121858,13.633205088333323,13.29479489587394,0.0,0.15308107837977428,0.1,0.0033240318298339844,0.0606997013092041,0.05005966,0.7659954,13.503940529845242,0.0,0.15087446226751153,0.0,300,0.0345916748046875,0.0006292884457999671,0.00039241936033789843,1411951,13.726659336858807,0.0
4729,3.089022159576416,13.56812734884567,0.05485088302690581,13.656944055829234,13.507591795539444,0.0,0.15686167579398028,0.1,0.003220081329345703,0.06397843360900879,0.049716976,0.75674057,13.510359211745286,0.0,0.1519056273356281,0.0,300,0.02909088134765625,0.0004584302325960766,0.0003472964379047545,1412251,13.573947970855095,0.0
4730,3.176501512527466,13.530302776871562,0.07556926017773835,13.60520963604404,13.412257577564358,0.0,0.1544204047920804,0.1,0.003296375274658203,0.06305980682373047,0.049653634,0.6205867,13.512353568257915,0.0,0.15140244983174506,0.0,300,0.056386709213256836,0.0005674270163505992,0.0003441529645935278,1412551,13.589839613706067,0.0
4731,3.117597818374634,13.382594772068536,0.202267675524083,13.702640204765704,13.143515912428247,0.0,0.15550576925395965,0.1,0.00334930419921875,0.06005859375,0.050153993,1.5482765,13.499377688638978,0.0,0.14956849545205378,0.0,300,0.030421733856201172,0.0007719575715857612,0.0007332337202540909,1412851,13.61612461100538,0.0
4732,3.114300489425659,13.499792707588218,0.10743523207183758,13.579267325587,13.315665964416135,0.0,0.15933243852724066,0.1,0.0032193660736083984,0.09264087677001953,0.049806673,0.84017986,13.499419190533903,0.0,0.1510360093176601,0.0,300,0.04266977310180664,0.0004963990724272995,0.00038623679240450137,1413151,13.633761478789241,0.0
4733,3.094003200531006,13.553978873290959,0.0476777326078823,13.624708128628935,13.490707480163428,0.0,0.15488208365176234,0.1,0.0032684803009033203,0.0652780532836914,0.049710516,0.8030065,13.50487515880961,0.0,0.15179168458444522,0.0,300,0.030062198638916016,0.00046258642955825753,0.0003755982764556991,1413451,13.642751725411701,0.0
4734,3.0768630504608154,13.550357706773047,0.06999030944804417,13.62914583864358,13.456531453469198,0.0,0.14706937837589304,0.1,0.0033309459686279297,0.0591275691986084,0.050147984,0.65419465,13.509423413605953,0.0,0.1516897442981552,0.0,300,0.03147101402282715,0.00043495817633504064,0.00031857564083646525,1413751,13.581956188609078,0.0
4735,3.1083409786224365,13.56241843030861,0.06818104754535963,13.626327463067172,13.456609226196754,0.0,0.1641469555386798,0.1,0.003186464309692383,0.0623626708984375,0.049782224,0.95563793,13.51472291527622,0.0,0.15183483712332638,0.0,300,0.030526399612426758,0.00049025016132588,0.0002913401592869065,1414051,13.720080297648023,0.0
4736,3.0701940059661865,13.30012670617578,0.2329834524651598,13.682442242825276,13.097643439924498,0.0,0.15515684920513376,0.1,0.0032320022583007812,0.06622624397277832,0.05006442,0.79564595,13.493263294366177,0.0,0.14855112344852756,0.0,300,0.030670166015625,0.0010951877630996398,0.0008293439087679217,1414351,13.68023288937331,0.0
4737,3.2687902450561523,13.520055000356065,0.15486081644118457,13.6321955171498,13.255830004183306,0.0,0.15914578146233604,0.1,0.00335693359375,0.11226320266723633,0.05008822,0.6630658,13.495942464965164,0.0,0.15134575663554442,0.0,300,0.032544851303100586,0.0018505854016333172,0.0011203661406809149,1414651,13.572572045586512,0.0
4738,3.021509885787964,13.42674017113848,0.148686414354394,13.586543478150855,13.199753981644868,0.0,0.14929893115084872,0.1,0.003664255142211914,0.06468391418457031,0.049761232,0.7794522,13.489022235582498,0.0,0.15012608749383913,0.0,300,0.03277945518493652,0.0017218714108262808,0.0009419419492330701,1414951,13.536589113587276,0.0
4739,3.0696558952331543,13.603307436424185,0.09440052296535381,13.720265150601017,13.489926830348086,0.0,0.16103284028252043,0.1,0.003419160842895508,0.06294655799865723,0.0502392,0.70654386,13.500450755666666,0.0,0.15235607909786322,0.0,300,0.030140399932861328,0.001480402820875611,0.000867816767502765,1415251,13.617081693494727,0.0
4740,3.092918872833252,13.51863201731383,0.05616406674809737,13.56421800573256,13.422417425339344,0.0,0.15933202384115414,0.1,0.0034821033477783203,0.06512665748596191,0.050231315,1.1292312,13.502268881831384,0.0,0.15132617428101744,0.0,300,0.0305325984954834,0.0010209947746557529,0.0006428429793885001,1415551,13.69376817607816,0.0
4741,3.1879501342773438,13.501563533373163,0.09589715050216259,13.560326076390309,13.335522165005104,0.0,0.14876078908434923,0.1,0.0034227371215820312,0.060230255126953125,0.049803816,0.8725157,13.502198346985562,0.0,0.15109202810851363,0.0,300,0.030201435089111328,0.0006195298411245955,0.0004763077310449084,1415851,13.647308080048019,0.0
4742,3.0610604286193848,13.367447056855564,0.15838737769459033,13.474116842544195,13.09385100159008,0.0,0.15403509357790882,0.1,0.003263711929321289,0.07022476196289062,0.049945652,0.8588795,13.488723217972563,0.0,0.14940985229079723,0.0,300,0.03041553497314453,0.0009021616474376741,0.0005807838585652823,1416151,13.610018996581212,0.0
4743,3.07243275642395,13.469906866251586,0.06807378503014742,13.542367029005591,13.392329992651108,0.0,0.15832677411733284,0.1,0.0031931400299072266,0.062427520751953125,0.0499478,0.71131325,13.486841582800466,0.0,0.1506112248068995,0.0,300,0.029881954193115234,0.0009509320176046146,0.0005724511584465506,1416451,13.730892113638555,0.0
4744,3.0829408168792725,12.035708699897329,2.6015080840232834,13.643116617832092,7.532281582086793,0.0,0.144666834868995,0.1,0.003237009048461914,0.06306195259094238,0.050530385,0.3166393,13.341728294510153,0.0,0.13172645032251357,0.0,300,0.029692888259887695,0.019959571531698684,0.014033485133984634,1416751,13.680603258971823,0.0
4745,3.0665807723999023,13.618480120565362,0.10113408603613165,13.706080383329065,13.446292391589154,0.0,0.1466641620853695,0.1,0.003252267837524414,0.05940079689025879,0.049945243,1.6028627,13.369403477115675,0.0,0.15258518144426655,0.0,300,0.030093669891357422,0.005685243420415673,0.0023319743049193707,1417051,13.732838863542403,0.0
4746,3.0757055282592773,13.529851456591942,0.038114848277994856,13.59381332966453,13.497789298544241,0.0,0.15383950590392237,0.1,0.0031943321228027344,0.062333106994628906,0.050057475,1.0564494,13.385448275063304,0.0,0.15138512102826152,0.0,300,0.029313325881958008,0.0026568080327528283,0.0017758517431815024,1417351,13.687057829019686,0.0
4747,3.07659912109375,13.511853805328709,0.04072901266438148,13.552355502391496,13.444203155708562,0.0,0.15487401449635219,0.1,0.0034301280975341797,0.05926990509033203,0.050005715,0.5056796,13.398088828089843,0.0,0.1512340748602743,0.0,300,0.03002619743347168,0.0017242902393478125,0.0006200907989235105,1417651,13.589091486780207,0.0
4748,3.107511520385742,13.583213341723718,0.08191415302138053,13.681809858623055,13.479026476218424,0.0,0.14397782363949965,0.1,0.00919795036315918,0.0700068473815918,0.049840692,1.2756253,13.41660127945323,0.0,0.15212608226466898,0.0,300,0.030243873596191406,0.001661748495189132,0.0009191572836768453,1417951,13.63484162147045,0.0
4749,3.083857774734497,13.512441100792058,0.01938357481868933,13.54540270634666,13.497757693706818,0.0,0.14600203083384541,0.1,0.0031936168670654297,0.0629584789276123,0.049806297,0.9866199,13.426185261587113,0.0,0.15117848887186208,0.0,300,0.02970600128173828,0.0012903024956315646,0.0010614458203038837,1418251,13.638870002020807,0.0
4750,3.105851650238037,13.43772792462367,0.10384776859651244,13.616353956849654,13.36425092493338,0.0,0.15053238199518554,0.1,0.0031766891479492188,0.06064200401306152,0.050069787,0.8246033,13.42733952789077,0.0,0.15030492094077777,0.0,300,0.033539533615112305,0.0014120422631321975,0.0007291032584784119,1418551,13.801303331472583,0.0
4751,3.25724720954895,13.502255886459952,0.08804761839823182,13.602459878194148,13.3651538047647,0.0,0.15655828821886067,0.1,0.0030813217163085938,0.11197209358215332,0.049647044,0.7930783,13.434831163747688,0.0,0.15111275999610002,0.0,300,0.030292034149169922,0.0017248563466124532,0.0010758101945951154,1418851,13.760565538153893,0.0
4752,3.027900457382202,13.402110288432377,0.30064658709635494,13.614166797712258,12.884494567758296,0.0,0.1533562929205974,0.1,0.003694295883178711,0.0641169548034668,0.050059553,1.0815946,13.431559076216157,0.0,0.14985543067469356,0.0,300,0.03188037872314453,0.002345367300786975,0.0011548634492843566,1419151,13.642133019980664,0.0
4753,3.047504425048828,13.31770610249085,0.3843840257587931,13.650728736019419,12.664046589230677,0.0,0.14666325949779904,0.1,0.0034618377685546875,0.062273263931274414,0.05048004,0.8872426,13.420173778843628,0.0,0.14868021545620802,0.0,300,0.0299227237701416,0.0014608267840302116,0.0010270023164225333,1419451,13.534624627233987,0.0
4754,3.0893187522888184,13.609144662509063,0.0633160766991136,13.693931978791909,13.543342662421018,0.0,0.1513025469630177,0.1,0.003304004669189453,0.0614471435546875,0.05017385,0.6854542,13.439070867210173,0.0,0.15248104758868503,0.0,300,0.030398130416870117,0.0013485237938661888,0.0010579420111605847,1419751,13.580332093175748,0.0
4755,3.087742805480957,13.517026529160384,0.045312110640040086,13.579988284693641,13.456921397995183,0.0,0.15189025365253872,0.1,0.0033416748046875,0.060088157653808594,0.050144013,0.88217247,13.446866433405194,0.0,0.15133833774110794,0.0,300,0.031600236892700195,0.00172353271067593,0.0010747616221594757,1420051,13.646884658494272,0.0
4756,3.161069393157959,13.432680024604942,0.07465000321808453,13.518793552594545,13.319953860334824,0.0,0.1522015341735514,0.1,0.0032958984375,0.06001138687133789,0.050076675,1.101781,13.445447792525169,0.0,0.1501848515911773,0.0,300,0.03257036209106445,0.0007606351834714693,0.00047497814962396115,1420351,13.646520404150754,0.0
4757,3.068040370941162,13.600731581501936,0.08022543725420442,13.675286541798464,13.465739501497422,0.0,0.14892236918293694,0.1,0.012702465057373047,0.06197023391723633,0.049899973,1.7361646,13.460976171422846,0.0,0.15232177805901378,0.0,300,0.031203269958496094,0.0005098975161740071,0.00036097577748128,1420651,13.742551973548084,0.0
4758,3.154369831085205,13.389600925819135,0.20055880582795413,13.655729904168448,13.142010947091912,0.0,0.15538627010330325,0.1,0.0033082962036132812,0.06222081184387207,0.049755536,0.60865974,13.453838646862476,0.0,0.14960997846911986,0.0,300,0.032494544982910156,0.0007836740741876129,0.0006595761902894398,1420951,13.738972105439373,0.0
4759,3.1168384552001953,13.486757380788326,0.06911338222512745,13.569309776491238,13.380044742080937,0.0,0.15410145587875257,0.1,0.003197908401489258,0.06136775016784668,0.0485938,0.59893286,13.45713052025506,0.0,0.15082479615308983,0.0,300,0.02987504005432129,0.0009237431957133893,0.00063216442166707,1421251,13.595919495122416,0.0
4760,3.0888113975524902,13.437407192451351,0.11803223921753239,13.631376761775574,13.337308295905649,0.0,0.14547518165411155,0.1,0.003149747848510742,0.06217789649963379,0.050006952,1.4115599,13.455158187474689,0.0,0.1503166180229421,0.0,300,0.042467594146728516,0.0010249588236799331,0.0006722049984781653,1421551,13.625585089281907,0.0
4761,3.1055731773376465,13.587471338649523,0.019809597976721056,13.61258795573482,13.561178086748775,0.0,0.16023505308841082,0.1,0.0038733482360839844,0.06603288650512695,0.050059453,0.9585261,13.468389502592172,0.0,0.15220736148787922,0.0,300,0.030124187469482422,0.0012927695856309927,0.0006749709728866672,1421851,13.690976799199532,0.0
4762,3.1947104930877686,13.43793813522569,0.11387904283140445,13.605781741304598,13.28437320333501,0.0,0.1598053119766995,0.1,0.0031440258026123047,0.05990958213806152,0.049866673,1.0160081,13.465344365855525,0.0,0.15023505587379982,0.0,300,0.030277013778686523,0.0015626734163508716,0.0006987657588124431,1422151,13.631680503653351,0.0
4763,3.1984941959381104,13.538222063114441,0.11327869508022126,13.64270986632769,13.352018822576705,0.0,0.15078238173206013,0.1,0.0032410621643066406,0.10973453521728516,0.05006715,0.74967545,13.472632135581417,0.0,0.15156317413324347,0.0,300,0.03159928321838379,0.0008145680746103913,0.0004646481746698592,1422451,13.692863718432134,0.0
4764,3.1207504272460938,13.572764428415306,0.05044037322443024,13.648947357234222,13.51127397159596,0.0,0.14335628152963947,0.1,0.0031523704528808594,0.058989524841308594,0.050308,9.858529,13.482645364864807,0.0,0.15197093841434312,0.0,300,0.04484367370605469,0.0005455430588600729,0.0005509741909986334,1422751,13.629296845041345,0.0
4765,3.326178550720215,13.539569173718872,0.03631719079376271,13.591737820666962,13.489488329008719,0.0,0.1519532118696863,0.1,0.0031278133392333984,0.060674190521240234,0.050249483,0.88346505,13.488337745750213,0.0,0.15154713033115735,0.0,300,0.03039407730102539,0.0006385460992985675,0.0005515582162654119,1423051,13.70720487134262,0.0
4766,3.036665916442871,13.423262284862407,0.18069069207881963,13.63237265848415,13.180790285888,0.0,0.15551782939585065,0.1,0.003628253936767578,0.06345510482788086,0.049777366,0.6637635,13.481830199661433,0.0,0.15012332691189822,0.0,300,0.03056955337524414,0.001483231982292358,0.0010465753383739906,1423351,13.697932719436999,0.0
4767,3.0891568660736084,13.02993801022996,0.6935330066185703,13.533774524121416,11.83418501811187,0.0,0.14019968960325332,0.1,0.003482341766357422,0.06293773651123047,0.04951799,1.4750308,13.436640980718286,0.0,0.1449199503183185,0.0,300,0.030602455139160156,0.002697466100046844,0.0016787722145253277,1423651,13.643149432305913,0.0
4768,3.0896594524383545,13.510638834716907,0.07729330374005536,13.590379012532797,13.383072842167886,0.0,0.1475236184190496,0.1,0.0034804344177246094,0.06433534622192383,0.0498941,0.80648494,13.444040766118148,0.0,0.15117636527576175,0.0,300,0.03085017204284668,0.0020431452178027616,0.0009538560877429414,1423951,13.716199292169163,0.0
4769,3.1181488037109375,13.57144648505881,0.07901522392747327,13.646700403193531,13.460366085315197,0.0,0.15140914738993508,0.1,0.0035560131072998047,0.06315135955810547,0.050165795,0.84280235,13.456781338012215,0.0,0.15194706290046725,0.0,300,0.03147482872009277,0.0009950115247655375,0.0006942660258151879,1424251,13.570247675544763,0.0
4770,3.0846309661865234,13.43156523060324,0.13081118606319675,13.56210476370706,13.228979497853325,0.0,0.161308090145169,0.1,0.0034770965576171875,0.06304049491882324,0.04979865,0.7280839,13.454259727271317,0.0,0.15019767857147343,0.0,300,0.03308677673339844,0.0006403804338488368,0.0006754005098665708,1424551,13.651080165263151,0.0
4771,3.082819938659668,13.566222516293417,0.04678190115654194,13.635797679000712,13.504829154741927,0.0,0.15535647409522885,0.1,0.0031976699829101562,0.0634305477142334,0.04978708,1.038876,13.465456006173527,0.0,0.15189497841289049,0.0,300,0.030130386352539062,0.0007575238192333566,0.0005179628717400787,1424851,13.588887570390975,0.0
4772,3.0985913276672363,13.426963512074225,0.2153565254846276,13.691242613580819,13.093990320049345,0.0,0.13318783345549193,0.1,0.0031898021697998047,0.12070488929748535,0.048694167,15.467649,13.461606756763597,0.0,0.1501295347991095,0.0,300,0.03200268745422363,0.001165875688790314,0.0009240413149220337,1425151,13.638707965875346,0.0
4773,3.094406843185425,13.538436130491625,0.11237606944692556,13.692868494028748,13.378416284866558,0.0,0.15670778447327408,0.1,0.012616157531738281,0.08577632904052734,0.049793344,0.7465614,13.469289694136402,0.0,0.15153998006171898,0.0,300,0.03059840202331543,0.001098537431032039,0.0006852719629630983,1425451,13.501753327586508,0.0
4774,3.1719605922698975,13.552908199588789,0.13685491412467302,13.664217950877843,13.3192526309829,0.0,0.14600793768746045,0.1,0.005944013595581055,0.09188675880432129,0.049631953,0.9697996,13.477651544681642,0.0,0.1517414797980116,0.0,300,0.030893564224243164,0.0005250375236063236,0.00041197847966458536,1425751,13.529236224018232,0.0
4775,3.2300400733947754,13.449265382004542,0.15329062845342167,13.643438692374836,13.214283462693691,0.0,0.14619344015021565,0.1,0.0035893917083740234,0.0669240951538086,0.049641494,1.3125843,13.474812928413932,0.0,0.1503152738722654,0.0,300,0.030936479568481445,0.0007414906916302232,0.0006678789391723702,1426051,13.737625979266241,0.0
4776,3.152801990509033,13.541038907597892,0.06620124427072774,13.622130773885205,13.440795964181559,0.0,0.14242538649120795,0.1,0.003122091293334961,0.06119871139526367,0.049786016,0.97349,13.48143552633233,0.0,0.15163891146244618,0.0,300,0.030542612075805664,0.00033029894796234553,0.000269678300473672,1426351,13.67150769360162,0.0
4777,3.166736364364624,13.451373893122703,0.13385131818119406,13.631098968299506,13.291809502541772,0.0,0.15629319700452046,0.1,0.005333423614501953,0.07355308532714844,0.04997972,0.57114816,13.478429363011369,0.0,0.15044485710741937,0.0,300,0.0644371509552002,0.00047566217932541835,0.000361906073896568,1426651,13.575562530426572,0.0
4778,3.2149102687835693,13.401569767970463,0.15885010907404656,13.600880642103665,13.156316430725353,0.0,0.14678384974132988,0.1,0.0031766891479492188,0.06065249443054199,0.050233196,1.042057,13.470743403507278,0.0,0.14978130649348562,0.0,300,0.03067922592163086,0.0006623408496520668,0.0005930572755475834,1426951,13.713988219016196,0.0
4779,3.1545681953430176,13.583894948137115,0.05981726429062089,13.652829737222602,13.511430952942334,0.0,0.15191442951238582,0.1,0.003754138946533203,0.06380319595336914,0.050071158,1.3198731,13.482058557970262,0.0,0.1521435914578709,0.0,300,0.0815575122833252,0.0004007280083044359,0.00028276006667980275,1427251,13.644161435095848,0.0
4780,3.169872283935547,13.542662215116685,0.1108936758492235,13.729091555407704,13.458556480873618,0.0,0.1539731073944644,0.1,0.0035915374755859375,0.12457752227783203,0.05010523,0.61203885,13.488118923684905,0.0,0.15159617941554523,0.0,300,0.03055548667907715,0.0003670674801180444,0.0003750599655602142,1427551,13.572398266363729,0.0
4781,3.0519773960113525,13.528013543556941,0.022044107132681505,13.563366461557116,13.504191742646086,0.0,0.14607388188780995,0.1,0.0034012794494628906,0.08088064193725586,0.049853314,0.6803261,13.49210838567211,0.0,0.15138381111699015,0.0,300,0.0732412338256836,0.0005542992071003449,0.0003946236795311723,1427851,13.667989893178282,0.0
4782,3.115447759628296,13.388245637375528,0.05373705230971275,13.44120666896214,13.298499636446186,0.0,0.15102260905360623,0.1,0.003488779067993164,0.06234407424926758,0.050203476,0.62571687,13.481722110842451,0.0,0.14958518209173396,0.0,300,0.03423953056335449,0.0006905319868450079,0.0005879610672640626,1428151,13.5725682720157,0.0
4783,3.0743463039398193,13.352241386283268,0.10902449496976878,13.424806517801697,13.163698666084478,0.0,0.1417552863141988,0.1,0.003337383270263672,0.06214141845703125,0.049866308,11.8017845,13.468774038386533,0.0,0.14913046755548748,0.0,300,0.030696392059326172,0.000717401684955951,0.0006060252750936326,1428451,13.552157382274943,0.0
4784,3.1501901149749756,13.442351537555172,0.1328405870023612,13.639937433925352,13.297724002556642,0.0,0.1610740389456098,0.1,0.0033571720123291016,0.06429052352905273,0.049927615,0.6923875,13.466131788303398,0.0,0.1503094836743462,0.0,300,0.031313180923461914,0.00046386234630832105,0.0004072697507519065,1428751,13.646072049040496,0.0
4785,3.1293327808380127,13.532684094595933,0.1262914174386017,13.639791882206087,13.322063568182772,0.0,0.16292639381562898,0.1,0.0053157806396484375,0.05989217758178711,0.04994754,0.76717985,13.472787018932651,0.0,0.1514632521137214,0.0,300,0.030867576599121094,0.0005382801804493872,0.0005045617822222908,1429051,13.623754353754626,0.0
4786,3.062796115875244,13.538954009718998,0.07297717685349554,13.623195631951882,13.440111349529566,0.0,0.16370964995469997,0.1,0.0032508373260498047,0.060167789459228516,0.050087545,0.681716,13.479403718011287,0.0,0.15153023498604726,0.0,300,0.030805587768554688,0.0005199226397942907,0.0004832752014192504,1429351,13.597953170650293,0.0
4787,3.147225856781006,13.47540817166237,0.1404077129214248,13.58365468015863,13.24059777944905,0.0,0.15565503708670264,0.1,0.003298044204711914,0.0965874195098877,0.05035301,0.7123486,13.479004163376397,0.0,0.15067619282907133,0.0,300,0.04413294792175293,0.00043871784566479273,0.000386371385421519,1429651,13.644170354699762,0.0
4788,3.088890314102173,13.515533803901889,0.07023080259729045,13.591831638500626,13.438987340846177,0.0,0.15534323593268784,0.1,0.0036716461181640625,0.06446480751037598,0.049748536,0.88381594,13.482657127428947,0.0,0.1512259437175739,0.0,300,0.08449339866638184,0.00033251043228158623,0.00025028786598629767,1429951,13.56634447436637,0.0
4789,3.14449143409729,13.334405787954786,0.2759120286177951,13.608752252721303,13.006781879403626,0.0,0.147213856681979,0.1,0.003300189971923828,0.06162691116333008,0.05024508,0.72336143,13.467831993481532,0.0,0.14899055911790254,0.0,300,0.030999422073364258,0.0008192650153338469,0.0007041167677076031,1430251,13.661558476089633,0.0
4790,3.1103320121765137,13.505438476368024,0.04852929058859487,13.545029819195266,13.42244966589137,0.0,0.15057332197956602,0.1,0.0033833980560302734,0.06026101112365723,0.049763713,0.76361966,13.471592641770183,0.0,0.15111011103489802,0.0,300,0.030461788177490234,0.001780532044071705,0.0014026792293295848,1430551,13.56886532757637,0.0
4791,3.1487879753112793,13.524217602596444,0.09141175367337605,13.65392469810634,13.400902249039472,0.0,0.15440961630555355,0.1,0.0036857128143310547,0.06061291694641113,0.050171193,0.95958537,13.47685513785281,0.0,0.1513077083934429,0.0,300,0.03435039520263672,0.0024579744809999724,0.0012042422401583343,1430851,13.556403219445565,0.0
4792,3.149468421936035,13.452004909438768,0.037584845822437485,13.497756784837824,13.40140030021408,0.0,0.15124323932695202,0.1,0.0031006336212158203,0.06170964241027832,0.049981683,0.5970648,13.474370115011407,0.0,0.15034203638271323,0.0,300,0.03185319900512695,0.0016264297607584742,0.0007967427021758552,1431151,13.502985996899506,0.0
4793,3.178251028060913,13.477934127956107,0.17092593691259755,13.584973926387958,13.182286863257351,0.0,0.1555269593095873,0.1,0.003265380859375,0.06314754486083984,0.050000824,0.94981873,13.474726516305877,0.0,0.15068587490591706,0.0,300,0.0658423900604248,0.0007814350738888162,0.0005269658409882077,1431451,13.58354504476671,0.0
4794,3.2235584259033203,13.484058677960078,0.06459242234487693,13.559211558073411,13.380870647451934,0.0,0.1479132854067352,0.1,0.003190755844116211,0.06455326080322266,0.050026983,1.1158907,13.475659732471296,0.0,0.15077999880361223,0.0,300,0.03090834617614746,0.0004240899672978773,0.00027649125581723623,1431751,13.676016528244025,0.0
4795,3.2429471015930176,13.502097057056037,0.17977719012322077,13.634938884535604,13.196528555555666,0.0,0.15471192457273,0.1,0.0031075477600097656,0.08187294006347656,0.049846277,0.9114348,13.478303464929771,0.0,0.15113787221408434,0.0,300,0.06978392601013184,0.0006370786354980462,0.000606765392751846,1432051,13.642132602726322,0.0
4796,3.118880033493042,13.500950740891788,0.013006004989743428,13.522438695671921,13.487514541602017,0.0,0.1513850795787194,0.1,0.003929853439331055,0.0889122486114502,0.050182674,0.9323847,13.480568192525974,0.0,0.1510280793323723,0.0,300,0.030931711196899414,0.0007378953825966189,0.0005999665815352133,1432351,13.618980219536153,0.0
4797,3.1539149284362793,13.453907517869345,0.2110505068766228,13.662590298202222,13.18241559679382,0.0,0.1586742066122697,0.1,0.0035724639892578125,0.06124234199523926,0.049203504,0.6487162,13.47790212506031,0.0,0.15042715733850792,0.0,300,0.03621816635131836,0.0005709974532107152,0.0004924656158760703,1432651,13.609351979542986,0.0
4798,3.211642026901245,13.579394850628425,0.10138610643553364,13.710510896274894,13.42697898528213,0.0,0.1549450947606449,0.1,0.01524209976196289,0.06876707077026367,0.05014663,0.9539671,13.488051397617124,0.0,0.1521033169612564,0.0,300,0.030105113983154297,0.0008245175212667736,0.0006621570413834707,1432951,13.58998723831161,0.0
4799,3.1093976497650146,13.431656786548125,0.32096570613984615,13.697795178984734,12.88282519623794,0.0,0.1639764537012634,0.1,0.0033833980560302734,0.07765769958496094,0.04984976,0.6197628,13.482411936510225,0.0,0.15011123330364026,0.0,300,0.07031559944152832,0.0008834719130508837,0.0006869102908763631,1433251,13.574037179729565,0.0
4800,3.11789608001709,13.504724633532236,0.04667066464489599,13.54745200477991,13.427196286533214,0.0,0.15491573791886573,0.1,0.0034787654876708984,0.062119483947753906,0.04966596,0.93491864,13.484643206212427,0.0,0.151075773247377,0.0,300,0.030741214752197266,0.0005662534750085342,0.0005181182188684305,1433551,13.559072274163327,0.0
4801,3.126161813735962,13.564489288939875,0.13645912751886383,13.76823708393828,13.384008002470223,0.0,0.15055700544325096,0.1,0.003495454788208008,0.06274032592773438,0.0500862,0.6186621,13.492627814485171,0.0,0.15187407709892414,0.0,300,0.03123021125793457,0.0007030003167030668,0.0005533093747533865,1433851,13.588061826307637,0.0
4802,3.1593356132507324,13.501237345434387,0.07393815109624909,13.579493827862512,13.388478878104673,0.0,0.1561715659942266,0.1,0.0033676624298095703,0.06209301948547363,0.04987882,0.6799892,13.493488767580095,0.0,0.15105437408825054,0.0,300,0.03993630409240723,0.00023841930884985365,0.00021551020906248843,1434151,13.611077086547569,0.0
4803,3.1480414867401123,13.320698071661154,0.1803572288265907,13.493535782443981,13.017906091164436,0.0,0.1475654228609142,0.1,0.004912137985229492,0.09972190856933594,0.049721565,0.871051,13.476209697988201,0.0,0.14879177899703677,0.0,300,0.0337834358215332,0.0006682003910434789,0.0005983829870104975,1434451,13.648743006103066,0.0
4804,3.2053823471069336,13.56469236796393,0.02216313589014739,13.59817803945767,13.538036859400782,0.0,0.15246304105824038,0.1,0.003330230712890625,0.09955859184265137,0.050072614,0.69973755,13.485057964985774,0.0,0.15186012947212021,0.0,300,0.04220175743103027,0.0006146304608236057,0.00046390007851587414,1434751,13.532216157704319,0.0
4805,3.1561481952667236,13.536802654165031,0.08045573253280654,13.596194222611441,13.398932554628745,0.0,0.1597552064891121,0.1,0.0032126903533935547,0.0702352523803711,0.050226018,0.72294205,13.490232433903701,0.0,0.15148037668507391,0.0,300,0.031375885009765625,0.0006349933688174525,0.00041918234313333103,1435051,13.595403851784672,0.0
4806,3.2092905044555664,13.535743802777713,0.03834796239737484,13.590775508341752,13.497137894539586,0.0,0.15621003024418562,0.1,0.003209829330444336,0.12428498268127441,0.050142612,1.0842133,13.494783570791103,0.0,0.15151332058759592,0.0,300,0.031267404556274414,0.0005285822491905893,0.0004494915830406412,1435351,13.65632914070405,0.0
4807,3.221681594848633,13.577930705560282,0.025213279783499968,13.616085104785583,13.545996922902305,0.0,0.152800713782167,0.1,0.0033385753631591797,0.061243295669555664,0.04968012,0.7121126,13.50309828426802,0.0,0.1520449830387437,0.0,300,0.030728578567504883,0.0003369709106737349,0.00027117799650467646,1435651,13.550314706896616,0.0
4808,3.1985554695129395,13.500544274915857,0.08263476879947942,13.591236341768438,13.407249218939025,0.0,0.1559001281813593,0.1,0.0031943321228027344,0.12642264366149902,0.049983587,1.4203178,13.502842883332804,0.0,0.1509956811243907,0.0,300,0.03005385398864746,0.000296765946604392,0.00027032673647713724,1435951,13.538483857397118,0.0
4809,3.1842501163482666,13.51778903278588,0.08331283875026478,13.608779627219944,13.40142322281868,0.0,0.15547505322786317,0.1,0.003040313720703125,0.06213736534118652,0.049337182,0.8044924,13.504337498278112,0.0,0.1512164352613626,0.0,300,0.030496835708618164,0.000485040193369568,0.00045277209824466007,1436251,13.673806888259085,0.0
4810,3.1633787155151367,13.167738174620045,0.6716592392724204,13.644028468663835,12.011100484642279,0.0,0.1364411968979047,0.1,0.0031278133392333984,0.05874896049499512,0.049475577,13.576287,13.470677565912306,0.0,0.14658766000574971,0.0,300,0.030846357345581055,0.0021982329944853743,0.001727344881481479,1436551,13.639790255997548,0.0
4811,3.109849691390991,13.551718140516115,0.031247948732106397,13.602811913139607,13.521168693000465,0.0,0.15267567026187487,0.1,0.011465072631835938,0.09238290786743164,0.04998699,0.65635884,13.478781623372688,0.0,0.15170853664768685,0.0,300,0.030876636505126953,0.0011415856665407905,0.0006856483848940313,1436851,13.534472518913843,0.0
4812,3.1027910709381104,13.527455455287974,0.0769467349557934,13.607689880243303,13.408540402493362,0.0,0.15350721182633864,0.1,0.003650665283203125,0.06330657005310059,0.04998503,1.0589654,13.483649006564217,0.0,0.15141590510511882,0.0,300,0.03159189224243164,0.0008385890749553501,0.0006114950874847636,1437151,13.738383459029086,0.0
4813,3.0875818729400635,13.507447716292326,0.16948035549895551,13.661876555014652,13.220779062058732,0.0,0.15835434067458773,0.1,0.0033788681030273438,0.06163311004638672,0.049928647,0.7312206,13.486028877537029,0.0,0.15113859574388866,0.0,300,0.03051614761352539,0.0005039022865836436,0.00039018555449420764,1437451,13.67573648193956,0.0
4814,3.1277780532836914,13.438421540955668,0.12201703731570937,13.55887198723927,13.234670721672297,0.0,0.15660158040719996,0.1,0.0033349990844726562,0.06397318840026855,0.049679983,1.069649,13.481268143878893,0.0,0.1501927683131974,0.0,300,0.030562400817871094,0.0005428643824215375,0.0003950168067772155,1437751,13.685996977848996,0.0
4815,3.1536171436309814,13.332124789010109,0.28906917839224405,13.517835851793937,12.832207595256463,0.0,0.1526830102782097,0.1,0.0034584999084472656,0.12506341934204102,0.049705807,0.8958032,13.466353808392014,0.0,0.14887118685823605,0.0,300,0.030409812927246094,0.0009814669833029858,0.0009134824823718581,1438051,13.580138862570559,0.0
4816,3.1421592235565186,13.123895773005286,0.5940618775616795,13.577653462208737,12.112586237891612,0.0,0.1428013855698174,0.1,0.0032868385314941406,0.11966872215270996,0.0500302,0.4869425,13.432108004853342,0.0,0.14602995714364697,0.0,300,0.03084540367126465,0.0019176728174121584,0.0013675755632428347,1438351,13.710469432379446,0.0
4817,3.1160056591033936,13.479926431608991,0.08300194694313512,13.622966521609673,13.419979365857403,0.0,0.1548593940263101,0.1,0.0032989978790283203,0.06098055839538574,0.049787242,1.091497,13.436889847528906,0.0,0.1507293347588802,0.0,300,0.030580520629882812,0.0012020018824114402,0.0007599589237358618,1438651,13.476718013098003,0.0
4818,3.19877028465271,13.463356116420691,0.18157742243568817,13.705155374249609,13.205013632782824,0.0,0.15520457739378626,0.1,0.006361961364746094,0.07560300827026367,0.049920827,0.845662,13.439536474418084,0.0,0.1505659168678228,0.0,300,0.030110597610473633,0.0009790164028550467,0.0008711083066635773,1438951,13.700529184317077,0.0
4819,3.218104362487793,13.519648499542,0.04890341831106081,13.575855268262606,13.441170070750863,0.0,0.15638479392085242,0.1,0.0032286643981933594,0.06339526176452637,0.04978554,0.6239407,13.447547676930476,0.0,0.15123954173006546,0.0,300,0.07306694984436035,0.0006380788308115165,0.0004080355484566516,1439251,13.607725053246758,0.0
4820,3.156538963317871,13.42754221693426,0.2062106291943165,13.689469254407943,13.111430164279716,0.0,0.150021582134447,0.1,0.003278970718383789,0.11614680290222168,0.05004728,0.8922408,13.445547130930855,0.0,0.15002396139135377,0.0,300,0.030060529708862305,0.0004503659328650105,0.0003921483021974043,1439551,13.659352872608771,0.0
4821,3.1834638118743896,13.430656909473836,0.166413347938029,13.571388967549066,13.149812805715738,0.0,0.14580751333658995,0.1,0.0032024383544921875,0.05942034721374512,0.04992786,1.3513573,13.444058108785153,0.0,0.1502129585403378,0.0,300,0.0311887264251709,0.0004438552931323838,0.0003165523840739977,1439851,13.35161601162426,0.0
4822,3.133894443511963,13.540328708235146,0.04146293036262176,13.58976957265975,13.47604691449972,0.0,0.1574417809785845,0.1,0.0032825469970703125,0.05881094932556152,0.050026022,0.77156186,13.453685168730154,0.0,0.15153670952535112,0.0,300,0.029873371124267578,0.0008650064893405126,0.0007743123536593949,1440151,13.698588105220443,0.0
4823,3.1405749320983887,13.355399730576039,0.21349293756153806,13.577691832526712,13.002926614952369,0.0,0.16161930386101728,0.1,0.0030231475830078125,0.061310768127441406,0.04971027,0.7316053,13.443856624914744,0.0,0.14915191433029384,0.0,300,0.030577898025512695,0.001088359278919978,0.0008143280535847619,1440451,13.642595336563836,0.0
4824,3.128474473953247,13.379269075072237,0.2208240036095917,13.566876446235428,13.003061460714243,0.0,0.15336104835540545,0.1,0.0029931068420410156,0.060942888259887695,0.04974995,0.8833628,13.437397869930495,0.0,0.14952029608033646,0.0,300,0.03230690956115723,0.0011657561719107625,0.0010000551822028087,1440751,13.634488937945525,0.0
4825,3.148197650909424,13.416207971397874,0.17971089233348975,13.528009880719715,13.105072842942521,0.0,0.15089973038067908,0.1,0.003264188766479492,0.1026608943939209,0.049803015,0.6422999,13.435278880077233,0.0,0.14993075664305633,0.0,300,0.0496213436126709,0.0007961501991583522,0.0006978296618803888,1441051,13.609721127351316,0.0
4826,3.17400860786438,13.606848449460816,0.03399221152511609,13.663742937728381,13.574186132698095,0.0,0.15670899560330565,0.1,0.00318145751953125,0.06091022491455078,0.050143745,0.66580427,13.452435837015592,0.0,0.15245430661807813,0.0,300,0.030675411224365234,0.00030960700808440933,0.00021489481072729176,1441351,13.733115388974047,0.0
4827,3.135636806488037,13.562474071248706,0.06963302113986272,13.677775500405568,13.494447628545084,0.0,0.15354589803763252,0.1,0.0036423206329345703,0.06302523612976074,0.05007966,0.69088626,13.463439660438905,0.0,0.1518071010105434,0.0,300,0.03265690803527832,0.0009267793521667934,0.0006250559286080658,1441651,13.667186840527544,0.0
4828,3.1356732845306396,13.605823662345951,0.0692094591235625,13.675810448377092,13.51457031458626,0.0,0.15252808508381885,0.1,0.0036592483520507812,0.06865048408508301,0.050356504,0.78988934,13.47767806062961,0.0,0.152415940458303,0.0,300,0.030696630477905273,0.000908029232591304,0.000594201525369831,1441951,13.650789357916954,0.0
4829,3.133084535598755,13.493461116747977,0.09237050491262006,13.609599196737918,13.35148913647999,0.0,0.15214260766935958,0.1,0.003622770309448242,0.08932328224182129,0.05005974,0.602365,13.479256366241447,0.0,0.1509529635382213,0.0,300,0.05202913284301758,0.0007848833559002701,0.00040881541470634287,1442251,13.708459672617883,0.0
4830,3.1342501640319824,13.455561324561586,0.06937204020331694,13.562562941375838,13.38604241273129,0.0,0.1559153978642767,0.1,0.003504514694213867,0.06269216537475586,0.049717065,1.0322831,13.476886862073462,0.0,0.1504553080114187,0.0,300,0.030612707138061523,0.0007279848762482963,0.0006839391438002807,1442551,13.595081815397405,0.0
4831,3.1017355918884277,13.421064138223791,0.07974321803662258,13.537363376671385,13.31414940226008,0.0,0.15553080726958565,0.1,0.003264188766479492,0.06086254119873047,0.050059915,0.83571815,13.471304589688494,0.0,0.14994951188602007,0.0,300,0.030656814575195312,0.0006971886424338508,0.0006624056639365263,1442851,13.63901071934968,0.0
4832,3.1004347801208496,13.457958248846502,0.10042920250943724,13.559250095044678,13.315958350954817,0.0,0.15326481333004238,0.1,0.0033407211303710938,0.06104469299316406,0.049816355,0.85497814,13.469969955604295,0.0,0.1504545770145298,0.0,300,0.03290104866027832,0.0003340166505568482,0.0002727062157967458,1443151,13.699629728229716,0.0
4833,3.166165828704834,13.539861114162788,0.08359656428510721,13.629981459234209,13.432531881931634,0.0,0.15510772369784076,0.1,0.0033702850341796875,0.06135702133178711,0.04995478,0.81383514,13.476959071460143,0.0,0.15153565488530651,0.0,300,0.03279995918273926,0.0006198387546439871,0.0004916534106908085,1443451,13.657823690911789,0.0
4834,3.1436843872070312,13.47523299746199,0.08868078778448703,13.626826387803224,13.401919038067632,0.0,0.1471165061695078,0.1,0.0033931732177734375,0.06319379806518555,0.049898334,0.82792,13.476786464060329,0.0,0.15067502184558132,0.0,300,0.06763553619384766,0.00047736658450498994,0.0003468114368475787,1443751,13.648386797933144,0.0
4835,3.0950119495391846,13.454285350464122,0.1204478262470981,13.584113391130089,13.271393629146075,0.0,0.15456225213502178,0.1,0.0034639835357666016,0.062308549880981445,0.050054953,0.6837129,13.474536352700708,0.0,0.15045017535857474,0.0,300,0.03229379653930664,0.0007428157822909376,0.0006339731960934189,1444051,13.64843307816224,0.0
4836,3.146317958831787,13.474884317310533,0.09336389383882487,13.598241416010438,13.335761195332967,0.0,0.15995680948680058,0.1,0.0033762454986572266,0.06702065467834473,0.04976984,0.9370049,13.47457114916169,0.0,0.15069741512153928,0.0,300,0.06429505348205566,0.0006843827885037242,0.000636015458120705,1444351,13.62965078469628,0.0
4837,3.1532535552978516,13.510076429917136,0.0561825051425238,13.593382952946722,13.454891909271128,0.0,0.1545399315500307,0.1,0.0033555030822753906,0.07858729362487793,0.050170682,0.92826587,13.478121677237235,0.0,0.15111874112108192,0.0,300,0.060710906982421875,0.0003650625657865976,0.00032850647318532654,1444651,13.725139907495878,0.0
4838,3.105905294418335,13.43085470864223,0.25037458388939654,13.605260829377928,12.998823156228086,0.0,0.1472666895905203,0.1,0.003329753875732422,0.059136390686035156,0.049868528,0.7941248,13.473394980377734,0.0,0.15018668224485104,0.0,300,0.03318214416503906,0.0005765202020747346,0.000526297729130546,1444951,13.661290492931434,0.0
4839,3.0940840244293213,13.369252096845573,0.15272177131496859,13.516958046916812,13.142042140962966,0.0,0.15600166995235154,0.1,0.003450155258178711,0.059273719787597656,0.050001875,0.7646979,13.462980692024518,0.0,0.14933471347962682,0.0,300,0.030749797821044922,0.0006369437040343966,0.0005430663593319912,1445251,13.651240117724873,0.0
4840,3.1371066570281982,13.532949194779608,0.05188736336062419,13.590911178962287,13.46087459178878,0.0,0.14666288342456282,0.1,0.0033545494079589844,0.06174492835998535,0.049282163,4.578414,13.469977542300027,0.0,0.15141718506126314,0.0,300,0.03086686134338379,0.0008340337915441063,0.0005121665498729861,1445551,13.66114001179943,0.0
4841,3.1632239818573,13.560379009096705,0.12073995156142854,13.74806833985209,13.451129736509879,0.0,0.1574230726610143,0.1,0.003307819366455078,0.11875510215759277,0.050320588,0.5522155,13.479017688979695,0.0,0.1518310498446992,0.0,300,0.03271937370300293,0.0007089575629730335,0.0006035427946873372,1445851,13.594534564684698,0.0
4842,3.1574223041534424,13.5501426921313,0.05005442426988293,13.615858842291848,13.500808871532074,0.0,0.1622455749723719,0.1,0.0031599998474121094,0.0634307861328125,0.049766663,0.7332019,13.486130189294856,0.0,0.15170372267878032,0.0,300,0.030506134033203125,0.00035517251567697335,0.0002809596370121105,1446151,13.698659910344935,0.0
4843,3.103132963180542,13.381517855460654,0.21815640512159692,13.632230972525342,13.033726164943111,0.0,0.1491414541350642,0.1,0.0036215782165527344,0.06555724143981934,0.050308194,0.67385703,13.475668955911436,0.0,0.14963809906619627,0.0,300,0.031119585037231445,0.0010675197329167974,0.000848578368429779,1446451,13.65632684884961,0.0
4844,3.0800628662109375,13.5003619120228,0.062153705798002425,13.59453733334871,13.42776528272653,0.0,0.15176460496522365,0.1,0.003557443618774414,0.11176252365112305,0.050158177,1.0264827,13.478138251522573,0.0,0.151133565044836,0.0,300,0.054724693298339844,0.000725815316974829,0.0003498113860354802,1446751,13.701232852933378,0.0
4845,3.071836233139038,13.555036171840438,0.06055618385090484,13.642284400142337,13.476928266191027,0.0,0.15256843168852827,0.1,0.0033788681030273438,0.07976269721984863,0.04988512,0.7921644,13.48582804355436,0.0,0.1517473598813027,0.0,300,0.07087206840515137,0.00031088448037773085,0.0003315627085119506,1447051,13.580194649055684,0.0
4846,3.1073100566864014,13.588034402984785,0.04158830230564885,13.62495304586155,13.518663496741066,0.0,0.14312001447786252,0.1,0.010924577713012695,0.09926772117614746,0.04942896,2.7247143,13.496048679497402,0.0,0.15219414508540793,0.0,300,0.031435251235961914,0.0004349051053547284,0.0003318118739591824,1447351,13.558279688670744,0.0
4847,3.1313600540161133,13.455606548359864,0.12026518399134536,13.581761470121295,13.299850346898923,0.0,0.15916533189885126,0.1,0.0033299922943115234,0.06123185157775879,0.049962986,0.6640651,13.49200446638365,0.0,0.15048928781214432,0.0,300,0.03038167953491211,0.0013183547721500836,0.0008088266383100883,1447651,13.757161890676864,0.0
4848,3.132589101791382,13.531396928619218,0.0583941950067911,13.619459137406555,13.465939902742534,0.0,0.1493535413464989,0.1,0.003431081771850586,0.061766862869262695,0.049740326,0.6281546,13.495943712607206,0.0,0.15140151415898825,0.0,300,0.030498504638671875,0.0012520619625757145,0.0007479442496334316,1447951,13.626327400883198,0.0
4849,3.04384708404541,13.600919812334038,0.07301980575485466,13.707086384654396,13.508189257234772,0.0,0.1577820540671613,0.1,0.003240346908569336,0.06012225151062012,0.050034404,0.7846185,13.50644132257989,0.0,0.15239793548208164,0.0,300,0.03081679344177246,0.001013301089833161,0.0005910420027156339,1448251,13.59898606931538,0.0
4850,3.11137056350708,13.54247951302631,0.0995608367581106,13.666800598176808,13.438024780480447,0.0,0.15104001397356195,0.1,0.0034139156341552734,0.13593435287475586,0.049704343,0.8985443,13.510045141624532,0.0,0.15159666131809982,0.0,300,0.03304266929626465,0.0009812869217394465,0.000832349303320178,1448551,13.705912778626294,0.0
4851,3.1741795539855957,13.560974758800574,0.033316954604900285,13.593011874292458,13.514711192679266,0.0,0.15856806327660788,0.1,0.003339052200317383,0.0646827220916748,0.050200842,0.72504926,13.515138103342137,0.0,0.1518157299825185,0.0,300,0.03130078315734863,0.0006663118520478187,0.0004454159722524258,1448851,13.594977548131938,0.0
4852,3.1512506008148193,13.60509709566777,0.06048993446868756,13.685616126605511,13.51515837257909,0.0,0.1667813384091888,0.1,0.0032362937927246094,0.062018632888793945,0.050043598,0.6364592,13.524134002574701,0.0,0.15248695301440768,0.0,300,0.06382203102111816,0.0009580937208668014,0.0007677832003354797,1449151,13.67021561642764,0.0
4853,3.129671812057495,13.534342003046673,0.09354326882053335,13.647399418360544,13.410300904267514,0.0,0.1547144055810913,0.1,0.003290891647338867,0.07485151290893555,0.049694758,0.9180612,13.525154802621898,0.0,0.15144298775677228,0.0,300,0.06152057647705078,0.0006393677324601055,0.00045108311938835865,1449451,13.693731973325862,0.0
4854,3.247913122177124,13.573899077231115,0.09581285371932884,13.722640775170099,13.469946702574253,0.0,0.15914149075010606,0.1,0.0032110214233398438,0.06449460983276367,0.050439212,0.6148142,13.530029230082821,0.0,0.15199735664108016,0.0,300,0.06751894950866699,0.0008035535649020141,0.0004488715207603206,1449751,13.633256843723396,0.0
4855,3.141540050506592,13.460284769440475,0.0979908945214798,13.58234387990058,13.313621637626404,0.0,0.1484163964244347,0.1,0.011733531951904297,0.09309530258178711,0.050123464,0.8936033,13.523054784018587,0.0,0.1504989205472975,0.0,300,0.030536651611328125,0.0011308398224214962,0.0008657945155219188,1450051,13.674646487825756,0.0
4856,3.042358636856079,13.44935408567241,0.04313646154605894,13.496858790275306,13.39195089676996,0.0,0.15105689896302296,0.1,0.003289937973022461,0.12783074378967285,0.04998127,0.7672698,13.515684714183969,0.0,0.15046497896828193,0.0,300,0.03159737586975098,0.0005139206393226766,0.0003798308070061388,1450351,13.602967257807252,0.0
4857,3.1576287746429443,13.497212091358556,0.10610705249531714,13.605144785779991,13.332468820363562,0.0,0.1519908435789002,0.1,0.003163576126098633,0.0606379508972168,0.04985856,0.75055856,13.513837451901429,0.0,0.15100530128908635,0.0,300,0.030871868133544922,0.0004447745329143514,0.0003624544535545741,1450651,13.702886125665875,0.0
4858,3.1268653869628906,13.380104559343174,0.14179369633591973,13.518594917547823,13.172938978903414,0.0,0.14727812822542213,0.1,0.0036110877990722656,0.06222271919250488,0.049960837,1.3019946,13.500464162645603,0.0,0.1494602223515882,0.0,300,0.030998945236206055,0.0008007336604797328,0.0006488541748965559,1450951,13.581850573108762,0.0
4859,3.0993828773498535,13.564131009153236,0.04337103181390417,13.621549380051787,13.499340542915782,0.0,0.15742201231962588,0.1,0.003704071044921875,0.06210827827453613,0.04888132,1.2244033,13.506830847296367,0.0,0.15184607125917238,0.0,300,0.03085923194885254,0.0004713053731241725,0.0003965967686157964,1451251,13.742259638409413,0.0
4860,3.1401827335357666,13.51341674503546,0.045315253033109536,13.565380278825424,13.450925016015525,0.0,0.15426731308436306,0.1,0.0035142898559570312,0.060930728912353516,0.049935784,0.7781579,13.507489437070276,0.0,0.15121030868193422,0.0,300,0.030632734298706055,0.0004450648770065255,0.00031708970062145007,1451551,13.634914030510112,0.0
4861,3.1502187252044678,13.535127692163769,0.12728687862345428,13.692937606207897,13.352350410607722,0.0,0.15089982868829344,0.1,0.0032265186309814453,0.0629422664642334,0.04976684,0.91670036,13.510253262579628,0.0,0.15148187453559725,0.0,300,0.03007960319519043,0.000492690371546318,0.0003954494804240211,1451851,13.629230619877745,0.0
4862,3.1581614017486572,13.23694777394483,0.49243970775185925,13.607862594427178,12.394122085967144,0.0,0.14759920480314942,0.1,0.0034110546112060547,0.0605161190032959,0.05006063,0.63498914,13.482922713716148,0.0,0.14759218459787493,0.0,300,0.03963017463684082,0.002899198841686956,0.002534011159227641,1452151,13.615578311441132,0.0
4863,3.188377857208252,13.468422532514682,0.07061624590763556,13.533399497023538,13.351749226874508,0.0,0.15664501849854798,0.1,0.0033097267150878906,0.1260051727294922,0.050143942,0.6260842,13.481472695596002,0.0,0.1506147487241754,0.0,300,0.03087019920349121,0.0012135590544354684,0.0007858708502971408,1452451,13.681262523653382,0.0
4864,3.10870099067688,13.499405624356134,0.07401968785967566,13.573708949346873,13.383224201854512,0.0,0.15701469237116167,0.1,0.0033180713653564453,0.06322360038757324,0.050105345,0.6742197,13.483265988472015,0.0,0.15097987320755366,0.0,300,0.03120589256286621,0.0008708370419314258,0.0006799174154042306,1452751,13.568401397997205,0.0
4865,3.083615303039551,13.483896473400083,0.16846654534805486,13.628484378581202,13.205276096274547,0.0,0.15218399356915782,0.1,0.0033903121948242188,0.06176400184631348,0.051286194,1.0822768,13.483329036964822,0.0,0.15081412489827298,0.0,300,0.03051471710205078,0.000798284106783613,0.0005670791096335337,1453051,13.635732992903307,0.0
4866,3.1348817348480225,13.561183370752566,0.10348431963763113,13.700215871583097,13.41041138246137,0.0,0.16213775716475445,0.1,0.00330352783203125,0.06112551689147949,0.04996237,0.8129978,13.491114470343597,0.0,0.15184366061783938,0.0,300,0.032868146896362305,0.0010747334870240372,0.0006839814288011548,1453351,13.646042924699762,0.0
4867,3.1551966667175293,13.404372210618611,0.219817927664924,13.576067573502831,13.029617046840126,0.0,0.1519689657522237,0.1,0.0033559799194335938,0.061400413513183594,0.050185915,0.66924834,13.4824402443711,0.0,0.1497950149678975,0.0,300,0.05503225326538086,0.0008526719295426116,0.0007062895081589533,1453651,13.747555746541869,0.0
4868,3.2022602558135986,13.4718303716136,0.1161546922804218,13.59590483357865,13.345919196610785,0.0,0.15652957776049395,0.1,0.0034155845642089844,0.06032609939575195,0.05009802,0.7543548,13.48137925709535,0.0,0.15072842073383735,0.0,300,0.03029799461364746,0.0004903563692446753,0.00044985703655245525,1453951,13.651412838361153,0.0
4869,3.211264133453369,13.476869316806955,0.054231495181109896,13.54785411253531,13.40827357434353,0.0,0.1437935004977739,0.1,0.003153562545776367,0.059728384017944336,0.050128557,2.2036252,13.48092826306651,0.0,0.15069537493495241,0.0,300,0.04696965217590332,0.0005257128511109812,0.0003675241230866651,1454251,13.612853479603352,0.0
4870,3.228302478790283,13.437792155621285,0.07337623870498174,13.508110215700455,13.314929604573749,0.0,0.14357339681255815,0.1,0.0049016475677490234,0.06191515922546387,0.049858153,0.81958365,13.476614652321988,0.0,0.15024821055098508,0.0,300,0.030331850051879883,0.0014404931503248898,0.0010126577460683995,1454551,13.660521971571578,0.0
4871,3.1739304065704346,13.4702967312625,0.08532618271361594,13.568091792870899,13.367333366729143,0.0,0.15679476358255537,0.1,0.003427267074584961,0.10206341743469238,0.04994466,1.0148088,13.47598286021604,0.0,0.15077271105331413,0.0,300,0.03087019920349121,0.001913137940855779,0.0012592390488186007,1454851,13.598429499577795,0.0
4872,3.1201963424682617,13.5605489754542,0.07228186982163129,13.664261980254063,13.481408826762452,0.0,0.15434874632687332,0.1,0.0038232803344726562,0.07118940353393555,0.049951807,0.8022379,13.484439471739856,0.0,0.15182227191538705,0.0,300,0.06504678726196289,0.0012972402422093243,0.0010326921797704548,1455151,13.652523180295788,0.0
4873,3.037342071533203,13.42637728694144,0.18081183071709497,13.6350515072462,13.224868540949787,0.0,0.15157071248679763,0.1,0.005162477493286133,0.10389471054077148,0.049895186,0.9796092,13.478633253260014,0.0,0.15012319191547535,0.0,300,0.031064748764038086,0.0006865768902910449,0.0006365018689380464,1455451,13.609081475468626,0.0
4874,3.0965113639831543,13.460733951673046,0.08656937658715917,13.580538710240926,13.366296947535039,0.0,0.14974151642913217,0.1,0.0034003257751464844,0.06493067741394043,0.05015941,0.8220511,13.476843323101317,0.0,0.15054070798960312,0.0,300,0.030986547470092773,0.00047413194313306116,0.0003857025727868156,1455751,13.539891241775955,0.0
4875,3.0907108783721924,13.501421952557195,0.06126080209191274,13.577984720128557,13.416780451283735,0.0,0.14851170521269977,0.1,0.0034799575805664062,0.05993461608886719,0.05001125,0.8876854,13.479301186046905,0.0,0.15107561722578036,0.0,300,0.03052353858947754,0.0008452254872554061,0.0005774214969531827,1456051,13.587107689502764,0.0
4876,3.1091649532318115,13.57309753217298,0.11634092667294336,13.731164543248868,13.403703412375076,0.0,0.15476112555660956,0.1,0.0036427974700927734,0.06346845626831055,0.05019841,0.7389928,13.488680820659514,0.0,0.15196117006682597,0.0,300,0.08256936073303223,0.000691448562091357,0.0004413326465790114,1456351,13.491188949888752,0.0
4877,3.21689510345459,13.479930747415093,0.10546043613188692,13.615861114473208,13.336147690041459,0.0,0.1555584779367199,0.1,0.003369569778442383,0.06188821792602539,0.04998326,0.6809533,13.487805813335072,0.0,0.15079390331271936,0.0,300,0.05497312545776367,0.0012493589772604905,0.0009018159730635019,1456651,13.622151866200085,0.0
4878,3.1974589824676514,13.532568596625161,0.040644270770018254,13.582183289062176,13.481406618528364,0.0,0.15541289712353512,0.1,0.0034608840942382812,0.06537818908691406,0.04994485,0.7357852,13.49228209166408,0.0,0.1514490192846054,0.0,300,0.030854463577270508,0.0013927284371517044,0.0007147623613835693,1456951,13.628869298818586,0.0
4879,3.1989569664001465,13.497312464699057,0.07391761152412643,13.582356427603967,13.38137609731927,0.0,0.1519521327867317,0.1,0.0049839019775390625,0.11081480979919434,0.050104585,0.8057364,13.49278512896758,0.0,0.15102028716208712,0.0,300,0.030468225479125977,0.00098885164951461,0.0008477168136891335,1457251,13.638980863351996,0.0
4880,3.1209030151367188,13.57978852926318,0.13272188381634276,13.768980323838484,13.399710630949563,0.0,0.1488086979954446,0.1,0.003186941146850586,0.06016826629638672,0.05002319,1.0105275,13.501485468997139,0.0,0.1521039163872287,0.0,300,0.06255745887756348,0.0011328222467378924,0.000641256872936508,1457551,13.64010590865797,0.0
4881,3.124748706817627,13.400419756749024,0.3552867224972826,13.61351613073267,12.785145663930837,0.0,0.14319777920748988,0.1,0.003308534622192383,0.05952644348144531,0.050014503,2.0422094,13.491378897772327,0.0,0.14965887912343342,0.0,300,0.04611015319824219,0.0015643195634114215,0.0011210667386476242,1457851,13.6469918519293,0.0
4882,3.2510411739349365,13.469635347394924,0.08130115354871342,13.560804836686719,13.339076399173065,0.0,0.15744899257838166,0.1,0.0035402774810791016,0.13384246826171875,0.05051898,0.7637129,13.489204542734587,0.0,0.15073581556303542,0.0,300,0.034212589263916016,0.0007743454331291518,0.0006426813219260808,1458151,13.676562248991189,0.0
4883,3.1994705200195312,13.611063122964923,0.038896151327618485,13.64964869735914,13.558164436146173,0.0,0.15711039362873033,0.1,0.003300189971923828,0.05991506576538086,0.049891114,0.8263813,13.501390400757622,0.0,0.1525101047500321,0.0,300,0.030369043350219727,0.0004718845023281931,0.00034293092734084916,1458451,13.626356858692143,0.0
4884,3.2787563800811768,13.493645238017535,0.1207443037869212,13.607383438388306,13.292593725273932,0.0,0.14644587617571625,0.1,0.0032806396484375,0.06248593330383301,0.04994502,0.7873552,13.500615884483613,0.0,0.1509699950333129,0.0,300,0.031010150909423828,0.0005275652138465778,0.00043582383555050965,1458751,13.681442202770034,0.0
4885,3.1935925483703613,13.545907198721945,0.06690841401415988,13.616598649278272,13.44024977585977,0.0,0.15382769313181324,0.1,0.003210306167602539,0.05938601493835449,0.049913477,0.919828,13.505145015907448,0.0,0.15166851964827271,0.0,300,0.030233144760131836,0.0006122791569558617,0.0005119312204645411,1459051,13.794737373636927,0.0
4886,3.120720624923706,13.521741436590998,0.050834017124013434,13.580999579685919,13.44062298146252,0.0,0.16137161273472386,0.1,0.0035085678100585938,0.06113433837890625,0.049905047,0.7843197,13.506804657975804,0.0,0.1513438858486264,0.0,300,0.03052067756652832,0.00041806254752910606,0.00038947044325260974,1459351,13.652354439630775,0.0
4887,3.1271228790283203,13.507725879058446,0.12368230547139213,13.619430630521888,13.298227835134602,0.0,0.15120254181716666,0.1,0.0034050941467285156,0.06186509132385254,0.049852446,0.7230351,13.506896780084068,0.0,0.15122943981209241,0.0,300,0.030439138412475586,0.0005395223126231371,0.0004031684792770033,1459651,13.644356736165797,0.0
4888,3.0396440029144287,13.421648292699718,0.14139783261804154,13.63546463920684,13.261851850610414,0.0,0.15272703015093628,0.1,0.010205984115600586,0.06203961372375488,0.049622867,0.82225084,13.498371931345634,0.0,0.15001779191337303,0.0,300,0.03087306022644043,0.0002934814247593914,0.00029406200878761695,1459951,13.666583169395361,0.0
4889,3.137234926223755,13.584875380762544,0.06665778984537912,13.685034400809105,13.497837870330228,0.0,0.16067643356254674,0.1,0.003433704376220703,0.06537008285522461,0.05044501,0.83354646,13.507022276287325,0.0,0.15214122427287433,0.0,300,0.03070998191833496,0.0004375539348080389,0.00034763576798350893,1460251,13.532755138411344,0.0
4890,3.1842899322509766,13.620632235465138,0.050960712270370224,13.685806846450411,13.546732093375262,0.0,0.14629885938092582,0.1,0.0035712718963623047,0.0608210563659668,0.0500396,0.68342656,13.518383272205106,0.0,0.15262044177708198,0.0,300,0.030854463577270508,0.0005293373095754789,0.00032948417568397014,1460551,13.677766386612667,0.0
4891,3.090428590774536,13.581482775439547,0.012946732739845297,13.59219286592399,13.55941048177405,0.0,0.15795000415300078,0.1,0.003362894058227539,0.06075572967529297,0.05000384,0.75802803,13.524693222528551,0.0,0.1521003805965088,0.0,300,0.03127694129943848,0.0009268511203941155,0.0006963071881018808,1460851,13.734742688810714,0.0
4892,3.1689321994781494,13.484952994872522,0.07005776570629622,13.576160008050879,13.39184841538508,0.0,0.15529844257764178,0.1,0.0032248497009277344,0.060051679611206055,0.049758125,0.92680043,13.520719199762949,0.0,0.1507991773121361,0.0,300,0.0322880744934082,0.0006985744779124569,0.00044870519552787393,1461151,13.60346027828288,0.0
4893,3.0943222045898438,13.504134720298337,0.0742203034390364,13.622172331910473,13.421948153607392,0.0,0.1456899824340586,0.1,0.0034155845642089844,0.06091666221618652,0.049828727,0.77238625,13.519060751816488,0.0,0.15103846889051215,0.0,300,0.07677555084228516,0.0004206875308369195,0.0004228699145008787,1461451,13.550387291497808,0.0
4894,3.1459298133850098,13.555634598635914,0.048803392796502136,13.635843592109913,13.51177323989859,0.0,0.15539051018416378,0.1,0.0035130977630615234,0.06340289115905762,0.049988035,1.0747414,13.52271813649843,0.0,0.1517548179169601,0.0,300,0.03191113471984863,0.00044078125456486073,0.00038279858942825333,1461751,13.677520425017489,0.0
4895,3.134476661682129,13.394824292746247,0.2663657384811017,13.575662773841499,12.93472374540571,0.0,0.1489015062909302,0.1,0.00322723388671875,0.060567617416381836,0.049953297,0.5894765,13.509928752123212,0.0,0.14971949256827907,0.0,300,0.03038501739501953,0.0009776378570864831,0.0007283027731511773,1462051,13.550162916847748,0.0
4896,3.1492176055908203,13.451666148118505,0.1929167307444078,13.615618511011796,13.12548281100841,0.0,0.15053692019626805,0.1,0.003091573715209961,0.0736997127532959,0.05019849,1.1672568,13.504102491722742,0.0,0.15041156447808005,0.0,300,0.051073551177978516,0.0006069537098555295,0.0006606023043361836,1462351,13.564019492502235,0.0
4897,3.201988458633423,13.463236680436479,0.16166479556594798,13.670015329731953,13.217588602739625,0.0,0.14843384349029085,0.1,0.003192901611328125,0.06079554557800293,0.050079226,0.94373536,13.500015910594115,0.0,0.15056553641541517,0.0,300,0.030487537384033203,0.0006373253577437067,0.000485617282916,1462651,13.611668798864777,0.0
4898,3.1591386795043945,13.498376467834891,0.13175487440723346,13.64371034456586,13.310433416296327,0.0,0.15507828323044268,0.1,0.009958744049072266,0.11701560020446777,0.049798377,0.73960406,13.499851966318193,0.0,0.15106017788836046,0.0,300,0.02984905242919922,0.0006667169835185303,0.0005937861614405505,1462951,13.612646776932253,0.0
4899,3.1345558166503906,13.469947300985456,0.12336238173908677,13.603098110690802,13.286693472457637,0.0,0.14634811967721176,0.1,0.003565073013305664,0.0633082389831543,0.049960755,0.8826428,13.49686149978492,0.0,0.1506263219464157,0.0,300,0.03157758712768555,0.0004319130381881407,0.00039435368648213623,1463251,13.54884991213745,0.0
4900,3.1253232955932617,13.404871047143136,0.15398023844312805,13.565980297225925,13.17540446287806,0.0,0.1413717636937892,0.1,0.0037043094635009766,0.06224799156188965,0.049022842,5.8172207,13.487662454520741,0.0,0.14983987751828737,0.0,300,0.04734086990356445,0.001081697221560743,0.0007637185369848315,1463551,13.670147365513367,0.0
4901,3.16678786277771,13.577901187421833,0.07180805621850918,13.669204742467288,13.495797218653518,0.0,0.1478402741245643,0.1,0.010755300521850586,0.09477615356445312,0.049538445,0.58286226,13.49668632781085,0.0,0.15205926815437976,0.0,300,0.03084707260131836,0.0016872384195708438,0.000915257811276954,1463851,13.536570692804071,0.0
4902,3.0973966121673584,13.46095401330974,0.05195037692565097,13.54457917140632,13.405463345167917,0.0,0.15050515327696992,0.1,0.0034475326538085938,0.06269979476928711,0.05007694,1.3203294,13.493113096360739,0.0,0.15058669978467776,0.0,300,0.030965089797973633,0.0012467692477557738,0.0008315773726824085,1464151,13.63954917416057,0.0
4903,3.1231801509857178,13.532639810463895,0.05720251053663253,13.629065915625262,13.48550211475974,0.0,0.15370420835279167,0.1,0.0035898685455322266,0.06467962265014648,0.049770806,0.8856935,13.497065767771055,0.0,0.15147915574212978,0.0,300,0.03085470199584961,0.0007146613280216548,0.0005577251804372684,1464451,13.623050001552963,0.0
4904,3.1416125297546387,13.509261555885892,0.11435573525800319,13.639391881843597,13.327490271175838,0.0,0.15222894562914444,0.1,0.003371715545654297,0.06198620796203613,0.05026886,0.66130465,13.498285346582538,0.0,0.15112279889527552,0.0,300,0.032396554946899414,0.0008570113117799006,0.0006403905170460389,1464751,13.637181517226333,0.0
4905,3.172851085662842,13.48376373534893,0.1795365654866721,13.741319534381134,13.29269463761402,0.0,0.15599633880275082,0.1,0.0035402774810791016,0.07548975944519043,0.05003341,0.7237752,13.496833185459177,0.0,0.15084549353677668,0.0,300,0.06418418884277344,0.0007137566627342645,0.0006859843775703187,1465051,13.572354367436196,0.0
4906,3.128267765045166,13.547384197065536,0.11116745766932286,13.690957272945713,13.414040389732945,0.0,0.1562962646347353,0.1,0.0034339427947998047,0.11526870727539062,0.050181463,0.75522006,13.501888286619813,0.0,0.15168969592170758,0.0,300,0.0334925651550293,0.0005945720276427425,0.000561323981400455,1465351,13.736345149522373,0.0
4907,3.07387638092041,13.61771623285069,0.08018095291737601,13.708582229873812,13.528675009098441,0.0,0.15306021399110065,0.1,0.0032749176025390625,0.06298565864562988,0.0499963,0.80915594,13.513471081242901,0.0,0.15256412207646514,0.0,300,0.03054642677307129,0.0005651105883529275,0.00037058350000696466,1465651,13.483805384958748,0.0
4908,3.111816644668579,13.450137863651811,0.03214597019210927,13.487237702747157,13.400933412576723,0.0,0.15357918087353878,0.1,0.0033359527587890625,0.06402730941772461,0.04979291,0.80127084,13.507137759483792,0.0,0.15043782873768788,0.0,300,0.030594587326049805,0.0005576245380553757,0.0004902028547941426,1465951,13.612060062064982,0.0
4909,3.084278106689453,13.572986534893781,0.04208772757019508,13.624276517910305,13.511533076590641,0.0,0.1556166308489126,0.1,0.0032024383544921875,0.06088089942932129,0.05000034,0.8743001,13.513722637024792,0.0,0.15199083605738317,0.0,300,0.030106067657470703,0.000588371910018491,0.0002661474569087807,1466251,13.582730710071681,0.0
4910,3.1282711029052734,13.429219733403384,0.0942769305204377,13.543971562598585,13.292121637387238,0.0,0.14863618848261814,0.1,0.0031006336212158203,0.05959820747375488,0.049897,0.8212932,13.505272346662652,0.0,0.15019187378370394,0.0,300,0.030112028121948242,0.0004716584924160755,0.00032178618799866466,1466551,13.668869106638596,0.0
4911,3.135098457336426,13.559120941285492,0.1551418259632542,13.661033227133746,13.29169709810429,0.0,0.15519926515443783,0.1,0.003931760787963867,0.0636897087097168,0.05026398,0.6738703,13.510657206124936,0.0,0.151926990315855,0.0,300,0.030751705169677734,0.0007659452948608174,0.0007215038708675201,1466851,13.627268693367464,0.0
4912,3.198502779006958,12.013611144223644,2.5733182091917772,13.623608268107724,7.558678230333397,0.0,0.14619113087786123,0.1,0.003423452377319336,0.06652045249938965,0.049794693,0.38486487,13.360952599934809,0.0,0.13147259493666233,0.0,300,0.030304670333862305,0.027010962799061865,0.01710663830847186,1467151,13.54256374351061,0.0
4913,3.1628527641296387,13.586628176930828,0.04781234891211174,13.661959589858903,13.540026840339467,0.0,0.14699601873732526,0.1,0.003365039825439453,0.06095170974731445,0.049641866,1.6490381,13.383520157634411,0.0,0.15219878866663264,0.0,300,0.030164241790771484,0.011805061536523736,0.006329916169364677,1467451,13.592116189488365,0.0
4914,3.114206075668335,13.410293026123112,0.1951235818320551,13.699077323420784,13.175186082483753,0.0,0.1555566471251379,0.1,0.0030558109283447266,0.05911731719970703,0.052530967,1.7990617,13.386197444483281,0.0,0.15003065159737144,0.0,300,0.030143260955810547,0.009316016194509301,0.00568523744753747,1467751,13.681313884278664,0.0
4915,3.2072701454162598,13.36920821721697,0.19602825756880393,13.68260963403119,13.143584592093958,0.0,0.1436629371851,0.1,0.0031948089599609375,0.09894466400146484,0.04961661,0.5898416,13.384498521756651,0.0,0.14942506015809762,0.0,300,0.06270313262939453,0.007823194148331773,0.004149445649640533,1468051,13.710878127985884,0.0
4916,3.106358051300049,13.530859979670504,0.04074054849371229,13.57743518300276,13.466424798422027,0.0,0.14954135868623586,0.1,0.0036389827728271484,0.06475234031677246,0.04991721,1.1066189,13.399134667548037,0.0,0.15145844074701664,0.0,300,0.07389974594116211,0.0028059665751576143,0.0015298044590370717,1468351,13.563527471798858,0.0
4917,3.1720292568206787,13.415416083097229,0.10891002744944239,13.537864846550159,13.247876638230212,0.0,0.15322175917153624,0.1,0.003637552261352539,0.11861610412597656,0.050026037,0.9952623,13.400762809102957,0.0,0.14995955861443672,0.0,300,0.03625679016113281,0.0007632968912161988,0.0004903882070656882,1468651,13.435633748555007,0.0
4918,3.129457950592041,13.59695569630729,0.0635410357879222,13.645418810621278,13.488513173395603,0.0,0.1500472766057403,0.1,0.0036437511444091797,0.06309843063354492,0.049906615,0.7621874,13.42038209782339,0.0,0.15225751778149627,0.0,300,0.030894994735717773,0.0009296553877788439,0.0007129103014784908,1468951,13.515619193263683,0.0
4919,3.1165530681610107,13.383012128210133,0.28070977518731355,13.696889202978259,12.945136136726575,0.0,0.15244494533391278,0.1,0.0034139156341552734,0.06096696853637695,0.04986826,0.7410498,13.416645100862064,0.0,0.14945803216348996,0.0,300,0.03037261962890625,0.001230106796887407,0.0010197708237793023,1469251,13.574045659880484,0.0
4920,3.08947491645813,13.338197636705491,0.15837584070876848,13.548256579882752,13.180803203262565,0.0,0.15208446242463325,0.1,0.0034317970275878906,0.09781169891357422,0.049947612,0.7354385,13.408800354446408,0.0,0.14883473496503535,0.0,300,0.05767416954040527,0.0009584382785148584,0.0008379013067180166,1469551,13.555697939388152,0.0
4921,3.0606868267059326,13.51569899488684,0.06869810583090555,13.590486732973805,13.407809417589505,0.0,0.15248241958149145,0.1,0.003415822982788086,0.1081092357635498,0.050034538,0.8968297,13.41949021849045,0.0,0.1512226339773109,0.0,300,0.04172015190124512,0.0003986958072278542,0.00031309138043753595,1469851,13.62939142467838,0.0
4922,3.1582224369049072,13.527000256631114,0.06396029920388735,13.630187083533867,13.459096774829561,0.0,0.1573222965434294,0.1,0.0035004615783691406,0.06126117706298828,0.04984194,0.7487091,13.430241222304517,0.0,0.15138113900767006,0.0,300,0.03344559669494629,0.0007370950573555501,0.0005480898779437197,1470151,13.628844603312166,0.0
4923,3.140509605407715,13.46918567796763,0.02016439136725555,13.482894545103852,13.434497171852525,0.0,0.15736102296051546,0.1,0.003300905227661133,0.060248613357543945,0.050176654,0.9059076,13.434135667870828,0.0,0.15062973130191354,0.0,300,0.03043985366821289,0.0007212267947655114,0.0005655080307580645,1470451,13.659648138170134,0.0
4924,3.1276748180389404,12.853646730468554,0.7664399923009808,13.574761121121478,11.634410277635633,0.0,0.15157342733400575,0.1,0.014413595199584961,0.08295893669128418,0.049617898,0.42084074,13.3760867741306,0.0,0.14246498924951428,0.0,300,0.031098365783691406,0.0030621225127226486,0.001937253559445707,1470751,13.646392912245007,0.0
4925,3.137866497039795,13.428113905459877,0.04494995525084439,13.468481659299691,13.358666817788258,0.0,0.14943317835632383,0.1,0.0033698081970214844,0.06825637817382812,0.05021089,0.9007937,13.381289487263528,0.0,0.1501191128216856,0.0,300,0.08005309104919434,0.0017382866554586536,0.0010719949934976261,1471051,13.497616314304961,0.0
4926,3.1866295337677,13.448556106168287,0.13845008832160483,13.593812699431366,13.221953129496423,0.0,0.14704488769292642,0.1,0.0033066272735595703,0.11712884902954102,0.050247643,0.81430244,13.388016149154005,0.0,0.15037065109209072,0.0,300,0.039940834045410156,0.0019221973656650365,0.0015620247034642517,1471351,13.489965843007774,0.0
4927,3.1435163021087646,13.458712884617988,0.11304195405763529,13.572036683079507,13.273874537782648,0.0,0.1524460518435637,0.1,0.006799459457397461,0.10010719299316406,0.05075601,0.5756161,13.395085822700404,0.0,0.15044372625569308,0.0,300,0.032695770263671875,0.0014689546198456342,0.0009663803936953718,1471651,13.661297582895711,0.0
4928,3.183640480041504,13.35946610987575,0.22989795128278087,13.655751964577854,13.031969746415843,0.0,0.15625102402834143,0.1,0.0037729740142822266,0.06347060203552246,0.04975495,0.62309635,13.391523851417938,0.0,0.14914386011126413,0.0,300,0.05511736869812012,0.0012665855743539713,0.000787849936334756,1471951,13.590599241581648,0.0
4929,3.153723955154419,13.555354324836486,0.10970881583180216,13.665727309134148,13.389779865111413,0.0,0.15232010685199743,0.1,0.0036323070526123047,0.06350064277648926,0.050161354,0.7804657,13.407906898759792,0.0,0.1517083522309733,0.0,300,0.030306100845336914,0.0007026342661416714,0.0004632457720718931,1472251,13.74561588295093,0.0
4930,3.2043774127960205,13.367763404647299,0.2617312311446087,13.62501830304894,12.940125167959348,0.0,0.14927859168904786,0.1,0.0031294822692871094,0.06136202812194824,0.04956219,0.8306495,13.403892549348544,0.0,0.14927852316694562,0.0,300,0.029996633529663086,0.0008687895632838291,0.000898684343843574,1472551,13.608870545956625,0.0
4931,3.1582236289978027,13.473379025719169,0.20145503991226946,13.616638754582722,13.12752738073667,0.0,0.1529672062600356,0.1,0.0032291412353515625,0.13437700271606445,0.049820315,0.73619705,13.410841196985608,0.0,0.15069669212215622,0.0,300,0.032737016677856445,0.0016405278303051325,0.0010228263128575616,1472851,13.474438185421489,0.0
4932,3.207925796508789,13.506033015855007,0.04584173697413003,13.570784155119792,13.446271179768154,0.0,0.15334398072190744,0.1,0.0032210350036621094,0.06326127052307129,0.049765028,0.78325236,13.420360378872548,0.0,0.15108791698152207,0.0,300,0.03136014938354492,0.0018318502633712368,0.0010875860400639532,1473151,13.706055492573178,0.0
4933,3.313638687133789,13.490441167750856,0.04164107765995272,13.546772588552402,13.445041257251846,0.0,0.15307091019999589,0.1,0.0032215118408203125,0.10541319847106934,0.050201792,0.81178224,13.42736845776038,0.0,0.15089481443210265,0.0,300,0.04438638687133789,0.0019659899416374317,0.0009627626568578234,1473451,13.525226893342955,0.0
4934,3.132220506668091,13.548576779883943,0.15648030597382265,13.661442465061775,13.27881231083134,0.0,0.1555399035832509,0.1,0.003970623016357422,0.07067084312438965,0.050110564,0.9434979,13.439489289972737,0.0,0.15168970904695792,0.0,300,0.030407428741455078,0.000482012523064766,0.00030584094402560073,1473751,13.520833864113797,0.0
4935,3.0820729732513428,13.428757350149024,0.27657084544628935,13.641421476797298,12.961669717787677,0.0,0.1548347142225555,0.1,0.012739181518554688,0.06125617027282715,0.049941704,0.67445874,13.438416095990366,0.0,0.1500667941083552,0.0,300,0.029610633850097656,0.0005692253208596193,0.0004556622655150416,1474051,13.665761619923929,0.0
4936,3.1354236602783203,13.457677616217664,0.026412288210240647,13.503416992670713,13.441900124865564,0.0,0.16073500948120256,0.1,0.003384113311767578,0.061185359954833984,0.050255273,0.624161,13.440342248013097,0.0,0.1504442629052138,0.0,300,0.029890775680541992,0.0007521294726989561,0.0005347027238379516,1474351,13.619343123867287,0.0
4937,3.0699522495269775,13.49289598360274,0.10287940299251387,13.648886811309973,13.37422279437617,0.0,0.14858017138894206,0.1,0.0032923221588134766,0.10435986518859863,0.049949884,1.0813309,13.445597621572063,0.0,0.15091511078778885,0.0,300,0.03357505798339844,0.0008321257604016653,0.0005557065185586806,1474651,13.446642082586047,0.0
4938,3.106078624725342,13.455964276235857,0.09378634334124805,13.609474588989759,13.374550349920167,0.0,0.14795756886159014,0.1,0.0032939910888671875,0.07897543907165527,0.05012012,1.4036742,13.446634287038442,0.0,0.1504530390185231,0.0,300,0.06112861633300781,0.0015159997526463195,0.0010300642649536244,1474951,13.576845842670842,0.0
4939,3.113722562789917,13.521763879726088,0.06390950762264556,13.628289199016653,13.465458793502862,0.0,0.158942726060364,0.1,0.0032439231872558594,0.09146952629089355,0.050093412,0.7725589,13.454147246307206,0.0,0.15133623609432403,0.0,300,0.04578089714050293,0.000830680189901301,0.0006108072678324573,1475251,13.650336661404983,0.0
4940,3.207660675048828,12.452533526251983,1.8403478152471673,13.583845740052434,9.267242347805363,0.0,0.14486187547894316,0.1,0.003309965133666992,0.06184983253479004,0.04981139,0.3333573,13.353985874301685,0.0,0.13717481577215856,0.0,300,0.03000640869140625,0.00999818039936415,0.006515790688463965,1475551,13.668624936628708,0.0
4941,3.0688400268554688,13.520792794751976,0.06042426408223288,13.606451753938886,13.44793431309915,0.0,0.15411152539704712,0.1,0.0032906532287597656,0.06389522552490234,0.05028613,1.1503601,13.370666566346715,0.0,0.15131373309493007,0.0,300,0.03088855743408203,0.0035267965197643835,0.001279480292368412,1475851,13.64368389951156,0.0
4942,3.1143229007720947,13.451446202423858,0.058964710162599326,13.532954504454045,13.372864755065402,0.0,0.15463198701063996,0.1,0.003326416015625,0.06279683113098145,0.050234895,1.2079804,13.378744529954428,0.0,0.15045239994793433,0.0,300,0.02953481674194336,0.002046094595420432,0.0017187586842737502,1476151,13.677765595893552,0.0
4943,3.0692687034606934,13.470678121144061,0.0731960901911158,13.558769427032496,13.355610369425577,0.0,0.1575775344223119,0.1,0.003237485885620117,0.06234097480773926,0.05001692,0.5846098,13.387937889073392,0.0,0.15064233375278616,0.0,300,0.03022289276123047,0.0012370117173646188,0.0004918844650835224,1476451,13.584514532316943,0.0
4944,3.219498872756958,13.52370079519747,0.08025474962845225,13.619360417532786,13.422202437747071,0.0,0.1533544355833762,0.1,0.0034487247467041016,0.06108736991882324,0.050252832,0.772388,13.401514179685801,0.0,0.15135913334763434,0.0,300,0.031220436096191406,0.0006432433695186603,0.0007609298304418067,1476751,13.669598136826659,0.0
4945,3.1683261394500732,13.509770983196866,0.07551883090101004,13.581479889873096,13.38913803307561,0.0,0.1488043614376464,0.1,0.0033876895904541016,0.06133627891540527,0.049982265,1.3188155,13.412339860036909,0.0,0.15116545914942908,0.0,300,0.03014230728149414,0.000752299608904166,0.0005595857817124949,1477051,13.666109339264546,0.0
4946,3.1434543132781982,13.432293848719748,0.13509325200524613,13.60227107864942,13.244354993276424,0.0,0.15220857901715737,0.1,0.0035305023193359375,0.061199188232421875,0.050203722,0.9032485,13.414335258905194,0.0,0.15018789642233837,0.0,300,0.031992197036743164,0.0006002699820985369,0.0005443009001490745,1477351,13.562534208508454,0.0
4947,3.1761348247528076,13.460364469973005,0.14815839627765928,13.665941283576299,13.25490084480039,0.0,0.15807887385937633,0.1,0.0032236576080322266,0.11684322357177734,0.04969131,0.6625216,13.418938180011976,0.0,0.15049843229047713,0.0,300,0.04109501838684082,0.0009536576752412068,0.0007514316661906623,1477651,13.661509044066497,0.0
4948,3.1629393100738525,13.213197611611704,0.2005868353910243,13.54510692323037,13.018742232652924,0.0,0.1446093305004604,0.1,0.00353240966796875,0.06261515617370605,0.050023448,1.0511892,13.398364123171948,0.0,0.14727278478205857,0.0,300,0.060517311096191406,0.0011628481271505826,0.0009163729562967061,1477951,13.68292989791882,0.0
4949,3.1549131870269775,13.434995702027969,0.13861656286505564,13.58859848112672,13.221319445074155,0.0,0.15070381703690022,0.1,0.0032799243927001953,0.1068124771118164,0.049842775,0.7035881,13.402027281057551,0.0,0.1502392854350446,0.0,300,0.05521082878112793,0.0008327673777905328,0.0006907504070372407,1478251,13.583876988729033,0.0
4950,3.186697006225586,13.503968942419835,0.10982476571452164,13.687160896664132,13.409348688326574,0.0,0.15354134976939132,0.1,0.003073453903198242,0.058851003646850586,0.04997139,0.6940506,13.41222144719378,0.0,0.15104644992829036,0.0,300,0.030141830444335938,0.0004375460578218625,0.00043502777456946363,1478551,13.567258104264594,0.0
4951,3.1374285221099854,13.454219286298875,0.058781514273965926,13.534747628374639,13.38395267124997,0.0,0.14588615379100786,0.1,0.0034852027893066406,0.06425189971923828,0.049931124,0.7278873,13.41642123110429,0.0,0.15039311829773722,0.0,300,0.030539989471435547,0.0009082567559947418,0.0006234499607542587,1478851,13.826345868106166,0.0
4952,3.158198833465576,12.007073158445149,2.502787335149472,13.60434956682189,7.676468753302648,0.0,0.14113331357199776,0.1,0.00351715087890625,0.13688158988952637,0.050187655,0.4490949,13.275486423838375,0.0,0.13132608323155817,0.0,300,0.0299835205078125,0.027439751537094183,0.017891572310226946,1479151,13.663638432786536,0.0
4953,3.059640884399414,13.448018534402625,0.13325981845175314,13.582989274593858,13.302670854753966,0.0,0.148728164340207,0.1,0.003240823745727539,0.13587236404418945,0.049501624,1.0365025,13.2927396348948,0.0,0.15030065226296968,0.0,300,0.03089284896850586,0.012855209119878837,0.005757598902382137,1479451,13.592071986658402,0.0
4954,3.0847115516662598,13.522847991695407,0.08824844794241042,13.620536232909153,13.387343683147481,0.0,0.1546596128111443,0.1,0.003409862518310547,0.061964988708496094,0.05235809,1.5598502,13.315750470574862,0.0,0.15134678216212633,0.0,300,0.031794071197509766,0.006336933303215015,0.0029468275843725317,1479751,13.577577444918893,0.0
4955,3.0748720169067383,13.365751006302446,0.12364556046226557,13.522539289027405,13.223694663731678,0.0,0.154021144950836,0.1,0.003423929214477539,0.06339144706726074,0.05025009,0.5401481,13.320750524147622,0.0,0.14928889242770216,0.0,300,0.030739784240722656,0.00352264680745782,0.0012422026080990871,1480051,13.536535025749814,0.0
4956,3.1324222087860107,13.514142499072705,0.054147147739157915,13.569359640905537,13.424388730068555,0.0,0.1477135286966036,0.1,0.0034036636352539062,0.06385445594787598,0.049837753,0.9001891,13.34008972164013,0.0,0.15122163961430965,0.0,300,0.03034043312072754,0.0007741842530440539,0.0009847917754621425,1480351,13.751170732961603,0.0
4957,3.0992956161499023,13.498964716189548,0.03205596342964711,13.538407915260224,13.46052310148613,0.0,0.15067211562556895,0.1,0.0033104419708251953,0.12194538116455078,0.050467826,1.5371217,13.355977221095072,0.0,0.15106683426709028,0.0,300,0.029186010360717773,0.0012491321940642896,0.0008300380175832701,1480651,13.575445610664447,0.0
4958,3.1266448497772217,13.544863513008462,0.15789215658803213,13.729843285269245,13.302011352894313,0.0,0.1528852381624211,0.1,0.0032286643981933594,0.06393170356750488,0.050042655,0.955849,13.374865850286412,0.0,0.15161137741602468,0.0,300,0.030423641204833984,0.0008026122714847041,0.0007758712426616999,1480951,13.54189102124689,0.0
4959,3.187675952911377,13.453651033514339,0.08724906629462895,13.55643865545718,13.339944186149573,0.0,0.14740978038791677,0.1,0.0049893856048583984,0.06373810768127441,0.04987128,0.7384586,13.382744368609204,0.0,0.1504291746406285,0.0,300,0.03184151649475098,0.0010907933049366457,0.0006446850675720547,1481251,13.601300600126146,0.0
4960,3.099184274673462,13.43026350153162,0.13359693812760126,13.546077428429024,13.21532683146515,0.0,0.15007026868399645,0.1,0.00331878662109375,0.06482362747192383,0.049993236,0.9925875,13.387496281901445,0.0,0.1501351054231812,0.0,300,0.030420303344726562,0.0007459261236608398,0.0006048107335810615,1481551,13.679709926410093,0.0
4961,3.1365222930908203,13.343830717220687,0.2051777405632898,13.566584299516048,13.009928071231334,0.0,0.14670624115671105,0.1,0.012998104095458984,0.061133623123168945,0.050028596,1.1620618,13.38312972543337,0.0,0.1489630875241334,0.0,300,0.029563188552856445,0.0008715974316962947,0.0006886023214222354,1481851,13.706414615824125,0.0
4962,3.1655843257904053,13.431544531521276,0.0914832603857706,13.574347611917627,13.320483710409267,0.0,0.154038762147284,0.1,0.003251791000366211,0.13384270668029785,0.049636863,0.6730055,13.387971206042161,0.0,0.15010722454091724,0.0,300,0.03170204162597656,0.0008672136514340451,0.0005941871423636594,1482151,13.661534567826918,0.0
4963,3.2606747150421143,13.4907701299113,0.11588425857442124,13.590588982580664,13.301326195999009,0.0,0.15034188003035256,0.1,0.003264904022216797,0.06191086769104004,0.04998505,0.96357423,13.398251098429075,0.0,0.1509221464005876,0.0,300,0.03273129463195801,0.0011294969806183806,0.0006977661242673873,1482451,13.623783140195878,0.0
4964,3.160649538040161,13.512748309009455,0.12449336461355669,13.629948503610928,13.335362718769936,0.0,0.1500556778812916,0.1,0.0032966136932373047,0.12378621101379395,0.050076026,0.9780775,13.409700819487114,0.0,0.15126897907493753,0.0,300,0.0298919677734375,0.0006396125634511311,0.0004213106801387965,1482751,13.60477478906491,0.0
4965,3.1986076831817627,13.542261240009037,0.06204254468540905,13.630087958162399,13.456326657230557,0.0,0.1564350063479786,0.1,0.0030868053436279297,0.08771753311157227,0.04981608,0.64645994,13.422956861539307,0.0,0.15160616511651828,0.0,300,0.05150651931762695,0.0005960891592748979,0.0005869364478678418,1483051,13.722015803376282,0.0
4966,3.27124285697937,13.52670981115107,0.06601929703756779,13.607652966526558,13.434192765097421,0.0,0.15577581577336166,0.1,0.006698131561279297,0.1031186580657959,0.050000172,0.74461484,13.433332156500484,0.0,0.15146764246452904,0.0,300,0.03301715850830078,0.0005015987079959243,0.000408357303721221,1483351,13.627827174850642,0.0
4967,3.2191102504730225,13.540062884837281,0.07128367684311132,13.64882788762322,13.457632099783025,0.0,0.15542669917012714,0.1,0.009308576583862305,0.11164474487304688,0.04983366,0.80554533,13.444005229334163,0.0,0.15160956539081347,0.0,300,0.03398871421813965,0.0004412449267946813,0.00046355262804825554,1483651,13.713547005036277,0.0
4968,3.1609766483306885,13.50784999376352,0.074447190055808,13.607633187373589,13.42570612481685,0.0,0.15244389797292904,0.1,0.0075342655181884766,0.1156773567199707,0.049938887,0.8666825,13.450389705777098,0.0,0.1511551102880461,0.0,300,0.03413534164428711,0.0006325669413467363,0.0005605662481754406,1483951,13.507313318525126,0.0
4969,3.183912515640259,13.512429317744413,0.19709588737050956,13.662422502037039,13.177870066764479,0.0,0.14412661874119848,0.1,0.005960702896118164,0.10906004905700684,0.0502392,1.629119,13.45659366697383,0.0,0.15116415016875695,0.0,300,0.031446218490600586,0.0005507601793514886,0.0004897349107506934,1484251,13.575341318189402,0.0
4970,3.1923136711120605,13.52098999596668,0.11885793868984926,13.680780977758369,13.345626651307526,0.0,0.15710093580398987,0.1,0.0033731460571289062,0.06438279151916504,0.04977007,0.7075908,13.463033299873116,0.0,0.15130661619286578,0.0,300,0.030321121215820312,0.0006262394468581154,0.0005258727533781117,1484551,13.69569503743665,0.0
4971,3.23319411277771,13.42464599297962,0.03120513681340969,13.462057889547292,13.37715603191951,0.0,0.14486037522075804,0.1,0.003469228744506836,0.06455326080322266,0.050050884,0.71814245,13.459194569183767,0.0,0.15006577377038438,0.0,300,0.03045940399169922,0.0005201911519639531,0.0004559421753096705,1484851,13.583777610969955,0.0
4972,3.0905470848083496,13.563100262659392,0.13112443165057455,13.704479514006374,13.349396028753652,0.0,0.15917508097332908,0.1,0.003462076187133789,0.06236696243286133,0.050218113,0.63051313,13.469585138531329,0.0,0.1518510389922609,0.0,300,0.0334773063659668,0.0005518990913457736,0.00047356448262242916,1485151,13.584003735894036,0.0
4973,3.0951778888702393,13.546031853892632,0.11216419658772799,13.70028604986365,13.388528521797015,0.0,0.15282503773157094,0.1,0.0033032894134521484,0.06447672843933105,0.05010966,0.8778255,13.47722981006746,0.0,0.1516919568345185,0.0,300,0.030315637588500977,0.0004771631153632697,0.0003606910463814203,1485451,13.626736953962443,0.0
4974,3.249728202819824,13.297998200933012,0.5598945750503808,13.710650140510548,12.342418075557811,0.0,0.15317135523983505,0.1,0.0032575130462646484,0.061423301696777344,0.049865082,0.57301277,13.459306649154016,0.0,0.14831756209448022,0.0,300,0.0303494930267334,0.0015836968571379347,0.001279134044559241,1485751,13.662779060225247,0.0
4975,3.160909652709961,13.462037417171256,0.07068679961828676,13.57212434266324,13.397020333946955,0.0,0.1486081524557538,0.1,0.013325929641723633,0.11939048767089844,0.049795255,0.8418824,13.45957972595574,0.0,0.1506082936184487,0.0,300,0.03207659721374512,0.0005433399732833937,0.0005593207928091118,1486051,13.7568218560916,0.0
4976,3.031843423843384,13.51841185990715,0.049557117006673056,13.566859477288345,13.449980659856903,0.0,0.15059686620094534,0.1,0.003537416458129883,0.09542727470397949,0.050281484,0.9642619,13.46546293935088,0.0,0.15125392966299103,0.0,300,0.030852794647216797,0.0005159477623676173,0.0003713521521235976,1486351,13.608487173614842,0.0
4977,3.161033868789673,13.51733959932786,0.12595045992786336,13.670819986068937,13.34341864748578,0.0,0.15064054831355683,0.1,0.00339508056640625,0.06158280372619629,0.050034955,0.8081877,13.470650605348577,0.0,0.15128142931763028,0.0,300,0.029876232147216797,0.0008082797748654637,0.0006633384447560949,1486651,13.68628483880327,0.0
4978,3.090038776397705,13.289537157467086,0.12573553108317229,13.483379277487257,13.139112059793364,0.0,0.15189606884372084,0.1,0.0035085678100585938,0.06024670600891113,0.0499425,0.7829567,13.452539260560428,0.0,0.14822030951949047,0.0,300,0.03009939193725586,0.0013279963018502628,0.0008501200034512238,1486951,13.533284645963171,0.0
4979,3.08585786819458,13.531069257984315,0.09456251823316916,13.605514127514885,13.37115330022344,0.0,0.15840817599496845,0.1,0.005440950393676758,0.0601506233215332,0.04975047,0.6874047,13.460392260302818,0.0,0.1514592473302399,0.0,300,0.030309200286865234,0.001336432790954647,0.0007008877062679906,1487251,13.611360518228055,0.0
4980,3.196807622909546,13.386245925770288,0.2431818917643331,13.59815554129777,12.986805053782932,0.0,0.15468107645036694,0.1,0.011458158493041992,0.09313440322875977,0.04989956,0.87344766,13.452977626849565,0.0,0.14962608923845466,0.0,300,0.030825138092041016,0.0016745121494703467,0.0010362786969015454,1487551,13.707860213435557,0.0
4981,3.1983931064605713,12.318048988599536,2.1065670332965776,13.57741266928751,8.669684643170042,0.0,0.1452278770424021,0.1,0.0032410621643066406,0.12986159324645996,0.050199755,0.320428,13.339484763024563,0.0,0.1353951772979134,0.0,300,0.03042006492614746,0.01208437183900123,0.009359920086470075,1487851,13.713986540615783,0.0
4982,3.1113150119781494,13.273038968757621,0.41452935666317553,13.612114372487904,12.563405760245562,0.0,0.1431760116200456,0.1,0.003751039505004883,0.06554293632507324,0.04982127,1.7181567,13.332840183597868,0.0,0.1481323212071648,0.0,300,0.030993223190307617,0.001228233080088668,0.0013628178726520785,1488151,13.694324011712693,0.0
4983,3.2282419204711914,13.53036484150902,0.03735342789023133,13.576951304185625,13.491116062774932,0.0,0.15340406514557478,0.1,0.0035719871520996094,0.06270027160644531,0.049846206,1.448654,13.352592649388983,0.0,0.1513890206590216,0.0,300,0.031160593032836914,0.0009685583827269019,0.0005505124727806775,1488451,13.670166412528905,0.0
4984,3.1427061557769775,13.38753327912223,0.06723571080537365,13.482747926843434,13.32309182511903,0.0,0.1499683188462017,0.1,0.0034704208374023438,0.08948636054992676,0.050358728,0.95221,13.356086712362309,0.0,0.14949272547789144,0.0,300,0.06525206565856934,0.001237105280961713,0.0010660755656226397,1488751,13.617354565842495,0.0
4985,3.1207003593444824,13.491146500925208,0.04991810449589915,13.531436678773222,13.405649807463474,0.0,0.1583485280206048,0.1,0.011246442794799805,0.06873011589050293,0.049853154,0.74986845,13.3695926912186,0.0,0.1509132698286731,0.0,300,0.030221939086914062,0.0013379939209921291,0.0006757061257606993,1489051,13.746078408234036,0.0
4986,3.15649676322937,13.441368403913371,0.02419452700923769,13.481577776369633,13.417858647392451,0.0,0.15012129340294172,0.1,0.0037364959716796875,0.06142997741699219,0.050130095,0.9733381,13.376770262488078,0.0,0.15026556877710268,0.0,300,0.03013896942138672,0.0006646096391944581,0.0005057780745124296,1489351,13.632465301594385,0.0
4987,3.1657814979553223,13.462470428438941,0.07369941377943726,13.537420539961783,13.34188473651928,0.0,0.15464480608048717,0.1,0.0033826828002929688,0.06007194519042969,0.04997932,0.8668993,13.385340279083165,0.0,0.15054362630537105,0.0,300,0.03009176254272461,0.0013267702353985768,0.0007439147080242897,1489651,13.553729498540894,0.0
4988,3.203655481338501,13.551340276043751,0.06840356912034799,13.642186620792678,13.458775896510355,0.0,0.1540502401010048,0.1,0.0034334659576416016,0.06140279769897461,0.049945865,0.970816,13.401940278779223,0.0,0.15173228901744298,0.0,300,0.032581329345703125,0.0007862584397063492,0.0005758005533922448,1489951,13.712341642351609,0.0
4989,3.1294827461242676,13.526399847756032,0.055173581998608875,13.591099231904641,13.455437899322414,0.0,0.15493633295335452,0.1,0.0033197402954101562,0.05984330177307129,0.049865007,0.59528923,13.414386235676904,0.0,0.1513981378796368,0.0,300,0.030046463012695312,0.0005075964271985333,0.00027571841148136644,1490251,13.6450538279621,0.0
4990,3.1320934295654297,13.339354693630117,0.08815327859962066,13.46271085596915,13.242879737391764,0.0,0.14852138991587494,0.1,0.0032906532287597656,0.06206774711608887,0.049761523,1.4341767,13.406883081472227,0.0,0.148877616662621,0.0,300,0.02980804443359375,0.0010499472127145232,0.0008300763779987915,1490551,13.662259557527412,0.0
4991,3.1356420516967773,13.351484813840749,0.2582834434933167,13.516761649647783,12.904593887038558,0.0,0.15413657686814314,0.1,0.003215312957763672,0.06264328956604004,0.049873687,1.0348465,13.40134325470908,0.0,0.14910777118558283,0.0,300,0.029723644256591797,0.0008155630636296496,0.0006783430429456133,1490851,13.624758843513858,0.0
4992,3.106031894683838,13.570542066199842,0.048887277943328145,13.639997728406547,13.5030089348538,0.0,0.1595284018632662,0.1,0.003284931182861328,0.05966043472290039,0.049810283,0.6788793,13.418263135858156,0.0,0.15193938196354292,0.0,300,0.030472517013549805,0.0011808514324415248,0.0007669962603888314,1491151,13.563265236101577,0.0
4993,3.1288857460021973,13.544058452131797,0.028042847671155873,13.583368176074773,13.51564957187703,0.0,0.15209435977709765,0.1,0.003240823745727539,0.060147762298583984,0.05007743,1.1106501,13.43084266748552,0.0,0.1516205691048105,0.0,300,0.029919147491455078,0.001661609553638368,0.0012740372065312934,1491451,13.585781802046924,0.0
4994,3.1184840202331543,13.563670661843016,0.1616530504615751,13.723455258386386,13.30560466848143,0.0,0.1584676162816873,0.1,0.0032722949981689453,0.06140851974487305,0.049728688,1.0708919,13.44412546692127,0.0,0.1518913960863593,0.0,300,0.060230255126953125,0.001690054671914537,0.001000849050520327,1491751,13.661597194633023,0.0
4995,3.152932643890381,13.46775272487237,0.05531849817889794,13.541373845041637,13.390847367196855,0.0,0.15727778257719777,0.1,0.0032660961151123047,0.12344002723693848,0.049848318,0.7263014,13.44648819271638,0.0,0.1506303555530437,0.0,300,0.0302431583404541,0.001107079281545363,0.0006837256986343898,1492051,13.590205664990899,0.0
4996,3.1148297786712646,13.279153898936064,0.24815507371181927,13.488156128673591,12.856716948942207,0.0,0.1419582197654969,0.1,0.007195711135864258,0.07488155364990234,0.049916953,0.8261828,13.429754763338348,0.0,0.14813570573261498,0.0,300,0.032294273376464844,0.0008004589501615208,0.000691100869103694,1492351,13.608311708753085,0.0
4997,3.130152463912964,13.449936868428592,0.10766588981372503,13.544396574097425,13.273763655555022,0.0,0.1505589582653945,0.1,0.0038499832153320312,0.06399703025817871,0.04994106,0.7487253,13.431772973847373,0.0,0.1503582909013366,0.0,300,0.030814647674560547,0.0005429634332323871,0.0005485005732266021,1492651,13.47057250068314,0.0
4998,3.105893611907959,13.56337636009069,0.0500742354108877,13.64892452201178,13.52602561561226,0.0,0.14913600496158091,0.1,0.003718852996826172,0.06249547004699707,0.050012283,1.0980846,13.444933312471706,0.0,0.1518957532192253,0.0,300,0.030678749084472656,0.0005603463671344047,0.00040479254360620954,1492951,13.563147409856057,0.0
4999,3.1454429626464844,13.453641279389183,0.10586801332510799,13.547875849908962,13.27817871426396,0.0,0.14796924649559326,0.1,0.003355264663696289,0.06918787956237793,0.05072303,1.0719227,13.445804109163454,0.0,0.15046494446471897,0.0,300,0.05829286575317383,0.0005169897177728032,0.0004954274030712029,1493251,13.557851765497908,0.0
5000,3.040691614151001,13.452996394282113,0.1220612007471912,13.618292343514996,13.300344844633468,0.0,0.1473045493200225,0.1,0.0033004283905029297,0.06219649314880371,0.049070995,0.55063933,13.44652333767532,0.0,0.15043675190930716,0.0,300,0.02993011474609375,0.00044237855823808884,0.00033531517797991155,1493551,13.623258733072445,0.0
5001,3.133331298828125,13.075007768988936,0.3439964823865828,13.393513753051376,12.532015008992278,0.0,0.14641391246386573,0.1,0.0033292770385742188,0.06366539001464844,0.05013671,1.1803397,13.409371780806683,0.0,0.14553181904115717,0.0,300,0.030701637268066406,0.0020153677967926754,0.001644654480349069,1493851,13.582018941079264,0.0
5002,3.1830787658691406,13.483668169052226,0.10129304731300254,13.611979240070278,13.328989345260046,0.0,0.14576338930902105,0.1,0.003265857696533203,0.05998945236206055,0.04979854,1.0418526,13.416801419631238,0.0,0.15079441670854765,0.0,300,0.02974104881286621,0.001907267662796998,0.0011604084815168925,1494151,13.648377981852834,0.0
5003,3.144557237625122,13.521043621692288,0.013802777221996194,13.536568524456223,13.504183808557299,0.0,0.15607351725812768,0.1,0.0032968521118164062,0.06056976318359375,0.049598314,0.6778874,13.427225639837342,0.0,0.1513144198294314,0.0,300,0.030058860778808594,0.0008482463287860733,0.0003575497192214396,1494451,13.648190335790988,0.0
5004,3.072653293609619,13.530388412938605,0.03237827844820989,13.564329162699234,13.47956827877342,0.0,0.1538952301237991,0.1,0.003332376480102539,0.059645891189575195,0.050012905,0.851846,13.437541917147469,0.0,0.15139426687807997,0.0,300,0.02964043617248535,0.0004773894074593556,0.00048496779691823143,1494751,13.62827869377674,0.0
5005,3.091057062149048,13.510527457057457,0.07401248233025098,13.589861882214551,13.411415342764256,0.0,0.1503523324063786,0.1,0.003206968307495117,0.059346675872802734,0.04888986,1.1687942,13.444840471138468,0.0,0.15121035519641532,0.0,300,0.03170633316040039,0.0005118953168485974,0.0003146201819215232,1495051,13.67682825165391,0.0
5006,3.0541117191314697,13.365226271668378,0.35108412297587516,13.696016314075312,12.802939684232408,0.0,0.14528604234315365,0.1,0.003282308578491211,0.0631558895111084,0.048473362,6.118898,13.43687905119146,0.0,0.14923959555701943,0.0,300,0.029218196868896484,0.0009608815786973684,0.0008990163461296729,1495351,13.678314309521456,0.0
5007,3.0700061321258545,13.508588209592176,0.17446616641358512,13.74219783434678,13.255197373332743,0.0,0.1515432567276167,0.1,0.0033636093139648438,0.059342145919799805,0.049964838,0.703633,13.444049967031532,0.0,0.15114440387263592,0.0,300,0.0306398868560791,0.000669781728623079,0.0005927653088703121,1495651,13.669236117208706,0.0
5008,3.204942464828491,13.517455429037588,0.03460732210545904,13.572935813158583,13.4776287048476,0.0,0.15251313780086725,0.1,0.0032300949096679688,0.06374311447143555,0.049967114,0.7524759,13.451390513232138,0.0,0.1512783705896896,0.0,300,0.03045058250427246,0.0003618004213674156,0.00033791033371226206,1495951,13.588427915059013,0.0
5009,3.201939582824707,13.492610355792118,0.11709590503016463,13.615225300166584,13.32905437648049,0.0,0.15954161121842977,0.1,0.0031197071075439453,0.06365132331848145,0.05005123,0.85286367,13.455512497488137,0.0,0.1509743231671537,0.0,300,0.029643774032592773,0.0005887456052852282,0.0004491243189183129,1496251,13.596254270966833,0.0
5010,3.245248556137085,13.374717833919645,0.3162325894886284,13.609428885542552,12.830442674823173,0.0,0.14317754412527092,0.1,0.0033080577850341797,0.06450605392456055,0.049718082,11.939065,13.447433031131286,0.0,0.1493227087095949,0.0,300,0.02988576889038086,0.0008488870742649705,0.0006281919501753295,1496551,13.632226346006084,0.0
5011,3.1521215438842773,13.470031912245998,0.08482997854034936,13.56671167777475,13.335260164569702,0.0,0.15083845659954612,0.1,0.005632877349853516,0.11205053329467773,0.050095238,0.7827826,13.449692919242757,0.0,0.1506408629076178,0.0,300,0.03421521186828613,0.0009420855911428464,0.0008099752680207927,1496851,13.73393504663491,0.0
5012,3.133618116378784,13.566349373732383,0.11749075490088454,13.652199363573892,13.364210002140121,0.0,0.1459438465868038,0.1,0.003557920455932617,0.06213641166687012,0.050093316,0.872365,13.46135856469172,0.0,0.15191658475725317,0.0,300,0.04382038116455078,0.0010182825177440327,0.0007851822564616854,1497151,13.633944860597063,0.0
5013,3.106689929962158,13.503419631903771,0.05676364415426767,13.569922501672538,13.414083537701144,0.0,0.15452998897739526,0.1,0.0035049915313720703,0.06437969207763672,0.049892828,0.7885422,13.465564671412926,0.0,0.15109915254330003,0.0,300,0.030633926391601562,0.0006310379791933418,0.0004657474151395799,1497451,13.596307959787744,0.0
5014,3.085103750228882,13.578032639100313,0.040694373990952014,13.61724938462061,13.511764655393716,0.0,0.1397412233325032,0.1,0.0034847259521484375,0.06157708168029785,0.050027102,0.9110907,13.476811468181666,0.0,0.15206347417440572,0.0,300,0.03397941589355469,0.00048228245964847797,0.0003683047416458406,1497751,13.551136236811502,0.0
5015,3.196023941040039,13.379864036064788,0.10829536628675362,13.465799565645911,13.19744048095378,0.0,0.1521541372248645,0.1,0.003520488739013672,0.06345105171203613,0.049961947,1.1234279,13.467116724969978,0.0,0.14944488702948727,0.0,300,0.030241966247558594,0.000858180973098903,0.0005592820813812686,1498051,13.740397700179221,0.0
5016,3.1147396564483643,13.523318370591115,0.04377561822768648,13.570429151061749,13.469051639127066,0.0,0.15708357779067333,0.1,0.003335714340209961,0.06151223182678223,0.049938176,0.7798323,13.472736889532092,0.0,0.15133178578475034,0.0,300,0.03034186363220215,0.0006970470801549377,0.000458884404647849,1498351,13.751347760764938,0.0
5017,3.1006672382354736,13.545061105215058,0.09167079738479517,13.689558284796062,13.455167188906724,0.0,0.15643663103120123,0.1,0.0034170150756835938,0.061153411865234375,0.05001819,0.8723589,13.479969311100389,0.0,0.15161284152090737,0.0,300,0.03020954132080078,0.0008920204357078769,0.0005979249239660088,1498651,13.684804828116631,0.0
5018,3.112772226333618,13.552682707117308,0.06344356293935659,13.635087101970981,13.461369522579675,0.0,0.15858316059379635,0.1,0.0034487247467041016,0.10161924362182617,0.050046466,0.5649492,13.48724065070208,0.0,0.1517034954383477,0.0,300,0.05865740776062012,0.001107632937055816,0.00069043401024772,1498951,13.55683519632595,0.0
5019,3.0820844173431396,13.529068410884237,0.1657375005972069,13.679660690272632,13.251459143966382,0.0,0.15004855724594351,0.1,0.003278970718383789,0.059542179107666016,0.04997046,0.9172182,13.491423426720296,0.0,0.15140493181147024,0.0,300,0.029988527297973633,0.0006392874630252051,0.0005154605446775571,1499251,13.603841120075652,0.0
5020,3.1389026641845703,13.431255692050748,0.2351498155384921,13.636299237738804,13.034423959560813,0.0,0.1547144144105157,0.1,0.0032591819763183594,0.06838655471801758,0.049956087,0.6314438,13.48540665325334,0.0,0.15019263890530626,0.0,300,0.0766141414642334,0.002601186302624659,0.0019155636158903328,1499551,13.665740464683845,0.0
5021,3.1753110885620117,13.455201961869866,0.15638201457483983,13.647782593607136,13.227285481705392,0.0,0.15729040819521437,0.1,0.0031545162200927734,0.0605921745300293,0.05014692,0.54774445,13.482386184114993,0.0,0.15050167187938787,0.0,300,0.03003668785095215,0.0024965076098806814,0.0014264409887701284,1499851,13.617807596775572,0.0
5022,3.1412525177001953,13.480261653804138,0.17362122533559196,13.640336262744576,13.20940461081516,0.0,0.14752542494724388,0.1,0.0031495094299316406,0.06101346015930176,0.049662106,0.8809066,13.48217373108391,0.0,0.15080625301249564,0.0,300,0.06200075149536133,0.0017428598196997142,0.0009421078583448543,1500151,13.612710032897096,0.0
5023,3.132800579071045,13.517251884428909,0.06249516905152688,13.61685152475979,13.453505233416486,0.0,0.16276820646823761,0.1,0.0033588409423828125,0.060034751892089844,0.049979605,0.74126935,13.48568154641841,0.0,0.1512717787178397,0.0,300,0.03077101707458496,0.0014385077691971581,0.0008387178365814604,1500451,13.567102837894458,0.0
5024,3.1661903858184814,13.514062636775217,0.04884977086668837,13.575578882570706,13.438804990479573,0.0,0.15006241280855892,0.1,0.0033864974975585938,0.06470537185668945,0.049885374,0.8979713,13.488519655454091,0.0,0.15128317809477262,0.0,300,0.0301206111907959,0.0008388906217741367,0.000785133009482894,1500751,13.704706442026199,0.0
5025,3.122164011001587,13.482474746345057,0.06300707092237985,13.558222495170993,13.408443610796223,0.0,0.15044431811649328,0.1,0.003309488296508789,0.1338818073272705,0.049895518,0.73579633,13.487915164543189,0.0,0.15078985425493321,0.0,300,0.030200958251953125,0.000743026096814535,0.0006068841643086975,1501051,13.6602567954217,0.0
5026,3.1526474952697754,13.300599927994917,0.45516942393758336,13.598085031061931,12.51316924028478,0.0,0.12952720382615904,0.1,0.003204822540283203,0.05979514122009277,0.050458115,16.026094,13.469183640888364,0.0,0.1483570132079724,0.0,300,0.029828310012817383,0.00116038360111406,0.0009473331681530413,1501351,13.639726699070566,0.0
5027,3.0320780277252197,13.446723442551464,0.1288122290128174,13.659376661862392,13.337550662297962,0.0,0.15256453697657948,0.1,0.0035858154296875,0.1383652687072754,0.049740765,0.93591696,13.466937621054674,0.0,0.15030796897545448,0.0,300,0.030140399932861328,0.0010030419692166278,0.0007724520412000708,1501651,13.644946886028103,0.0
5028,3.0541577339172363,13.512289925288018,0.11838848519724399,13.631918127159253,13.349176138092059,0.0,0.15339726608487544,0.1,0.003604412078857422,0.06217002868652344,0.04997264,0.6533172,13.471472851478008,0.0,0.15118398289153218,0.0,300,0.0558466911315918,0.0012966301178292442,0.0009057620653983888,1501951,13.716949377778006,0.0
5029,3.0537052154541016,13.583103640782603,0.11599722614282637,13.743015698735745,13.439470559267551,0.0,0.15598236636265303,0.1,0.003674745559692383,0.06419181823730469,0.049970314,0.7426257,13.482635930408469,0.0,0.15213984607379574,0.0,300,0.030185222625732422,0.0006470672817580706,0.0005570755276107767,1502251,13.507279427814646,0.0
5030,3.108384132385254,13.572905341207532,0.050871016756267276,13.653608845490092,13.519639397793116,0.0,0.1493874140395427,0.1,0.0034291744232177734,0.06103253364562988,0.05015697,0.98412424,13.491662871488376,0.0,0.1519685051677952,0.0,300,0.03049159049987793,0.0005374420422993806,0.0004047007502899027,1502551,13.58910970221073,0.0
5031,3.1923177242279053,13.438089478735716,0.12517611320568592,13.585471411486164,13.245235207950556,0.0,0.15277896904015595,0.1,0.003417491912841797,0.06060910224914551,0.04999547,0.69134283,13.486305532213112,0.0,0.15018009842934407,0.0,300,0.03347063064575195,0.0005120746563409985,0.0003766807297666699,1502851,13.600288093043874,0.0
5032,3.1377711296081543,13.567261042696888,0.05711154363137653,13.629222657751859,13.489586582915983,0.0,0.15824346162386646,0.1,0.003339052200317383,0.07448172569274902,0.049691826,0.7564158,13.49440108326149,0.0,0.15186620801012696,0.0,300,0.058501243591308594,0.0008322226357846181,0.0004668792764680295,1503151,13.550512230139594,0.0
5033,3.1273930072784424,13.558720140776554,0.10602164594987662,13.669403701511353,13.390843736300017,0.0,0.14509198742790205,0.1,0.003446340560913086,0.06399369239807129,0.049878325,0.93593717,13.500832989012997,0.0,0.15180745340791557,0.0,300,0.030396699905395508,0.0005735205408838197,0.0003521889558036767,1503451,13.663625019246782,0.0
5034,3.1227047443389893,13.568814103943307,0.11778219880654506,13.70188383389446,13.378695812657938,0.0,0.15529247781951322,0.1,0.0034532546997070312,0.06610918045043945,0.05009781,1.0396538,13.507631100506028,0.0,0.15195297618376136,0.0,300,0.05101466178894043,0.0003144734428273643,0.0002573458957175124,1503751,13.632493347769183,0.0
5035,3.202791213989258,13.556492592254724,0.06368367853857419,13.62336597171696,13.45280029111355,0.0,0.1516982018824074,0.1,0.00336456298828125,0.06284642219543457,0.05005292,0.8094609,13.512517249680899,0.0,0.1518170620301756,0.0,300,0.03281736373901367,0.0006031178775754955,0.00042957332221116534,1504051,13.502349058547573,0.0
5036,3.0990772247314453,13.47270336005563,0.026235132365074285,13.51478491428373,13.442899996607013,0.0,0.15617428136103942,0.1,0.009563922882080078,0.06168365478515625,0.050001405,0.9863481,13.508535860718371,0.0,0.15067448377338033,0.0,300,0.029935359954833984,0.0012742024858305903,0.0008581377614536902,1504351,13.563130669575003,0.0
5037,3.1019394397735596,13.506871366758634,0.12501827284120273,13.598151762231415,13.294195502456152,0.0,0.16115856696290706,0.1,0.0033483505249023438,0.06053280830383301,0.04987037,0.7768275,13.508369411322398,0.0,0.15118065174912482,0.0,300,0.029935359954833984,0.0014717411501396186,0.0008480888386383558,1504651,13.48880211812692,0.0
5038,3.1481032371520996,13.517353550057287,0.11014797990441626,13.612620440470884,13.33479738790389,0.0,0.15554077382707657,0.1,0.0034155845642089844,0.09083914756774902,0.049977098,0.99277586,13.509267825195888,0.0,0.15125068585921075,0.0,300,0.05327129364013672,0.0011145559417943742,0.0006922453567124767,1504951,13.597553919007394,0.0
5039,3.1644022464752197,13.480002834281056,0.09395664589936882,13.588913353572647,13.349567719696143,0.0,0.15171706538343818,0.1,0.0032317638397216797,0.059552669525146484,0.049776375,0.7459565,13.506341326104405,0.0,0.15075533773447783,0.0,300,0.02969050407409668,0.0008218789853824314,0.0006238048284249346,1505251,13.683445132213402,0.0
5040,3.2723371982574463,13.561102773955668,0.04319898323776608,13.61490221061939,13.506704646921328,0.0,0.15405804169345685,0.1,0.012597799301147461,0.1328139305114746,0.049794935,0.88416445,13.511817470889532,0.0,0.15183449332616392,0.0,300,0.029848814010620117,0.0004700990642213153,0.00039450746456707507,1505551,13.505635435378329,0.0
5041,3.1460225582122803,13.347735867466827,0.12520370978011386,13.543255931751274,13.195130080228585,0.0,0.15123310310226468,0.1,0.0032498836517333984,0.060066938400268555,0.049529687,1.1687503,13.495409310547263,0.0,0.14909111829187652,0.0,300,0.029711484909057617,0.0007866986412071055,0.0007106196571426994,1505851,13.58690630225479,0.0
5042,3.2273740768432617,13.649941648516519,0.03090163120547882,13.69223312692546,13.619406776232454,0.0,0.1726175464497681,0.1,0.012545347213745117,0.06442523002624512,0.0497386,0.66410464,13.510862544344189,0.0,0.15302154082324038,0.0,300,0.0303955078125,0.0015426236260440644,0.0007860955282511334,1506151,13.526355643525557,0.0
5043,3.2069997787475586,13.49097580138085,0.0610437060625896,13.552798890103716,13.389860141122282,0.0,0.159039159531069,0.1,0.012517690658569336,0.08507752418518066,0.049840715,0.7014838,13.508873870047855,0.0,0.1508770472814461,0.0,300,0.03046417236328125,0.0018731564425505318,0.0012461824166704798,1506451,13.544685871333053,0.0
5044,3.154496431350708,13.508812849959732,0.1545578928863528,13.68574414256127,13.262046689328605,0.0,0.15124008854899484,0.1,0.0035114288330078125,0.06164216995239258,0.05011262,0.678268,13.508867768039043,0.0,0.15113399911509906,0.0,300,0.03050827980041504,0.001823683302890466,0.0009134892798381589,1506751,13.598775865262335,0.0
5045,3.184835195541382,13.51247982684842,0.10525686984385038,13.620965624663354,13.364663002211804,0.0,0.15308923833419355,0.1,0.003333568572998047,0.061217308044433594,0.050019223,1.143258,13.509228973919981,0.0,0.15116869888909268,0.0,300,0.030597925186157227,0.0014944199377499281,0.0007469052948035353,1507051,13.385549867981611,0.0
5046,3.1709537506103516,13.43001079284336,0.04554759353943802,13.49402255524689,13.372734098313586,0.0,0.15415275770675999,0.1,0.003344297409057617,0.10240364074707031,0.049880624,0.6607877,13.50130715581232,0.0,0.1501202494952705,0.0,300,0.04328346252441406,0.0005549216458777545,0.0003360881718409103,1507351,13.644080208614858,0.0
5047,3.2428486347198486,13.49819245071575,0.10323346753270281,13.58620328660421,13.323158118065006,0.0,0.1536131075976325,0.1,0.012307167053222656,0.09416913986206055,0.05013193,0.6764626,13.500995685302664,0.0,0.15106477361756335,0.0,300,0.03057074546813965,0.0003414651698341082,0.0003099068668200619,1507651,13.560019876054746,0.0
5048,3.284421682357788,13.36321020287449,0.23939844134719657,13.559439518203149,12.965424852797748,0.0,0.14953462192084827,0.1,0.003756284713745117,0.1208488941192627,0.050184485,0.95924634,13.487217137059847,0.0,0.14920346793406433,0.0,300,0.040886640548706055,0.0005961953498295963,0.0004887001890852648,1507951,13.571699842654688,0.0
5049,3.239192008972168,13.377687058372015,0.07789711443841595,13.482416084698562,13.269669440860955,0.0,0.14821306797615302,0.1,0.003264904022216797,0.12933015823364258,0.04977472,0.9500604,13.476264129191065,0.0,0.14944904134752365,0.0,300,0.0336763858795166,0.0004381790405866943,0.00038045396932969843,1508251,13.557613817603732,0.0
5050,3.146120548248291,13.543990018984047,0.0905742353228238,13.693185047207509,13.454901795133875,0.0,0.15038826793305232,0.1,0.0033426284790039062,0.060151100158691406,0.0500835,1.2165946,13.483036718170364,0.0,0.15160406927465342,0.0,300,0.029733657836914062,0.000283734494878261,0.0001951348908494802,1508551,13.608269883252527,0.0
5051,3.2151503562927246,13.473507257389752,0.1557625179856923,13.630498967238704,13.240357463723715,0.0,0.15680037922309448,0.1,0.0034868717193603516,0.0642850399017334,0.04970702,0.85441244,13.482083772092304,0.0,0.15069061835960795,0.0,300,0.030032873153686523,0.0005073977309797059,0.00043862567778047096,1508851,13.49562553127177,0.0
5052,3.173640012741089,13.399133079821038,0.28014367591795053,13.742779362485994,12.962676740641589,0.0,0.1498035624780975,0.1,0.003448009490966797,0.061627864837646484,0.04981686,0.648509,13.473788702865178,0.0,0.14967325261508616,0.0,300,0.030376434326171875,0.0005029508394680868,0.0003405797011589467,1509151,13.67651299130401,0.0
5053,3.192617654800415,13.535198086258209,0.019282844707334594,13.562247001872862,13.509182363323438,0.0,0.15510442304068878,0.1,0.0032885074615478516,0.0615544319152832,0.0499547,0.801096,13.479929641204482,0.0,0.15148281793660037,0.0,300,0.031255483627319336,0.0003665257079312289,0.0002498476733605306,1509451,13.602860325024544,0.0
5054,3.186278820037842,13.49628437386482,0.08080103811700005,13.577782691806238,13.379102539540503,0.0,0.15211312811390415,0.1,0.006568193435668945,0.13141870498657227,0.049636852,1.3330785,13.481565114470516,0.0,0.15100632295590888,0.0,300,0.03288888931274414,0.0008445259945417245,0.0006289319622467862,1509751,13.615862349269733,0.0
5055,3.254491090774536,13.524248963132553,0.0689311945533766,13.643509961959458,13.479334260630182,0.0,0.151175771609883,0.1,0.0035619735717773438,0.08184409141540527,0.050013725,0.67954755,13.48583349933672,0.0,0.1513250353396931,0.0,300,0.028789043426513672,0.0007169963626711595,0.0005063718325782414,1510051,13.733565567572649,0.0
5056,3.2131149768829346,13.442192841724806,0.1399644996853167,13.631720176122268,13.275564065509176,0.0,0.1496889186259931,0.1,0.0033888816833496094,0.0632321834564209,0.050018057,0.7378046,13.48146943357553,0.0,0.15025747961830646,0.0,300,0.029887676239013672,0.0007839884074192588,0.00042417773898412604,1510351,13.607531841855026,0.0
5057,3.2203845977783203,13.50138057001995,0.05814585577778887,13.585942509620947,13.43634380388015,0.0,0.15704608083802002,0.1,0.0034036636352539062,0.061814069747924805,0.04999902,0.9388995,13.483460547219973,0.0,0.15098413507405126,0.0,300,0.03710818290710449,0.0012204188562336697,0.0005986933603866008,1510651,13.446404493639156,0.0
5058,3.2398736476898193,13.483689164724533,0.11447832502462524,13.579128371973383,13.298155663193452,0.0,0.1542601973072265,0.1,0.0033311843872070312,0.05972576141357422,0.049742445,0.5888576,13.483483408970429,0.0,0.15082539544886642,0.0,300,0.029788732528686523,0.0009566643521817622,0.0008518008701115058,1510951,13.518285575363214,0.0
5059,3.2226061820983887,12.914845179483677,0.5286176337946781,13.300107039865226,12.004787053601508,0.0,0.14867620368604745,0.1,0.0036094188690185547,0.06263470649719238,0.04980423,1.026203,13.426619586021754,0.0,0.1432161946680605,0.0,300,0.029570341110229492,0.00413170093200311,0.0022644193073588187,1511251,13.561983414258227,0.0
5060,3.2382326126098633,13.493155119636619,0.11227132172091839,13.590084791330087,13.31223150115818,0.0,0.16480189616616256,0.1,0.003249645233154297,0.06191611289978027,0.050163463,0.6576294,13.43327313938324,0.0,0.15090453340542836,0.0,300,0.029483318328857422,0.003799907008265435,0.002072943966133292,1511551,13.589812288584326,0.0
5061,3.189887046813965,13.374807818337601,0.2188054808341732,13.56041665528196,13.023645882070502,0.0,0.15075205198364766,0.1,0.0037560462951660156,0.09177994728088379,0.04979721,0.6822973,13.427426607278676,0.0,0.1494324774886995,0.0,300,0.05149245262145996,0.0024417655845690193,0.0010533733621417962,1511851,13.588594985624125,0.0
5062,3.145695209503174,13.455486120427285,0.12046319927364083,13.632791058966262,13.307835431816303,0.0,0.1538838649728959,0.1,0.0033550262451171875,0.060500144958496094,0.05011942,0.7174353,13.430232558593538,0.0,0.15048436296865098,0.0,300,0.029868602752685547,0.0008599350131358633,0.0008338289363065726,1512151,13.655903188680805,0.0
5063,3.2623720169067383,13.529575626004437,0.11910628798829896,13.68951697475986,13.354310831356333,0.0,0.15266651581762844,0.1,0.0032966136932373047,0.06026816368103027,0.0498899,0.8457482,13.440166865334628,0.0,0.15141017717215244,0.0,300,0.03160238265991211,0.0008189018211556413,0.0007857082971668953,1512451,13.616953915804887,0.0
5064,3.1763010025024414,13.084044448745772,0.5534361432486786,13.703831674464283,12.320842616782745,0.0,0.1542982908769856,0.1,0.0034427642822265625,0.12671828269958496,0.050090108,0.6242354,13.404554623675743,0.0,0.1454450215458213,0.0,300,0.031336069107055664,0.003964634395269752,0.0026363846111638447,1512751,13.614325741338398,0.0
5065,3.283843755722046,13.558107998155227,0.0863679284532761,13.655280003544993,13.419344210569262,0.0,0.15809046877063013,0.1,0.003577709197998047,0.0650014877319336,0.050020292,0.7944979,13.419909961123691,0.0,0.1517864849397696,0.0,300,0.03324007987976074,0.003157860368947825,0.0013344275850451976,1513051,13.687407721695356,0.0
5066,3.304636001586914,13.489871142875819,0.07203961578611409,13.581614885016096,13.379658031920451,0.0,0.1555041644354627,0.1,0.003356456756591797,0.06110572814941406,0.049870715,1.1843095,13.426906079298904,0.0,0.15089676037212013,0.0,300,0.031581878662109375,0.0016926886843050687,0.0009421240370013616,1513351,13.636708890906817,0.0
5067,3.2653234004974365,13.416030855842994,0.11594943764560509,13.542972611303336,13.277053310542714,0.0,0.14911555018766787,0.1,0.005462169647216797,0.13022136688232422,0.049980666,0.7332369,13.425818556953313,0.0,0.1499282505308062,0.0,300,0.03238868713378906,0.0013818373495647928,0.0007275923900392073,1513651,13.535109996215818,0.0
5068,3.294595241546631,13.45924389528215,0.1679354429759715,13.616869295829574,13.176961993968078,0.0,0.156283376341034,0.1,0.0033142566680908203,0.06850194931030273,0.050176278,0.86459017,13.429161090786199,0.0,0.15056101468447033,0.0,300,0.057810068130493164,0.0013020964467967903,0.0010884544886490288,1513951,13.639222801313343,0.0
5069,3.2999911308288574,13.567961480164476,0.07720808342532524,13.66163015288754,13.449333977293959,0.0,0.15855091765043175,0.1,0.004894733428955078,0.06137537956237793,0.049945362,0.6249419,13.443041129724028,0.0,0.15191608394103479,0.0,300,0.032959699630737305,0.0011406833936927112,0.0008016479252165678,1514251,13.58954159719901,0.0
5070,3.2011423110961914,13.51664650650202,0.1331386984425847,13.69484278047271,13.331903737560372,0.0,0.14675182250312738,0.1,0.003530740737915039,0.10327887535095215,0.049884092,0.69914925,13.450401667401827,0.0,0.15120345710455574,0.0,300,0.03958845138549805,0.0010549922746667562,0.000611461392625638,1514551,13.538714621547664,0.0
5071,3.2444584369659424,13.495495755501059,0.06740770432407767,13.603759878903007,13.419294116622368,0.0,0.150985626129424,0.1,0.003326416015625,0.06064271926879883,0.05012006,0.8659728,13.45491107621175,0.0,0.15097135780455379,0.0,300,0.029569149017333984,0.000476171054357221,0.0004094905094091982,1514851,13.583111367781123,0.0
5072,3.2135586738586426,13.483359205263307,0.2102698620777448,13.771506458087831,13.180236969991897,0.0,0.15923176491064464,0.1,0.003422260284423828,0.0615239143371582,0.050107047,0.6505662,13.457755889116907,0.0,0.15082694960347415,0.0,300,0.029862165451049805,0.0005990478293327376,0.00047541420108599346,1515151,13.578289921710935,0.0
5073,3.2148520946502686,13.38827812614283,0.23203348489359157,13.578960057115356,12.99212017136871,0.0,0.1533503685944933,0.1,0.00341796875,0.13343071937561035,0.050553873,0.936992,13.4508081128195,0.0,0.1494975166672708,0.0,300,0.03272747993469238,0.0007983323815588006,0.0006671780547478093,1515451,13.594229803743906,0.0
5074,3.230769395828247,13.541026002657137,0.07001699300834735,13.652101114565118,13.460590035416018,0.0,0.1481767142130076,0.1,0.0033245086669921875,0.06144404411315918,0.0506179,2.433145,13.459829901803264,0.0,0.15152140855110102,0.0,300,0.03123307228088379,0.0003947597278689508,0.00034602774118884657,1515751,13.5944413053862,0.0
5075,3.194533586502075,13.506926697996985,0.12425523281028376,13.644369530839457,13.378757145795431,0.0,0.1516983516971467,0.1,0.003420591354370117,0.06415915489196777,0.050035756,0.9001056,13.464539581422637,0.0,0.15112135929396886,0.0,300,0.02985978126525879,0.00048642795476295386,0.00041695916819475354,1516051,13.585420508223196,0.0
5076,3.1833746433258057,13.498787426096255,0.11340603813132305,13.654420410316044,13.337890133861535,0.0,0.15234903247868367,0.1,0.0033452510833740234,0.1032555103302002,0.05029337,0.92053497,13.46796436589,0.0,0.1510101678887312,0.0,300,0.0489354133605957,0.000507420554252729,0.00044550836662072434,1516351,13.621438163187927,0.0
5077,3.259199857711792,13.57298097783925,0.0648019461819845,13.629644788038275,13.462765216461182,0.0,0.152716507764722,0.1,0.0034780502319335938,0.06133246421813965,0.04997983,0.6284584,13.478466027084925,0.0,0.15195959951760063,0.0,300,0.030023813247680664,0.0002671091662963411,0.0002477108696277017,1516651,13.634204864792535,0.0
5078,3.2984871864318848,13.457307866441287,0.12277955243784577,13.6465290085611,13.30328941275043,0.0,0.15751540446206372,0.1,0.005542278289794922,0.10510945320129395,0.050108466,0.6563324,13.476350211020563,0.0,0.1504759141803073,0.0,300,0.02994394302368164,0.0007037624981075044,0.000646405046663793,1516951,13.611210256658977,0.0
5079,3.1806371212005615,13.4246280038643,0.17372812915505184,13.645200484513385,13.197099610854428,0.0,0.16130570350311949,0.1,0.0032646656036376953,0.08042311668395996,0.05001522,0.78575575,13.471177990304938,0.0,0.15006027722209936,0.0,300,0.06870746612548828,0.0007543571743006174,0.0006869939816587489,1517251,13.595392415262856,0.0
5080,3.2339632511138916,13.497125256200196,0.09461566945293692,13.602572864578491,13.344031586145043,0.0,0.15546780485730002,0.1,0.00820159912109375,0.08376193046569824,0.049924742,0.6985437,13.473772716894462,0.0,0.15099337825930143,0.0,300,0.02985215187072754,0.001130843505981181,0.0008190067390440365,1517551,13.659795381263459,0.0
5081,3.205204486846924,13.523785287144912,0.03561927508483903,13.54519914455272,13.46210490737625,0.0,0.15117260857288864,0.1,0.009133338928222656,0.12119317054748535,0.050217845,0.74341035,13.478773973919507,0.0,0.15129589339573296,0.0,300,0.029974699020385742,0.0012798700573650112,0.0008119210269614853,1517851,13.602379326992029,0.0
5082,3.2684409618377686,13.462270968532906,0.024043253680025092,13.486379224995238,13.42239327483235,0.0,0.1549484296041366,0.1,0.0033516883850097656,0.0609283447265625,0.049848754,0.87462497,13.477123673380847,0.0,0.15058651907921125,0.0,300,0.031161785125732422,0.0006381243308736067,0.00042488660225390953,1518151,13.451390533692438,0.0
5083,3.2618143558502197,13.50682057742352,0.11830603259738984,13.610723923344324,13.306466227026448,0.0,0.15549423180412722,0.1,0.003325939178466797,0.13553690910339355,0.049989827,0.8235557,13.480093363785114,0.0,0.15117490119214202,0.0,300,0.029995203018188477,0.0006414311677806854,0.0004063652830680438,1518451,13.567812005669888,0.0
5084,3.2654166221618652,13.450957569702773,0.20861177312506146,13.614749551017066,13.093754968182134,0.0,0.14791461248317125,0.1,0.003328084945678711,0.06321859359741211,0.05020582,0.8195942,13.47717978437688,0.0,0.15036314882840007,0.0,300,0.029495716094970703,0.000548401886553907,0.0004308426802754183,1518751,13.542852749763435,0.0
5085,3.2241265773773193,13.543539572916385,0.09273158130492946,13.645103793867976,13.392553027297353,0.0,0.15658162309804846,0.1,0.0033533573150634766,0.06375622749328613,0.049864806,0.84470123,13.48381576323083,0.0,0.15159036858245328,0.0,300,0.02985405921936035,0.000391211989386844,0.00037853348996405724,1519051,13.636011647070086,0.0
5086,3.186152935028076,13.436584763746575,0.29416657656168216,13.63658182648345,12.92811549830799,0.0,0.1479332107417732,0.1,0.0032851696014404297,0.06009864807128906,0.050062247,0.76294243,13.479092663282405,0.0,0.15023932084879402,0.0,300,0.07736063003540039,0.0008873341279785026,0.000736618401588194,1519351,13.555119667073688,0.0
5087,3.2486698627471924,13.552151422553433,0.062054716943009,13.625487404929556,13.487305729221353,0.0,0.16522939593440572,0.1,0.0032744407653808594,0.06301379203796387,0.04982799,0.7497047,13.486398539209507,0.0,0.15171199055946336,0.0,300,0.030164003372192383,0.0005088236783611232,0.0003768712091255764,1519651,13.57533558222593,0.0
5088,3.2298173904418945,13.453713347649146,0.12057380027395719,13.65734558746831,13.349004204127382,0.0,0.156486537105428,0.1,0.0032644271850585938,0.08676600456237793,0.050049905,0.7376502,13.483130020053471,0.0,0.1504162213656574,0.0,300,0.05884265899658203,0.0007770690079911093,0.0007187964126897642,1519951,13.618238856288661,0.0
5089,3.1831767559051514,13.582286955358622,0.11550114541773777,13.74033936178633,13.444197738046158,0.0,0.159352019253387,0.1,0.0036592483520507812,0.06462407112121582,0.05016508,0.6764352,13.493045713583987,0.0,0.1521612120377245,0.0,300,0.030686140060424805,0.000550301879020549,0.0004298822423872193,1520251,13.510711256604091,0.0
5090,3.1784679889678955,13.573518189057417,0.05245548048299983,13.624931879214426,13.494877961068154,0.0,0.14521519372138975,0.1,0.0037436485290527344,0.08367085456848145,0.049768385,1.0465174,13.50109296113133,0.0,0.15199449698184178,0.0,300,0.03329300880432129,0.0002861134350923495,0.00022870664864233214,1520551,13.571700325475632,0.0
5091,3.1195971965789795,13.503047010134694,0.045394100723392554,13.566099034239475,13.44184852955809,0.0,0.15659385291069097,0.1,0.003612518310546875,0.06299543380737305,0.049839057,0.7848244,13.501288366031668,0.0,0.1510673970841132,0.0,300,0.029902935028076172,0.0005616369898535149,0.00047456205509862866,1520851,13.61320283021106,0.0
5092,3.150010108947754,13.54568648537649,0.023915874008436477,13.570296893221307,13.513217243604272,0.0,0.15435072769976135,0.1,0.003360271453857422,0.06175518035888672,0.0498599,0.7848226,13.50572817796615,0.0,0.15162880080611685,0.0,300,0.03213667869567871,0.0005353986698399657,0.00044185575399394893,1521151,13.633963265620613,0.0
5093,3.1655032634735107,13.588861018982335,0.09323402502468303,13.658170103564167,13.428921064023799,0.0,0.1633276152827657,0.1,0.003426790237426758,0.11103367805480957,0.050201256,0.60077524,13.51404146206777,0.0,0.15215728466980433,0.0,300,0.02941751480102539,0.0006537920622935678,0.00045751228501787007,1521451,13.59464555760585,0.0
5094,3.3048593997955322,11.612482272106543,2.257065134582834,13.64593239254527,8.069235661453481,0.0,0.14307899024252502,0.1,0.0033833980560302734,0.06123757362365723,0.050725155,0.3922453,13.323885543071647,0.0,0.12608882636835936,0.0,300,0.029528379440307617,0.01953281490184654,0.011040008984287045,1521751,13.613442402576508,0.0
5095,3.2119507789611816,13.484426716092242,0.07697405775916862,13.61765260312721,13.437550953353538,0.0,0.1528364933230972,0.1,0.0032858848571777344,0.0617365837097168,0.0502947,1.559695,13.339939660373707,0.0,0.15081810701361728,0.0,300,0.02974987030029297,0.008744153528908349,0.005158865779004019,1522051,13.604229400716713,0.0
5096,3.2443759441375732,13.60498980134253,0.04067834831720329,13.633775296071994,13.534788640491946,0.0,0.15425623285487203,0.1,0.020720720291137695,0.1092371940612793,0.049708925,1.4618508,13.36644467447059,0.0,0.1524175083416055,0.0,300,0.033194541931152344,0.004313337723436475,0.0015927795534742507,1522351,13.546663590183494,0.0
5097,3.2236857414245605,13.411522659873121,0.19904562997460698,13.602941057663811,13.084676536135989,0.0,0.1528217274943232,0.1,0.012700080871582031,0.08555984497070312,0.051312372,0.5048603,13.370952473010842,0.0,0.14981405754852148,0.0,300,0.029376745223999023,0.001821642993807648,0.0011071164900224564,1522651,13.611069325406481,0.0
5098,3.224834442138672,13.43234535650504,0.17630027399644158,13.572799946056593,13.132409936972357,0.0,0.14788907253435218,0.1,0.003262042999267578,0.12259531021118164,0.049560953,0.5874515,13.377091761360262,0.0,0.15014404031427103,0.0,300,0.03195071220397949,0.0013733686533968317,0.000970517560659348,1522951,13.55376291304424,0.0
