iteration,time_sampling,stoc_pol_mean,stoc_pol_std,stoc_pol_max,stoc_pol_min,rollout_success,alpha,delta,time_vpg,time_npg,kl_dist,surr_improvement,running_score,rwd_sparse,rwd_dense,success_percentage,num_samples,time_VF,VF_error_before,VF_error_after,env_samples,eval_score,eval_success
0,1.1525814533233643,0.01161431487936014,0.00640619322377055,0.019185916888940547,0.00392595174164448,0.0,0.14639807310813435,0.1,0.01391911506652832,0.053415536880493164,0.05538484,0.9013797,0.01161431487936014,0.0,0.00023020963159476528,0.0,200,0.020979642868041992,19.587236216977058,5.899369670395735,200,0.011719665941953493,0.0
1,1.044877290725708,0.014960825291959938,0.003746718055973156,0.020783684434128744,0.010563294647751196,0.0,0.14526739407041817,0.1,0.0027747154235839844,0.0537412166595459,0.047765307,0.79992193,0.01194896592062012,0.0,0.0002874200325450732,0.0,200,0.014613151550292969,4.1347271313966,0.7225111570135695,400,0.012750675028739533,0.0
2,1.1332619190216064,0.011198705808320537,0.00198248653187522,0.014462346969646133,0.009542853663205234,0.0,0.13999758665603182,0.1,0.0028069019317626953,0.05336117744445801,0.051220667,1.1153224,0.011873939909390164,0.0,0.00022190124032369022,0.0,200,0.015060186386108398,1.88378810247787,1.5058420260594234,600,0.012882442329325429,0.0
3,1.1827764511108398,0.0106463758190033,0.0035227033844507693,0.01521303167102174,0.0066780222052894665,0.0,0.14210974947225816,0.1,0.002786874771118164,0.054253339767456055,0.051668912,0.92845106,0.011751183500351477,0.0,0.0002191242255210752,0.0,200,0.015132427215576172,1.5837131809262142,1.0061879946051204,800,0.01347291716455107,0.0
4,1.1769750118255615,0.02781408673362077,0.009084189472980859,0.035976946726259416,0.01336017510177928,0.0,0.14900357382602797,0.1,0.0027811527252197266,0.0543370246887207,0.04978182,1.0424162,0.013357473823678407,0.0,0.0005555728415578329,0.0,200,0.01704573631286621,0.8643496818639602,0.30044595380385514,1000,0.014206836827832818,0.0
5,1.1811108589172363,0.03997612501480963,0.02129154750224501,0.07663795162593556,0.025242918235391928,0.0,0.1418872706835658,0.1,0.004265546798706055,0.05407381057739258,0.05011755,1.521252,0.01601933894279153,0.0,0.000782161855112839,0.0,200,0.013962745666503906,0.614671414069528,0.4775828951964174,1200,0.012845893929795113,0.0
6,1.2055590152740479,0.015796343167039803,0.007874530806195226,0.02919368619186674,0.008969288233329051,0.0,0.14553264526676565,0.1,0.0027582645416259766,0.054299116134643555,0.051592752,0.91783476,0.015997039365216358,0.0,0.0003145343697748005,0.0,200,0.015768051147460938,4.103677885905452,1.6000394581839594,1400,0.01631942611026759,0.0
7,1.1929419040679932,0.014858947340932021,0.0122800622171183,0.035748244907737224,0.005867995776942308,0.0,0.1480148945618477,0.1,0.002755403518676758,0.05388188362121582,0.051369585,1.268824,0.015883230162787924,0.0,0.00029592493245515306,0.0,200,0.014473915100097656,1.8474595640567697,0.8014768990935319,1600,0.015048043793863148,0.0
8,1.2241601943969727,0.041365159290826174,0.044439191224674206,0.11476368178903638,0.005137898179287605,0.0,0.14782143365160266,0.1,0.0028226375579833984,0.05305171012878418,0.048237875,1.203524,0.01843142307559175,0.0,0.0008248206335485936,0.0,200,0.014962911605834961,0.9280279143763787,0.7557984225884301,1800,0.017879673859870205,0.0
9,1.2363505363464355,0.027027655764128723,0.019217835141679084,0.058452554637875014,0.009453294243611557,0.0,0.13851612826130966,0.1,0.0029997825622558594,0.05425262451171875,0.049960244,1.3099002,0.019291046344445447,0.0,0.00053752022118477,0.0,200,0.014291048049926758,0.513543310737549,0.5020256024747047,2000,0.019536761776014988,0.0
10,1.2080938816070557,0.013694397184108522,0.006222371680898331,0.021118269912165033,0.004114760333304415,0.0,0.1408340353369771,0.1,0.0030059814453125,0.05482959747314453,0.049744554,1.0605409,0.018731381428411756,0.0,0.0002740203905304023,0.0,200,0.01406717300415039,3.5086329325458925,2.6828744413602896,2200,0.021011150436032144,0.0
11,1.233534574508667,0.040693876499729886,0.026920976751553357,0.08080771957640173,0.014121201013095292,0.0,0.13923381332710216,0.1,0.0028619766235351562,0.05834317207336426,0.049736332,1.2022837,0.02092763093554357,0.0,0.0008028728924132163,0.0,200,0.01602959632873535,0.4542059914460336,0.47504081429567224,2400,0.019777856893383433,0.0
12,1.1907634735107422,0.03403957868625887,0.021389995720543377,0.0658879563480484,0.011352940719355116,0.0,0.14037813578873373,0.1,0.0029296875,0.0540766716003418,0.049082156,1.1215713,0.0222388257106151,0.0,0.0006807636183767259,0.0,200,0.015015602111816406,0.40240183940257285,0.38365760608458976,2600,0.025262493320542433,0.0
13,1.1763274669647217,0.04757922740901699,0.055526348961898696,0.14237448216520798,0.0065602901188167514,0.0,0.1430155462630168,0.1,0.003182649612426758,0.056104183197021484,0.048251167,1.407572,0.024772865880455287,0.0,0.0009500198961920221,0.0,200,0.017214298248291016,0.6971890380804207,0.6544723815302114,2800,0.02395939329243001,0.0
14,1.2136893272399902,0.1307804525416796,0.1272855212786762,0.347261078342004,0.026598850446039525,0.0,0.1403265423631088,0.1,0.002780914306640625,0.05393552780151367,0.050172124,1.4401633,0.03537362454657772,0.0,0.0026127159524788387,0.0,200,0.018942594528198242,0.7750523571364164,0.6101305793894032,3000,0.03455350982250072,0.0
15,1.238429307937622,0.020295432035694314,0.004017307693811108,0.02386590970443161,0.013724258418287663,0.0,0.13993935459494355,0.1,0.002707242965698242,0.05456972122192383,0.04934806,1.2705041,0.03386580529548938,0.0,0.00040549850735748194,0.0,200,0.016108036041259766,16.579427250398453,19.764547893615255,3200,0.03673774906714722,0.0
16,1.234708547592163,0.03798833852068461,0.02280125820805244,0.07116287400013502,0.015086334501399425,0.0,0.13305817853380997,0.1,0.002663850784301758,0.05759096145629883,0.050540775,1.0362417,0.03427805861800891,0.0,0.0007460443798510526,0.0,200,0.01612377166748047,2.190393473686265,0.6930117141459328,3400,0.033947199725011,0.0
17,1.2120850086212158,0.037454988317081994,0.022520975961167696,0.06606222830656774,0.015195703851100289,0.0,0.14360096570610145,0.1,0.0027899742126464844,0.05503439903259277,0.049399085,0.9490818,0.03459575158791622,0.0,0.0007454889742779004,0.0,200,0.01546025276184082,0.8038399018017021,0.3476986223164912,3600,0.030044759388182126,0.0
18,1.2632267475128174,0.10531926747438924,0.03592305575278579,0.14527247509510033,0.0581854048040288,0.0,0.1393058231447544,0.1,0.0027360916137695312,0.05337691307067871,0.049872123,0.9709416,0.04166810317656352,0.0,0.0021052809276334785,0.0,200,0.016771793365478516,0.5865066281907341,0.5892243073708613,3800,0.04973173526028155,0.0
19,1.254934549331665,0.03250315506586911,0.017039904574695192,0.05477101369163561,0.014514114354963728,0.0,0.13979929298327828,0.1,0.002802610397338867,0.05376029014587402,0.050155897,1.0799913,0.040751608365494074,0.0,0.000633474557939684,0.0,200,0.01561594009399414,0.2695302229919253,0.33014877487141225,4000,0.04755522757761396,0.0
20,1.276271104812622,0.06877085676486702,0.06218700483851101,0.17630794686413512,0.027788889185356897,0.0,0.13214202984282708,0.1,0.0028200149536132812,0.053063154220581055,0.049564432,2.4964993,0.04355353320543137,0.0,0.0013695507428119226,0.0,200,0.014813661575317383,0.6281726607544829,0.5809833397487938,4200,0.04952886707309289,0.0
21,1.2625365257263184,0.026499371761304714,0.01608187195089584,0.04755996665044969,0.0054580845100469805,0.0,0.13846106629749896,0.1,0.002699136734008789,0.05426025390625,0.049914278,1.1773506,0.04184811706101871,0.0,0.0005283782477022872,0.0,200,0.014483451843261719,1.301741460214404,1.451890110104682,4400,0.04945398240130667,0.0
22,1.2745540142059326,0.176484098817191,0.18532635600491615,0.4781596105562107,0.010238273745413515,0.0,0.13908126913863342,0.1,0.0029158592224121094,0.05428004264831543,0.04937759,1.607444,0.055311715236635944,0.0,0.003508337321149847,0.0,200,0.017078399658203125,0.7953812172079794,0.7566984723473668,4600,0.06253850594281886,0.0
23,1.2772719860076904,0.02820421412650284,0.009095143806653048,0.038084627522991556,0.014059260429463226,0.0,0.1432802220038685,0.1,0.0026602745056152344,0.05300593376159668,0.049427103,0.7512788,0.05260096512562264,0.0,0.000556139580611477,0.0,200,0.014766931533813477,2.011498716394898,2.566201979346051,4800,0.06768538829392422,0.0
24,1.7083799839019775,0.05105789081777744,0.024554452171663372,0.07435751343494372,0.010192155844843747,0.0,0.1383694778887805,0.1,0.002714395523071289,0.05376791954040527,0.049523965,0.9993712,0.05244665769483812,0.0,0.0010244493795714712,0.0,200,0.014598846435546875,0.5930579419473455,0.4212169394736948,5000,0.0733995422741537,0.0
25,1.1814446449279785,0.03382191744785906,0.010851058309275859,0.04707961616130062,0.01746913375584654,0.0,0.14258654603157112,0.1,0.002780437469482422,0.05421566963195801,0.050463602,0.96082765,0.05058418367014021,0.0,0.0006644875359247694,0.0,200,0.014963626861572266,0.8791866230607904,0.2925393566674846,5200,0.05230852977257915,0.0
26,1.2011909484863281,0.04924160775014466,0.04424386312658118,0.12529781213241037,0.015084457118400575,0.0,0.14665874680989152,0.1,0.0028319358825683594,0.05389857292175293,0.049863596,1.3094914,0.05044992607814066,0.0,0.0009835151189519944,0.0,200,0.017237186431884766,0.5514576064366232,0.5885036852956488,5400,0.06677971905230559,0.0
27,1.2251722812652588,0.022977382455511293,0.01667921357590474,0.05005973383632891,0.005925022980357474,0.0,0.13126690058161558,0.1,0.0027878284454345703,0.05451798439025879,0.048298083,1.6270933,0.04770267171587772,0.0,0.00045551832619125144,0.0,200,0.014518022537231445,0.5702753104625299,0.4993684988356494,5600,0.06289579159397223,0.0
28,1.2908458709716797,0.042143104896359154,0.048685755384185604,0.12632469452631234,0.009559326280590584,0.0,0.12891239351590686,0.1,0.0027222633361816406,0.05374288558959961,0.049491357,2.1142845,0.04714671503392586,0.0,0.0008407938492362686,0.0,200,0.017049789428710938,0.7258006048972448,0.7074069716155217,5800,0.061276490896653706,0.0
29,1.2643892765045166,0.09008317283982714,0.07295616513552595,0.20778097188756625,0.01112338842894387,0.0,0.1432475319528136,0.1,0.00279998779296875,0.05327486991882324,0.0505689,1.2402961,0.05144036081451599,0.0,0.0018000752581894955,0.0,200,0.014549493789672852,0.7644297462087769,0.6140168673480169,6000,0.08991451093188794,0.0
30,1.2303276062011719,0.05392067911879811,0.04398910858687679,0.12377456597514327,0.011478608170143413,0.0,0.14049635509376926,0.1,0.002855062484741211,0.05315899848937988,0.049254633,1.1837842,0.051688392644944195,0.0,0.001077023237620463,0.0,200,0.016424894332885742,0.4997700901372589,0.5621365276388256,6200,0.12434251604060333,0.0
31,1.2591547966003418,0.07863370925233124,0.05337416808041003,0.1559387133808675,0.024273674646329322,0.0,0.14086620666306493,0.1,0.002869844436645508,0.05325818061828613,0.050411597,1.1141711,0.054382924305682895,0.0,0.0015695238036929709,0.0,200,0.017210006713867188,0.45931122064788027,0.45916745121047836,6400,0.11617870046507099,0.0
32,1.2639715671539307,0.03504063002536566,0.014212728536341113,0.05166585923499692,0.012382325474287829,0.0,0.13598723534102006,0.1,0.0030357837677001953,0.05486631393432617,0.049585227,0.82639223,0.05244869487765117,0.0,0.0006944913483719287,0.0,200,0.014574527740478516,1.7172079122448145,1.4467590654095352,6600,0.12838716971165862,0.0
33,1.2309579849243164,0.15588147045648268,0.06391106152038598,0.22545680407980484,0.08426718584284748,0.0,0.13909476668983137,0.1,0.002714395523071289,0.053211212158203125,0.04907182,0.8222588,0.06279197243553432,0.0,0.0030585686036439224,0.0,200,0.014762163162231445,0.5104404733227506,0.45893362010508315,6800,0.16038220214803914,0.0
34,1.2538645267486572,0.03571826421484513,0.023182943632553077,0.07206579900306224,0.012061703561192263,0.0,0.13708884615454353,0.1,0.002659320831298828,0.05345463752746582,0.049673215,1.2517378,0.060084601613465405,0.0,0.000702822906715664,0.0,200,0.016838550567626953,1.7720253142008608,2.035016337962078,7000,0.13417114948580464,0.0
35,1.2667038440704346,0.17727266548560056,0.17480787144867319,0.4573994375721622,0.02084282828094172,0.0,0.14197529477403129,0.1,0.0027685165405273438,0.05537271499633789,0.048830524,1.462847,0.07180340800067891,0.0,0.0035421089449949664,0.0,200,0.01742267608642578,0.6922183595212263,0.651550615509514,7200,0.15532122560858946,0.0
36,1.285400390625,0.15006367228550987,0.09922381922431725,0.2974251830998395,0.018456019811160324,0.0,0.1380030284083051,0.1,0.0028123855590820312,0.053517818450927734,0.049825344,1.0871547,0.07962943442916201,0.0,0.0029518398503088593,0.0,200,0.01399540901184082,0.4714536261680909,0.41139248953193747,7400,0.16306241311926864,0.0
37,1.2929890155792236,0.03859337667431043,0.01895606746569551,0.058576350123413605,0.015892571194125876,0.0,0.12947908257275756,0.1,0.002640247344970703,0.053473711013793945,0.049775757,1.0368164,0.07552582865367685,0.0,0.0007571225408949103,0.0,200,0.014506340026855469,6.570968180303509,5.853577914790399,7600,0.2136638769984253,0.0
38,1.290738582611084,0.13052983636360818,0.09935948890862346,0.23357644577412864,0.01907808526730112,0.0,0.13595567336635728,0.1,0.0028200149536132812,0.057410478591918945,0.050845195,1.0548139,0.08102622942466998,0.0,0.002611953704889305,0.0,200,0.014650344848632812,0.48079967369647814,0.4656522930881653,7800,0.2733004725467368,0.0
39,1.307605504989624,0.10601682745422993,0.09060869860072694,0.23854322654491117,0.010940429977363298,0.0,0.13039299712449934,0.1,0.0027375221252441406,0.05529475212097168,0.04921292,1.6254339,0.08352528922762598,0.0,0.00208749796090197,0.0,200,0.01459503173828125,0.48698086362129445,0.4833998424198522,8000,0.374598333185083,0.0
40,1.2295663356781006,0.11743997255856829,0.0772261606907757,0.23399358731853903,0.017484253533685774,0.0,0.13565166527127545,0.1,0.0029578208923339844,0.055327415466308594,0.050534334,1.4234227,0.0869167575607202,0.0,0.00232965407192489,0.0,200,0.01467275619506836,0.396409505990813,0.38889817228478446,8200,0.37026801547440963,0.0
41,1.236293077468872,0.09129077034819029,0.043857774071338895,0.14863355357696303,0.026362278413087633,0.0,0.14746524053227225,0.1,0.0029325485229492188,0.05562305450439453,0.04998313,0.8754513,0.0873541588394672,0.0,0.0017997660188070652,0.0,200,0.015756607055664062,0.29482495577203727,0.2801670461697578,8400,0.41613714849547945,0.0
42,1.2234816551208496,0.0848123784670421,0.03253783389711528,0.13617530476484238,0.046096836800337285,0.0,0.1400448035645938,0.1,0.0029191970825195312,0.055097341537475586,0.05069261,1.1804223,0.0870999808022247,0.0,0.0016824879223305573,0.0,200,0.013382434844970703,0.22018764724387713,0.1950881717544307,8600,0.513498683247436,0.0
43,1.228280782699585,0.4073089939883445,0.3585592489136634,1.0246433751259438,0.13765162630746372,0.0,0.12954066127366404,0.1,0.0030679702758789062,0.05687999725341797,0.04846993,6.4779844,0.11912088212083669,0.0,0.008142335862684251,0.0,200,0.01597738265991211,0.798232008538224,0.7159745990598488,8800,0.5730462276503547,0.0
44,1.2557282447814941,0.2119322565456934,0.08331705787664463,0.3152723334356198,0.0893224319014018,0.0,0.13205793524398018,0.1,0.003011465072631836,0.054215192794799805,0.049668107,0.8899211,0.12840201956332237,0.0,0.004237016163031579,0.0,200,0.016666889190673828,0.3337045044336048,0.28053487076817446,9000,0.6927217082848919,0.0
45,1.2160706520080566,0.07149028500284763,0.03810685467998791,0.12754547386294415,0.02295755968947395,0.0,0.1278371911532685,0.1,0.002736806869506836,0.05475449562072754,0.049924422,1.3616955,0.1227108461072749,0.0,0.001350717019338402,0.0,200,0.016681432723999023,3.0686909171908203,3.248923000780231,9200,0.6729523582717184,0.0
46,1.269258975982666,0.0667047091016851,0.04004479093448426,0.12788938557150012,0.016784094766976784,0.0,0.13495638907075405,0.1,0.0029296875,0.053850412368774414,0.049663685,1.4289204,0.11711023240671592,0.0,0.0013336115181210935,0.0,200,0.01628255844116211,4.373702871904117,2.444133998689409,9400,0.5595258095171555,0.0
47,1.2266855239868164,0.1694728873228033,0.04772112454421827,0.2230259566870757,0.0963852391986471,0.0,0.13954048483615972,0.1,0.002949953079223633,0.05402231216430664,0.05014292,0.977619,0.12234649789832466,0.0,0.0032726738658519767,0.0,200,0.014507293701171875,0.14173998443276867,0.1686803906617484,9600,0.6589102605900147,0.0
48,1.2562317848205566,0.35079366832844516,0.15657763051916762,0.5779528582476312,0.14907015613959632,0.0,0.1333004373897045,0.1,0.0027551651000976562,0.05679607391357422,0.04946482,1.5461416,0.14519121494133672,0.0,0.007001362191091993,0.0,200,0.015621423721313477,0.5243067269439001,0.5062659240179169,9800,0.5524125679488833,0.0
49,1.2532539367675781,0.36279550429674123,0.18446035227250304,0.5558206851201608,0.1215809819239875,0.0,0.13340077179686993,0.1,0.0028247833251953125,0.05471515655517578,0.04898211,1.4894533,0.16695164387687716,0.0,0.007244543120444553,0.0,200,0.016475677490234375,0.5471872954616607,0.465935492795858,10000,0.45215419949064434,0.0
50,1.2732486724853516,0.13981895463274566,0.09348397321197574,0.2998454214713679,0.0633684130970669,0.0,0.12088363256763611,0.1,0.002859830856323242,0.05420732498168945,0.049775243,3.3044317,0.16423837495246402,0.0,0.0027023308346542383,0.0,200,0.014859676361083984,0.42266635649667333,0.5022089654365985,10200,0.5023174216600125,0.0
51,1.2952182292938232,0.28077971244697386,0.20281929301966395,0.6067185682872713,0.05696875353732405,0.0,0.12672562737048745,0.1,0.002902984619140625,0.05626559257507324,0.04858835,2.9516807,0.175892508701915,0.0,0.005604211075093209,0.0,200,0.015402793884277344,0.4484393868131108,0.4211731013220355,10400,0.5050592177777083,0.0
52,1.298534631729126,0.24519513179738506,0.1494685466048372,0.4260008960027424,0.018539275411590037,0.0,0.1312597127107658,0.1,0.0027763843536376953,0.05907297134399414,0.04919879,2.0675764,0.182822771011462,0.0,0.004909591274873918,0.0,200,0.01402139663696289,0.3575146146361409,0.3368801966831961,10600,0.36054858035601134,0.0
53,1.2996761798858643,0.1807419197506228,0.08195872822305672,0.2905576580829662,0.07261006603913481,0.0,0.13384684380109388,0.1,0.0029370784759521484,0.053110599517822266,0.04969093,1.1196591,0.18261468588537808,0.0,0.0035711147378084413,0.0,200,0.01489710807800293,0.35639749896826134,0.28648872841110057,10800,0.3013955961189172,0.0
54,1.3178493976593018,0.47289319394003304,0.23569949321806857,0.7703280937770561,0.24043465078990175,0.0,0.1361598778417987,0.1,0.002691030502319336,0.05324578285217285,0.049476095,1.1600895,0.21164253669084357,0.0,0.009425572215152167,0.0,200,0.013931035995483398,0.45939345643397705,0.3881572196714819,11000,0.3143730500369239,0.0
55,1.2920434474945068,0.09641240980123274,0.068605090262099,0.21277058678202132,0.04371117814282628,0.0,0.13254071055290254,0.1,0.002718687057495117,0.0533289909362793,0.05061211,0.8754905,0.2001195240018825,0.0,0.0019288096738906536,0.0,200,0.015239477157592773,2.350087840800534,2.5282683361639116,11200,0.4584551658965082,0.0
56,1.2988018989562988,0.19906954599925686,0.12409815915024497,0.37877244382528963,0.042913894099922134,0.0,0.1279169159640949,0.1,0.0027353763580322266,0.05738472938537598,0.050529223,1.4188347,0.20001452620161994,0.0,0.0037449682258106115,0.0,200,0.01485753059387207,0.4353865608005882,0.35034618893114855,11400,0.4014295980796771,0.0
57,1.3610038757324219,0.40443108489177715,0.6155628163886415,1.4704313330947536,0.03380577312655822,0.0,0.13264074554514835,0.1,0.002729654312133789,0.055591583251953125,0.049595803,2.104618,0.22045618207063566,0.0,0.008059731632280704,0.0,200,0.01418924331665039,0.7612189119737762,0.7541560686616452,11600,0.4140486228633207,0.0
58,1.3785815238952637,0.4661767797528472,0.3705472416307946,1.0960394361076922,0.17211692279904525,0.0,0.12744249854732226,0.1,0.0027971267700195312,0.053160667419433594,0.04846467,2.061997,0.24502824183885685,0.0,0.009327761074651546,0.0,200,0.014049053192138672,0.5894644921451057,0.5334477475335643,11800,0.45684560571181976,0.0
59,1.3239004611968994,0.3174075617380654,0.1990718883490273,0.6620299956428461,0.1929523240741244,0.0,0.13367384183107936,0.1,0.0027124881744384766,0.053140878677368164,0.04977815,2.6687675,0.2522661738287777,0.0,0.00634313226791734,0.0,200,0.01457667350769043,0.3809704986951555,0.4093630263930924,12000,0.666745576094364,0.0
60,1.2401361465454102,0.0800738785502896,0.047210692334670686,0.14491373527227508,0.013878989617470463,0.0,0.13237980234192978,0.1,0.0030727386474609375,0.055631399154663086,0.049917188,0.89240783,0.2350469443009289,0.0,0.001581437203500808,0.0,200,0.026012897491455078,10.17341107922697,8.268921293710255,12200,0.44981457323555857,0.0
61,1.247255802154541,0.1890259623512972,0.13016810031834905,0.3745670154331057,0.03470031741589083,0.0,0.13374617905926373,0.1,0.004171848297119141,0.05429863929748535,0.049680375,1.186698,0.23044484610596572,0.0,0.003776966051029111,0.0,200,0.015512228012084961,0.7434896160732211,0.4584531159011352,12400,0.3980129507715471,0.0
62,1.2364885807037354,0.42543627222708813,0.21671984128940686,0.788879780670118,0.22362705310922026,0.0,0.12847976392762167,0.1,0.002968311309814453,0.056911468505859375,0.049332906,1.6903871,0.24994398871807796,0.0,0.008477133143565178,0.0,200,0.014791250228881836,0.35549855637176864,0.38660802741072775,12600,0.6392006864740933,0.0
63,1.2487645149230957,0.28686524388979173,0.23046899366312476,0.6536551814492945,0.06211056186920595,0.0,0.12437705927028775,0.1,0.0028662681579589844,0.05472540855407715,0.050050627,1.8559612,0.25363611423524934,0.0,0.005737186960841061,0.0,200,0.01549839973449707,0.42986996819818124,0.4229631860704293,12800,0.8732812867667593,0.0
64,1.27827787399292,0.270319479398971,0.14320457644185758,0.5134244031440298,0.1521142500060539,0.0,0.13985576542350203,0.1,0.0028421878814697266,0.05629444122314453,0.050138548,1.3242214,0.2553044507516215,0.0,0.0052790529909671645,0.0,200,0.017754554748535156,0.28721522766622753,0.2765556514830731,13000,0.9834896914633929,0.0
65,1.306143045425415,0.29887341418572955,0.16244731167422216,0.501874918722559,0.06992688494775667,0.0,0.12953813735884764,0.1,0.002822399139404297,0.05533623695373535,0.049552783,2.0427115,0.2596613470950323,0.0,0.005979633731838576,0.0,200,0.015124797821044922,0.28493237605404587,0.2766155679031709,13200,0.8770425386243946,0.0
66,1.2574453353881836,0.4976800354377318,0.3182352625923263,1.0065805455593981,0.12864440003620273,0.0,0.12714867417929046,0.1,0.002779245376586914,0.053803443908691406,0.04990404,2.6758926,0.28346321592930224,0.0,0.009948611078235328,0.0,200,0.015059471130371094,0.4694303128402113,0.4293001766345316,13400,1.2378129720015048,0.0
67,1.2760908603668213,0.326170109848034,0.4046275680890191,1.02279094727621,0.05173297678846751,0.0,0.1259818149034406,0.1,0.0028107166290283203,0.05424976348876953,0.049641103,3.2779505,0.28773390532117543,0.0,0.006460029903366398,0.0,200,0.015326976776123047,0.6337589879183725,0.6308045799292039,13600,1.3951043458575978,0.0
68,1.3382368087768555,0.4656637283575019,0.2763709393266861,0.8932906234922311,0.17944645334976567,0.0,0.13170440882910536,0.1,0.002944469451904297,0.05451202392578125,0.049280938,1.4407425,0.3055268876248081,0.0,0.00930951347565495,0.0,200,0.016865968704223633,0.36900027760516485,0.33367161039351106,13800,1.7421499655915957,0.0
69,1.2685019969940186,0.35729297424269885,0.2630271504905459,0.707692556488355,0.03723464026380861,0.0,0.14022541917504835,0.1,0.002860546112060547,0.0556943416595459,0.04992654,0.93220156,0.3107034962865972,0.0,0.007073342883405028,0.0,200,0.014514446258544922,0.4054933293115494,0.40914534069670916,14000,1.5555368908817042,0.0
70,1.3195605278015137,0.1644965637150032,0.13226150922652097,0.39217371173761983,0.07244244301253724,0.0,0.13636655296486952,0.1,0.002895832061767578,0.0545654296875,0.051124893,0.9124903,0.2960828030294378,0.0,0.003221556642384318,0.0,200,0.017708301544189453,1.8201318017917971,1.07559583794177,14200,1.5777456832953536,0.0
71,1.3209502696990967,0.47762220107152087,0.4146731453033763,1.1571246692309245,0.03870107105825813,0.0,0.1346998315548525,0.1,0.0027866363525390625,0.05862259864807129,0.05014556,1.3440185,0.3142367428336461,0.0,0.009506569619584118,0.0,200,0.015732765197753906,0.4617163698728654,0.4780327935107153,14400,1.431412142983454,0.0
72,1.330479383468628,0.9680233502319018,1.0595094415116626,2.7919979918344606,0.2534686140047896,0.0,0.12709871448758062,0.1,0.0027904510498046875,0.05440783500671387,0.049638573,3.4523098,0.3796154035734717,0.0,0.019115743132890908,0.0,200,0.015448808670043945,0.765111804883925,0.7046163112220118,14600,0.8514114986515305,0.0
73,1.3186228275299072,0.438181952251829,0.20373801560560068,0.7428038655796203,0.206081787845535,0.0,0.13023716890425585,0.1,0.0029425621032714844,0.05522298812866211,0.050096456,1.1517642,0.3854720584413074,0.0,0.00864926265680661,0.0,200,0.01405954360961914,0.23622200415473363,0.29349783381464983,14800,0.9536778599176645,0.0
74,1.3243651390075684,0.30365833547116666,0.23197895950749234,0.694876945802488,0.09281974702866441,0.0,0.12935548116324835,0.1,0.0027785301208496094,0.05379033088684082,0.050294638,1.51996,0.3772906861442933,0.0,0.0060661081694603335,0.0,200,0.01620173454284668,0.8178840477959282,0.8054176700833928,15000,1.0361512886812945,0.0
75,1.375685691833496,0.19055593812429492,0.12094299963445183,0.3948074779697843,0.09417597263987341,0.0,0.13208733168146464,0.1,0.002777099609375,0.05308055877685547,0.050098382,0.9966589,0.35861721134229346,0.0,0.0038092789776585528,0.0,200,0.01573038101196289,2.934257712714289,1.6296774021622449,15200,1.2676494154662625,0.0
76,1.346756935119629,0.35512149542188376,0.23785638893061423,0.7566526041333366,0.1450753281427235,0.0,0.1359466331666973,0.1,0.00474095344543457,0.061762332916259766,0.049359366,1.5483615,0.3582676397502525,0.0,0.007015987508318653,0.0,200,0.014161825180053711,0.40299443003881313,0.37382924341599294,15400,1.1353958851868133,0.0
77,1.3304595947265625,0.3142510055384766,0.2526449928119875,0.6246699027647309,0.019065743520846428,0.0,0.13053474739349905,0.1,0.00269317626953125,0.05343747138977051,0.049913626,1.2228577,0.3538659763290749,0.0,0.006215015352478788,0.0,200,0.01574563980102539,0.4232403836151965,0.42558075217685715,15600,1.9668521448759224,0.0
78,1.27103590965271,0.17967543075674197,0.07727275230648326,0.27954532792043846,0.0883256594569498,0.0,0.1256986187515014,0.1,0.0029931068420410156,0.05471491813659668,0.04995551,1.5902094,0.33644692177184166,0.0,0.0035804837588219447,0.0,200,0.018703222274780273,0.5586388351488613,0.3222726130952855,15800,1.762252292202687,0.0
79,1.2755770683288574,0.4885349416094513,0.10422076741067225,0.6030549179537014,0.3459456794595038,0.0,0.1350537813689007,0.1,0.002969980239868164,0.05619955062866211,0.04993445,1.1989205,0.35165572375560267,0.0,0.009646028013497978,0.0,200,0.015056133270263672,0.35276189350508136,0.33034944486391293,16000,1.4068008040624578,0.0
80,1.2907824516296387,0.43959138500184286,0.2581725560047915,0.8503545080474952,0.1866571499872138,0.0,0.1453049903766074,0.1,0.0029206275939941406,0.05475735664367676,0.049175285,1.0453244,0.3604492898802267,0.0,0.00868018865403123,0.0,200,0.015848875045776367,0.4411018369744481,0.3827583071290193,16200,2.1816930933610017,0.0
81,1.2937743663787842,0.7284753845585872,0.35760435172588434,1.1018641088943832,0.3302687491259874,0.0,0.12053140729548031,0.1,0.0030155181884765625,0.056717872619628906,0.0492552,1.7222563,0.39725189934806276,0.0,0.014433329976826073,0.0,200,0.01488494873046875,0.49528261452861183,0.4250554572740261,16400,1.9124513996449526,0.0
82,1.329289436340332,0.3499821391488388,0.21484421556549843,0.6609889691786802,0.06272997346185764,0.0,0.12863169566132876,0.1,0.0027878284454345703,0.05972909927368164,0.05055313,1.2627777,0.3925249233281404,0.0,0.006979737996620673,0.0,200,0.01985645294189453,0.30859887364363053,0.33474330373814165,16600,1.768560634843138,0.0
83,1.3225047588348389,0.49784896578411936,0.36268725053777257,1.1162684897812902,0.2042162738029993,0.0,0.12447423657161355,0.1,0.0031044483184814453,0.05467987060546875,0.051009964,2.928769,0.4030573275737383,0.0,0.009845583000981189,0.0,200,0.01532602310180664,0.39063714074506717,0.3751811229348032,16800,1.2220174359530014,0.0
84,1.3186993598937988,0.3251366511065144,0.13377056887928604,0.44752138820309045,0.10004569464112975,0.0,0.13650807864139533,0.1,0.002860546112060547,0.05491352081298828,0.050325874,0.925338,0.39526525992701594,0.0,0.00640833148145316,0.0,200,0.016590356826782227,0.3397409653639525,0.33471933536482706,17000,1.281300223607361,0.0
85,1.3145451545715332,0.6409531073077864,0.862460684523357,2.1225735176376337,0.025988383719176944,0.0,0.13331941045653975,0.1,0.002819061279296875,0.054669857025146484,0.050069533,1.5767276,0.419834044665093,0.0,0.012673156369751113,0.0,200,0.021380901336669922,0.7148556226498097,0.7051730424791667,17200,1.1389923400014486,0.0
86,1.342674732208252,0.8861830057335065,0.5001211967446955,1.7098936051146403,0.44462994535973227,0.0,0.12842858296964701,0.1,0.002797365188598633,0.05539751052856445,0.049285237,1.7400595,0.46646894077193435,0.0,0.017554050170946498,0.0,200,0.014906883239746094,0.4363859349887155,0.3799734486335938,17400,1.5730917903276573,0.0
87,1.350445032119751,0.2779631882958241,0.1752792515096962,0.5731165545813688,0.12592831355718145,0.0,0.13950914836506464,0.1,0.002887725830078125,0.054834842681884766,0.049874067,1.3163947,0.4476183655243233,0.0,0.005374988819597033,0.0,200,0.014530658721923828,1.2017188016577907,1.2887249454652707,17600,1.8204499274194215,0.0
88,1.3571453094482422,0.4177051459418394,0.253774625320744,0.7100523115915232,0.14933127371843857,0.0,0.1239752735879126,0.1,0.002922534942626953,0.058042049407958984,0.050292775,1.1955423,0.44462704356607496,0.0,0.008310857470595531,0.0,200,0.01446676254272461,0.5042902559424691,0.3816206336885465,17800,1.2503273664797778,0.0
89,1.3062069416046143,0.34560924558271616,0.2438139248127888,0.7338021880609883,0.0729480160823698,0.0,0.13991963350128686,0.1,0.002701282501220703,0.05460524559020996,0.049425393,1.0980669,0.4347252637677391,0.0,0.0069032662971674425,0.0,200,0.014502286911010742,0.6397774199719302,0.43997255767652876,18000,0.8314208832275684,0.0
90,1.3518528938293457,0.39368594140977325,0.25307224044608323,0.6969787409661281,0.07963111886644123,0.0,0.13310454439831415,0.1,0.0027048587799072266,0.054087162017822266,0.050290417,0.83726317,0.43062133153194254,0.0,0.007831518735113056,0.0,200,0.015970468521118164,0.3629668778430674,0.3577516612713003,18200,1.124852721530345,0.0
91,1.3594636917114258,0.19865993841475676,0.15450351449421612,0.4478634312171302,0.0668515533891569,0.0,0.13125404628718126,0.1,0.002737283706665039,0.05507683753967285,0.05005285,1.8274873,0.407425192220224,0.0,0.003907332956122906,0.0,200,0.015995502471923828,0.9929816621849366,0.6718772628401869,18400,0.9524010923226053,0.0
92,1.4702799320220947,0.3126201516563215,0.16507493587013733,0.46649935471616377,0.03628869834168095,0.0,0.13689377765579694,0.1,0.0029664039611816406,0.06103777885437012,0.049944866,0.94329405,0.39794468816383377,0.0,0.006003344687735021,0.0,200,0.017822742462158203,0.3174201208524683,0.342779307355535,18600,1.1893834485258319,0.0
93,1.2742950916290283,0.7555984702408147,0.443356676411791,1.2263411147824586,0.028700534093905772,0.0,0.12994758009095747,0.1,0.0028171539306640625,0.05436086654663086,0.050299082,1.0622749,0.43371006637153187,0.0,0.015025532606884802,0.0,200,0.015779972076416016,0.5878774732056075,0.5333040862070848,18800,1.209237870008591,0.0
94,1.3213493824005127,0.43893913792355965,0.12598153871137396,0.5453524783970988,0.23048873811240575,0.0,0.13197804016834477,0.1,0.0028917789459228516,0.055474281311035156,0.049052924,1.1007361,0.4342329735267347,0.0,0.008677194632603864,0.0,200,0.014225244522094727,0.20530428393409703,0.15837288685417023,19000,1.6152276995641586,0.0
95,1.287688970565796,0.5656381233355114,0.3536320003576584,0.9778989742324613,0.18715318991680152,0.0,0.13039470444065893,0.1,0.002946615219116211,0.053972721099853516,0.049258098,1.322636,0.4473734885076124,0.0,0.011301159089535318,0.0,200,0.01596212387084961,0.38760438881905596,0.3556782959697786,19200,1.3455597569970619,0.0
96,1.3026597499847412,0.43367733384302004,0.313968813348039,0.94274586784063,0.09653100956447815,0.0,0.11937535987104737,0.1,0.002867460250854492,0.056555986404418945,0.050136954,3.1887374,0.44600387304115313,0.0,0.008644058595361982,0.0,200,0.014001607894897461,0.39500212870954743,0.4047188929978844,19400,1.1086592274497353,0.0
97,1.275512933731079,0.42401135876440266,0.283842320533819,0.8125749953822042,0.11987914310209746,0.0,0.12593642230214191,0.1,0.0028340816497802734,0.055213212966918945,0.050050173,1.414234,0.4438046216134781,0.0,0.008468879032332769,0.0,200,0.015281200408935547,0.39177177256879764,0.39257011680936343,19600,1.1307462043362504,0.0
98,1.3272457122802734,0.8324910184158459,0.720317153022067,1.9988005158206543,0.18938705327473648,0.0,0.1285920829596896,0.1,0.0028371810913085938,0.05597186088562012,0.049434625,2.007987,0.4826732612937149,0.0,0.01662389747972213,0.0,200,0.014531612396240234,0.5591146224263114,0.5311253858495144,19800,0.8530452467840087,0.0
99,1.3422441482543945,0.4323303594609786,0.3102029182738615,0.9621846305644354,0.1734670656581166,0.0,0.14008742093008267,0.1,0.002771139144897461,0.054880619049072266,0.050490703,1.4556136,0.4776389711104413,0.0,0.008610935207157331,0.0,200,0.014532089233398438,0.4366284053834437,0.46358405541527375,20000,1.1257614043587953,0.0
100,1.337388038635254,0.4021161403636254,0.29941994842581976,0.7923101569807979,0.07580365430041494,0.0,0.13665372667568146,0.1,0.0027942657470703125,0.05544853210449219,0.04965898,1.1034749,0.4700866880357597,0.0,0.008019696748498766,0.0,200,0.015323162078857422,0.44607053658271584,0.4494283874686032,20200,1.0436330406392298,0.0
101,1.3069846630096436,0.692225408465774,0.48702862219809473,1.4228795235967637,0.15340322378327803,0.0,0.12249793286497024,0.1,0.003519773483276367,0.05537080764770508,0.04947793,2.2128153,0.49230056007876116,0.0,0.013699680908696714,0.0,200,0.015565633773803711,0.4169187447729427,0.4089289248271288,20400,0.7917325168115047,0.0
102,1.3323121070861816,0.5983832149887623,0.26813397824785595,1.0554485318816123,0.36974113708266165,0.0,0.1365549592822045,0.1,0.0027303695678710938,0.054540157318115234,0.050163317,2.2632713,0.5029088255697612,0.0,0.011933562462607268,0.0,200,0.015280723571777344,0.20462890967944933,0.20179063440985892,20600,0.7698690066877716,0.0
103,1.3248744010925293,0.6192300745917252,0.5375283932059315,1.4785875007312268,0.07689318445210891,0.0,0.12952672716639216,0.1,0.0028197765350341797,0.05500388145446777,0.0498944,1.9937912,0.5145409504719577,0.0,0.012183138725401527,0.0,200,0.01818704605102539,0.4626236779724639,0.45866994145093615,20800,0.5285966977519242,0.0
104,1.337921142578125,0.6324267524535082,0.5719008906467724,1.6221438296634503,0.2699778955315407,0.0,0.13317467126751348,0.1,0.0027828216552734375,0.05483078956604004,0.050155737,2.0681243,0.5263295306701128,0.0,0.012646311142632618,0.0,200,0.015168905258178711,0.4824347985296878,0.4805792573871289,21000,0.8122914000322575,0.0
105,1.311584234237671,0.2904280345743038,0.2931981438226728,0.7925368933191548,0.06273037313116626,0.0,0.12870591702720238,0.1,0.0030107498168945312,0.0563812255859375,0.048654374,1.8814151,0.5027393810605318,0.0,0.005699595585918787,0.0,200,0.015459537506103516,0.9723565617962815,0.8510795893763737,21200,0.7001250282967572,0.0
106,1.3486530780792236,0.4792867900683671,0.2326141675511901,0.85646724653371,0.2502998579628474,0.0,0.1373374759459589,0.1,0.0027000904083251953,0.05337977409362793,0.050290376,1.262928,0.5003941219613154,0.0,0.009397555464191226,0.0,200,0.016314268112182617,0.261070134718545,0.24453098434783746,21400,0.8719297268487045,0.0
107,1.351036548614502,0.9724214482810912,0.7018564808229117,2.0287279400435567,0.29365454800905216,0.0,0.12258806725196915,0.1,0.0027174949645996094,0.053087711334228516,0.05012988,1.8668059,0.547596854593293,0.0,0.019230215837563097,0.0,200,0.014637231826782227,0.5234913738218423,0.5008658051912108,21600,0.8374263074853019,0.0
108,1.396881341934204,0.8064155953440517,0.4790365617194181,1.594670391515567,0.40295281708846015,0.0,0.13738259532198968,0.1,0.0027785301208496094,0.053854942321777344,0.049901403,1.5291219,0.5734787286683689,0.0,0.01599208103309102,0.0,200,0.014703035354614258,0.36348679082036084,0.3383318744454387,21800,0.6804881696219095,0.0
109,1.3516805171966553,0.29012430486143614,0.08596393643814927,0.4118656734514094,0.2034609700057975,0.0,0.1314741462462311,0.1,0.008049964904785156,0.053511857986450195,0.049525782,1.801085,0.5451432862876757,0.0,0.005742149158974616,0.0,200,0.015338659286499023,1.1497940262897166,1.2039613791395902,22000,0.43225085754700415,0.0
110,1.2833988666534424,0.6637252746377715,0.22405592305958372,0.8403472306959966,0.27977461556234795,0.0,0.13726293060485584,0.1,0.003378629684448242,0.05795550346374512,0.04993521,0.9249485,0.5570014851226853,0.0,0.01305033952125714,0.0,200,0.01788783073425293,0.1576600827362362,0.15406185137522174,22200,0.315678738091035,0.0
111,1.3441095352172852,0.6790979985824479,0.08462119349584969,0.7795144120324986,0.5554272954138504,0.0,0.13902269913480808,0.1,0.0028009414672851562,0.05435037612915039,0.04992586,0.857918,0.5692111364686615,0.0,0.013334356191057037,0.0,200,0.014494180679321289,0.06006118513975489,0.05893954148164306,22400,0.33209172434898976,0.0
112,1.3774607181549072,0.6399385842226512,0.5213500348881569,1.4909324512409352,0.14917911130782674,0.0,0.13001314129985073,0.1,0.0029528141021728516,0.05644869804382324,0.04943512,1.3792801,0.5762838812440605,0.0,0.012591133010118709,0.0,200,0.0167086124420166,0.4294357929123795,0.4190682463316261,22600,0.2764379698093561,0.0
113,1.33134126663208,0.4845731803289811,0.4596258055037895,1.1855447118929794,0.067567753862544,0.0,0.12936851864166576,0.1,0.002954721450805664,0.058779239654541016,0.049880646,1.0855323,0.5671128111525525,0.0,0.009656293849234821,0.0,200,0.016414403915405273,0.5191805436181008,0.5222993731424275,22800,0.20634556137281926,0.0
114,1.3478279113769531,0.744513540799706,0.1165478023413021,0.8940474429217957,0.5881280866695534,0.0,0.13828962724026783,0.1,0.002836942672729492,0.054106712341308594,0.04986841,0.81485885,0.5848528841172679,0.0,0.014787336033029064,0.0,200,0.01373910903930664,0.07706402008456675,0.0730504770775042,23000,0.3259164813274067,0.0
115,1.3121256828308105,0.7713913778481862,0.48547615449991166,1.5259962906440447,0.24436043049734285,0.0,0.12448704425946715,0.1,0.0028209686279296875,0.05336785316467285,0.0495068,1.9765106,0.6035067334903598,0.0,0.015246441397522067,0.0,200,0.014345407485961914,0.34919107664869875,0.33582620968637833,23200,0.25372808510979405,0.0
116,1.3111345767974854,0.8115780174971551,0.25839628226382605,1.2252308837103318,0.5854876270970507,0.0,0.1280527275625347,0.1,0.0027976036071777344,0.06063961982727051,0.04966329,2.4789345,0.6243138618910393,0.0,0.016022943773608002,0.0,200,0.015030860900878906,0.1739002274200853,0.1567205822935493,23400,0.35114647622994766,0.0
117,1.3418495655059814,0.16874928762819963,0.063777967078048,0.26832480892077093,0.11236525146702055,0.0,0.1317164206552933,0.1,0.002918720245361328,0.05476880073547363,0.050317172,1.0103303,0.5787574044647553,0.0,0.003296198349200194,0.0,200,0.01389312744140625,10.253862490091926,7.789027338929619,23600,0.4179902444238978,0.0
118,1.344372034072876,1.196179374531009,0.5821778198501112,1.739034432415013,0.24864204348044727,0.0,0.13581398761445837,0.1,0.002816438674926758,0.05483508110046387,0.05048697,0.8890209,0.6404996014713807,0.0,0.02362164123877853,0.0,200,0.014193058013916016,0.3826257068718859,0.3774555054688213,23800,0.6398111923294757,0.0
119,1.3512458801269531,0.7714979935903878,0.3784434945039533,1.3306792055501608,0.27036427798025664,0.0,0.13444326004818008,0.1,0.003413677215576172,0.054045915603637695,0.049652066,1.208422,0.6535994406832815,0.0,0.01510375820320613,0.0,200,0.014902830123901367,0.23036798206967934,0.21628140423514783,24000,0.40259449271047876,0.0
120,1.358497142791748,0.6543322017744316,0.4427462703485418,1.293136749198523,0.12125267814870626,0.0,0.13386669747282387,0.1,0.0028786659240722656,0.05588507652282715,0.050437167,1.1793708,0.6536727167923965,0.0,0.013066840691781326,0.0,200,0.016442060470581055,0.3671592496332772,0.37552369579220446,24200,0.20346864178220303,0.0
121,1.3457882404327393,0.8289882269663712,0.7326902115738434,2.070520191416031,0.23626438471412353,0.0,0.1260760919595347,0.1,0.0028498172760009766,0.053957462310791016,0.049896255,5.220268,0.671204267809794,0.0,0.016367876824161857,0.0,200,0.014280557632446289,0.4730394178711598,0.468847014342532,24400,0.18622087299936285,0.0
122,1.3614470958709717,0.6228831746568025,0.3045071860015871,1.087359728193479,0.33631446106971474,0.0,0.13682350618868971,0.1,0.0028090476989746094,0.05430245399475098,0.049872484,0.91720873,0.6663721584944948,0.0,0.012271636779570286,0.0,200,0.0163726806640625,0.26795274210855663,0.25185553787679266,24600,0.18423434874867914,0.0
123,1.3820827007293701,0.8563158546350839,0.5564243011365443,1.6897978050576208,0.22940991727324034,0.0,0.1262695209120095,0.1,0.0028657913208007812,0.05408644676208496,0.050145846,1.7600011,0.6853665281085537,0.0,0.017057798552089772,0.0,200,0.015254020690917969,0.34299966982958385,0.338681269598993,24800,0.1900278148464808,0.0
124,1.3647701740264893,0.37717330480925076,0.10754911569238895,0.5486206126189986,0.2514002769326935,0.0,0.12520758996697315,0.1,0.0027778148651123047,0.05466508865356445,0.04986695,1.4438618,0.6545472057786235,0.0,0.007449050743925367,0.0,200,0.01456761360168457,0.883686610984476,0.6201542697987656,25000,0.10781039144959742,0.0
125,1.3896372318267822,0.9896880042883143,0.7383581129409283,1.9760616512032987,0.10301222698179076,0.0,0.13512630675124454,0.1,0.0029976367950439453,0.05584597587585449,0.05023317,1.1744095,0.6880612856295927,0.0,0.019461498526904764,0.0,200,0.015113353729248047,0.4566305598520279,0.45330044081558163,25200,0.19601353369027052,0.0
126,1.4053852558135986,0.5621584755863577,0.43109251840780616,1.257485409720257,0.17569775424619782,0.0,0.12440408751169062,0.1,0.0028448104858398438,0.05279350280761719,0.049738277,1.9564236,0.6754710046252692,0.0,0.01087712893296108,0.0,200,0.01666712760925293,0.4334848756123442,0.42996977160659877,25400,0.19177855707573854,0.0
127,1.4053010940551758,1.136616127732982,0.5133207626706385,1.6592057115224432,0.32762722917980786,0.0,0.12560288453069554,0.1,0.002941131591796875,0.05459094047546387,0.04922509,1.4947537,0.7215855169360406,0.0,0.022482472563412147,0.0,200,0.016959667205810547,0.3154048900847786,0.288582349469935,25600,0.24275946030472229,0.0
128,1.416778326034546,0.5498983483000007,0.20695745117719785,0.882232148207967,0.3539147297164805,0.0,0.12350144942698539,0.1,0.002756357192993164,0.055315256118774414,0.05069174,15.042067,0.7044168000724366,0.0,0.010948076966952764,0.0,200,0.014407634735107422,0.28135601447349956,0.30991268423241136,25800,0.2763831667187251,0.0
129,1.3950512409210205,0.9887436616719425,0.7158297147917974,2.1992109236581383,0.3518696927439606,0.0,0.12303564552587463,0.1,0.002731800079345703,0.05425524711608887,0.04947258,3.5485375,0.7328494862323872,0.0,0.019563489441008858,0.0,200,0.015016317367553711,0.39397520160841065,0.3821980409272549,26000,0.18696068429339752,0.0
130,1.3320143222808838,0.9633260501741876,0.3430957220924973,1.2626540100284267,0.3882975409475883,0.0,0.1298990934807673,0.1,0.0029494762420654297,0.05664563179016113,0.050621856,0.7884877,0.7558971426265673,0.0,0.018921077431023333,0.0,200,0.015495777130126953,0.1632701952490989,0.15139837394357097,26200,0.5864268532111429,0.0
131,1.4126534461975098,1.3370858125225904,0.9716166259399251,2.4743334946465088,0.31980707414489096,0.0,0.13506322027672604,0.1,0.005017518997192383,0.05766940116882324,0.049772862,1.1708325,0.8140160096161696,0.0,0.026577077248222107,0.0,200,0.014462947845458984,0.44173159165160825,0.39632664268024353,26400,0.4258081569283007,0.0
132,1.341869592666626,0.8631310319157511,1.0013197289347846,2.589620584388208,0.13673135028026526,0.0,0.12213151546055173,0.1,0.002984285354614258,0.0546114444732666,0.04981302,2.5885732,0.8189275118461278,0.0,0.016601473283047116,0.0,200,0.01542973518371582,0.5827305292690456,0.5926129938503129,26600,0.41842140030413083,0.0
133,1.3688979148864746,1.1483483145342055,0.9099540805413496,2.1193644847494455,0.18897903595485716,0.0,0.1297495421777242,0.1,0.0027887821197509766,0.05378580093383789,0.049987778,1.3824813,0.8518695921149355,0.0,0.02292891120583515,0.0,200,0.014800786972045898,0.4253927274046731,0.4223128609571648,26800,0.4378941060956261,0.0
134,1.3482599258422852,0.8894106190429218,0.7092855760551707,1.9828849350756805,0.15225607506579894,0.0,0.13205685906534487,0.1,0.0028340816497802734,0.060092926025390625,0.04948243,1.4730967,0.8556236948077341,0.0,0.01766499403557569,0.0,200,0.016475915908813477,0.49155147310739994,0.4652788599538533,27000,0.23327740585796317,0.0
135,1.3486311435699463,0.7051632408659401,0.2799237808204368,1.0620782359302492,0.42321087852007777,0.0,0.1376755655052727,0.1,0.002802610397338867,0.05577993392944336,0.050095502,0.9042926,0.8405776494135547,0.0,0.014055647733785518,0.0,200,0.01433420181274414,0.46547776188815543,0.29503896985286165,27200,0.4185070047464014,0.0
136,1.348902940750122,0.7226741574315554,0.3999843212957777,1.286408119430962,0.16266669266662212,0.0,0.13174947149423524,0.1,0.002779722213745117,0.05447220802307129,0.049864016,0.9434891,0.8287873002153548,0.0,0.013974943148532721,0.0,200,0.016703367233276367,0.3134289863826461,0.2542964339367348,27400,0.2177756882612517,0.0
137,1.341810703277588,0.6477453710570901,0.4341581254830432,1.3176638799944935,0.11871632813679556,0.0,0.12687429617491994,0.1,0.002784252166748047,0.05332827568054199,0.049093753,1.487825,0.8106831072995284,0.0,0.012815450752442437,0.0,200,0.01465916633605957,0.38424292381100944,0.3321456029010076,27600,0.3288447605049856,0.0
138,1.3590202331542969,1.2075138820230584,0.5311035412180048,1.9170796067785691,0.6398433549778759,0.0,0.1345896917699536,0.1,0.0027332305908203125,0.05375790596008301,0.05002247,1.8438427,0.8503661847718815,0.0,0.023843238389923346,0.0,200,0.016524314880371094,0.3488338654032105,0.33494388775889644,27800,0.23242320207083775,0.0
139,1.360400676727295,0.767157850549466,0.563670001363497,1.585592926629784,0.07673589180926421,0.0,0.12536528482720563,0.1,0.0028839111328125,0.05497860908508301,0.049764782,2.3052447,0.84204535134964,0.0,0.01526220861241548,0.0,200,0.014906883239746094,0.37985373548268625,0.370047465209045,28000,0.41038394436375175,0.0
140,1.4496629238128662,1.0915903731724381,0.5640490737715809,1.9177989979411916,0.37212557673542107,0.0,0.12708096849052958,0.1,0.0028007030487060547,0.05393171310424805,0.05024126,1.1998587,0.8669998535319199,0.0,0.021522558335942084,0.0,200,0.014345407485961914,0.3257098312135666,0.3012273163022963,28200,0.7209421881996801,0.0
141,1.4138026237487793,0.5617631709628247,0.49604876121694647,1.4174160039605266,0.22875613888374025,0.0,0.12575274304256956,0.1,0.0027382373809814453,0.05498909950256348,0.049043484,1.884352,0.8364761852750103,0.0,0.011146506190874421,0.0,200,0.01579880714416504,0.5871101438846057,0.6002532275393203,28400,0.6413327080197667,0.0
142,1.4105286598205566,0.628356719870129,0.2879880469612428,0.9353766762344519,0.1904508640759879,0.0,0.12657961231825676,0.1,0.002932310104370117,0.05474209785461426,0.04963453,1.0327358,0.8156642387345222,0.0,0.012410273295125045,0.0,200,0.01644754409790039,0.2572288144729293,0.22688159149283474,28600,0.41864391845109283,0.0
143,1.458707332611084,0.7100444885350351,0.4943521413889696,1.5206334199639202,0.20297213141561368,0.0,0.12606283533988483,0.1,0.0028803348541259766,0.054843902587890625,0.04952129,2.363031,0.8051022637145735,0.0,0.014002490244097615,0.0,200,0.016294002532958984,0.3674718406529022,0.3623270643545426,28800,0.3075748635923614,0.0
144,1.435044288635254,0.40810720828486713,0.23473045731351735,0.7847869028254868,0.1873562803453077,0.0,0.12512611846456173,0.1,0.0028116703033447266,0.05680370330810547,0.049896684,1.6019896,0.7654027581716029,0.0,0.00814136443368284,0.0,200,0.014365434646606445,0.6866889023022429,0.46872305077915843,29000,0.5033884923197524,0.0
145,1.4323680400848389,0.5873447392993185,0.44982206784571543,1.2956559538122536,0.055748421495803786,0.0,0.14053791695660955,0.1,0.002841472625732422,0.05406022071838379,0.049940463,0.91749936,0.7475969562843744,0.0,0.01161414722534331,0.0,200,0.01513051986694336,0.404902155291314,0.3927764218516205,29200,1.051209600306539,0.0
146,1.4418790340423584,1.1102230620992242,0.5248412175994348,1.863933618323349,0.6014066960492177,0.0,0.12723919230396652,0.1,0.002790689468383789,0.05301046371459961,0.049510527,1.4560928,0.7838595668658594,0.0,0.021998071498853827,0.0,200,0.016405344009399414,0.40729890734498214,0.38038264810978983,29400,0.20649898343184928,0.0
147,1.407712459564209,0.4440795417130369,0.5690027883897812,1.4271771575446006,0.07161757548112312,0.0,0.13248081471940917,0.1,0.002846240997314453,0.05537080764770508,0.049676366,1.7196324,0.7498815643505773,0.0,0.008813235008709938,0.0,200,0.01685309410095215,0.7198293525626296,0.7391662272317034,29600,0.4335313845090123,0.0
148,1.3340389728546143,0.3932215328960427,0.4022602554689546,1.0738846835072051,0.035233154977096774,0.0,0.12722740664950014,0.1,0.0030150413513183594,0.05594587326049805,0.049586758,1.5211047,0.7142155612051239,0.0,0.007563521526462116,0.0,200,0.016021251678466797,0.781690894875292,0.7410876139297021,29800,0.34340514372146136,0.0
149,1.3685534000396729,1.2325439199041135,0.9387922599417796,2.799918095765579,0.4274318163204907,0.0,0.12515861131717673,0.1,0.0029866695404052734,0.05550074577331543,0.049915772,1.8369281,0.7660483970750228,0.0,0.02430813431670662,0.0,200,0.0427393913269043,0.5651234723581492,0.5462281034695234,30000,0.3985814055582064,0.0
150,1.3658819198608398,0.9298167596799067,0.48812811789401367,1.6479869065884793,0.2744393562808141,0.0,0.1342248662066846,0.1,0.003046274185180664,0.05454897880554199,0.050125256,1.7565391,0.7824252333355112,0.0,0.018386822239139403,0.0,200,0.015259742736816406,0.3069727417489999,0.2693574201476756,30200,0.24625106974120978,0.0
151,1.3430933952331543,0.7927457495867674,0.32141464631490024,1.1426423085615431,0.3603483039697107,0.0,0.1271969166492989,0.1,0.0027980804443359375,0.05553245544433594,0.050329972,1.0224191,0.7834572849606368,0.0,0.015819147258396917,0.0,200,0.017012596130371094,0.2115564068214853,0.21450975089132887,30400,0.38172833538483947,0.0
152,1.3959176540374756,1.090345987508895,0.4591336795406718,1.83566075676312,0.5816514010237511,0.0,0.12312461877244864,0.1,0.002746105194091797,0.05756115913391113,0.05005414,1.7317822,0.8141461552154626,0.0,0.021653962597940238,0.0,200,0.015072822570800781,0.23504741557361888,0.2052802995376497,30600,0.09111395135885987,0.0
153,1.3719453811645508,0.892223377450254,0.5923949268926518,1.8460239963685139,0.3110167331222244,0.0,0.1265218158447152,0.1,0.0029463768005371094,0.05496573448181152,0.050418407,1.9129989,0.8219538774389418,0.0,0.017659548750029883,0.0,200,0.015272140502929688,0.32932060074618896,0.3281812117673497,30800,0.11876578319378948,0.0
154,1.3729937076568604,0.6935857832569708,0.5881500859392852,1.6643442278386384,0.08441749809743732,0.0,0.1268462732566905,0.1,0.0028908252716064453,0.05481433868408203,0.049786318,1.7925482,0.8091170680207447,0.0,0.01375137109515032,0.0,200,0.015165567398071289,0.5741134795259133,0.5227985225189411,31000,0.15425498524567718,0.0
155,1.3818602561950684,1.394037172809365,0.9936008638115346,2.6976392153835507,0.039844071955692534,0.0,0.1291614901616604,0.1,0.0029425621032714844,0.06146407127380371,0.0500421,0.9627798,0.8676090784996067,0.0,0.02712106129112017,0.0,200,0.015607118606567383,0.42203123745007104,0.4053240712580201,31200,0.2765507781570426,0.0
156,1.398810625076294,1.1859687267411743,0.9705970540284313,2.515599953372329,0.15684125915197428,0.0,0.1375219597364045,0.1,0.002850055694580078,0.05444645881652832,0.050139036,0.98480165,0.8994450433237635,0.0,0.02362537182664996,0.0,200,0.01681208610534668,0.4209564885556613,0.4006353895928453,31400,0.3639976017562812,0.0
157,1.3757531642913818,0.8491514902278721,0.7069536863237826,1.8201964143329203,0.05273976179255364,0.0,0.12886047973459402,0.1,0.002748727798461914,0.057767391204833984,0.04963137,1.417471,0.8944156880141744,0.0,0.016523872880291883,0.0,200,0.015521764755249023,0.4882105024756067,0.5060229756800076,31600,0.2997994149269469,0.0
158,1.4201557636260986,1.034489039386777,0.9464263357332674,2.126269171512791,0.07662756465605633,0.0,0.12358105087498027,0.1,0.0028913021087646484,0.054228782653808594,0.049731873,1.3194963,0.9084230231514346,0.0,0.020312805391119664,0.0,200,0.01468658447265625,0.5068617327227364,0.5012840382516435,31800,0.2681504757614606,0.0
159,1.452721357345581,0.6294468325611267,0.26948287619954303,0.999691064537985,0.2454838608880473,0.0,0.1313752659944696,0.1,0.0027642250061035156,0.052814483642578125,0.04961673,0.82919264,0.8805254040924039,0.0,0.01249377220086418,0.0,200,0.01599264144897461,0.7096277023828131,0.4629243673588237,32000,0.33452885879889643,0.0
160,1.4650328159332275,0.8828376452399925,0.82130325900439,2.2358152377197764,0.06784737552592422,0.0,0.122064969189286,0.1,0.0028333663940429688,0.05540657043457031,0.04973419,2.2339075,0.8807566282071627,0.0,0.017577576295551327,0.0,200,0.016513824462890625,0.4659057160303207,0.4629677589593274,32200,0.32671296980531567,0.0
161,1.4891948699951172,2.093580747660867,0.4569062929883323,2.806600239182323,1.5493390056753866,0.0,0.12497120786895519,0.1,0.0028197765350341797,0.054146528244018555,0.049636412,1.5986029,1.0020390401525332,0.0,0.04076940243424773,0.0,200,0.014998435974121094,0.4399347582873605,0.34321729357866826,32400,0.19589174349418523,0.0
162,1.37967848777771,0.9190349741835031,0.6228146750212971,1.9083057674150423,0.36726296365452266,0.0,0.12720559218972202,0.1,0.002973318099975586,0.05592799186706543,0.049985074,1.568003,0.9937386335556303,0.0,0.017981345443745265,0.0,200,0.020989656448364258,0.33850143456518705,0.3995559710337156,32600,0.6818708058219846,0.0
163,1.370236873626709,1.1796257411156965,0.8853510919167833,2.4110727300230943,0.05519615833224936,0.0,0.13687780458649654,0.1,0.0029196739196777344,0.054125308990478516,0.05078331,1.3241693,1.012327344311637,0.0,0.023407561850454006,0.0,200,0.014942646026611328,0.39672436883383755,0.40530554292176957,32800,0.3801064603515128,0.0
164,1.4001083374023438,0.7681579145907742,0.8081548988153061,2.1658177554929128,0.23061418772926276,0.0,0.125391796846129,0.1,0.002861499786376953,0.055222511291503906,0.049809575,2.0399652,0.9879104013395508,0.0,0.015238124457798957,0.0,200,0.01512289047241211,0.7144133051812115,0.6569391929929127,33000,0.3507092566067677,0.0
165,1.401458978652954,1.2586103468093708,0.43635409412794846,1.8278826723002954,0.6023310604118645,0.0,0.13248610371795422,0.1,0.0028679370880126953,0.055327415466308594,0.049388506,1.2098867,1.0149803958865329,0.0,0.02509295102841247,0.0,200,0.014552116394042969,0.17690233160071298,0.17751907953605248,33200,0.6580910963407001,0.0
166,1.471426010131836,1.333903890362641,0.7476710286768459,2.058050246072735,0.1028259943660412,0.0,0.1253507249403199,0.1,0.0028378963470458984,0.05427241325378418,0.049892973,0.9012197,1.0468727453341438,0.0,0.026500665160607968,0.0,200,0.01491236686706543,0.3057365586823971,0.30181546285267913,33400,0.5467224217312243,0.0
167,1.4025704860687256,0.5449349388004269,0.3892247334538791,1.2124480427147897,0.24562371900885013,0.0,0.13030107558349147,0.1,0.0029006004333496094,0.05578207969665527,0.04919962,0.9076181,0.9966789646807721,0.0,0.01066003447344297,0.0,200,0.015437126159667969,0.8568572441854916,0.7665026971922747,33600,0.2797885032720445,0.0
168,1.4143249988555908,1.2778093789850553,0.7190777307318214,2.1188799720731,0.5607769834276193,0.0,0.12948101301796894,0.1,0.0029211044311523438,0.05503535270690918,0.050083216,1.4947021,1.0247920061112006,0.0,0.02529249957349423,0.0,200,0.01445460319519043,0.3003781244954826,0.3041037523055767,33800,0.17440145303414356,0.0
169,1.4130170345306396,0.7944001806923048,0.5569255346795683,1.4211809595458433,0.22594583189350587,0.0,0.1249907287840145,0.1,0.0028765201568603516,0.05509305000305176,0.049941853,1.2575849,1.001752823569311,0.0,0.01579053466181677,0.0,200,0.015700340270996094,0.41717959967670903,0.4016096251336917,34000,0.6185777593833964,0.0
170,1.4202604293823242,0.6379396326078716,0.5533890852311963,1.5815304475145038,0.16534232816171157,0.0,0.13361131114151417,0.1,0.002949953079223633,0.05834078788757324,0.049535405,1.1488289,0.965371504473167,0.0,0.01263106002280619,0.0,200,0.018061161041259766,0.6218238868795348,0.5676592350495392,34200,0.1646163344341253,0.0
171,1.4257044792175293,0.9174702094101361,0.7178597135676811,2.060198914526663,0.14865826867161194,0.0,0.13176773533816521,0.1,0.0029311180114746094,0.05674099922180176,0.04952092,1.7275616,0.9605813749668639,0.0,0.018280194233007453,0.0,200,0.017888545989990234,0.40954490962692985,0.40973451773486325,34400,0.3508806107318038,0.0
172,1.453531265258789,0.6908523897849971,0.22828557592813686,0.8895312284720251,0.32108223472941927,0.0,0.12807305249150472,0.1,0.0028076171875,0.05444526672363281,0.050798982,0.8600816,0.9336084764486773,0.0,0.013703934026105162,0.0,200,0.015216588973999023,0.2188132459936328,0.17482576891834145,34600,0.16666316379415416,0.0
173,1.412071704864502,1.5343867978204768,0.7193597830664663,2.5819381727479254,0.6279003728609395,0.0,0.12698561208254816,0.1,0.0028929710388183594,0.055551767349243164,0.04903792,1.3368783,0.9936863085858573,0.0,0.0304444679625926,0.0,200,0.014913558959960938,0.4342340214156155,0.40078465276188474,34800,0.19735157161519468,0.0
174,1.4370758533477783,0.7712919986424542,0.43085212483122864,1.4161297625951066,0.20256401498390267,0.0,0.1225479288507451,0.1,0.0028014183044433594,0.055138587951660156,0.050115634,1.6184218,0.971446877591517,0.0,0.01511573852619931,0.0,200,0.017328262329101562,0.2810993926396487,0.2895572751147342,35000,0.2852874345555076,0.0
175,1.4320154190063477,0.7349301873157907,0.5179503787954185,1.6252367468273374,0.3602079816311628,0.0,0.1289720978366582,0.1,0.0027794837951660156,0.05330348014831543,0.04990382,1.3467512,0.9477952085639445,0.0,0.014534556894929346,0.0,200,0.015063285827636719,0.33462000820927434,0.34052304895362345,35200,0.19829205854481594,0.0
176,1.5760762691497803,1.7282183269305287,0.45706854108366934,2.1278038396775014,0.9989580728137828,0.0,0.1281837850672257,0.1,0.0029268264770507812,0.053511619567871094,0.05012703,1.1349567,1.025837520400603,0.0,0.0335355873229549,0.0,200,0.013576745986938477,0.35533123264104866,0.2956229181744495,35400,0.12298786839816177,0.0
177,1.380126714706421,0.8235396957198682,0.6598510596401763,1.9039848812492177,0.2016036349109116,0.0,0.12659315841579621,0.1,0.0030002593994140625,0.05611419677734375,0.049496986,1.5758853,1.0056077379325294,0.0,0.016176705109447277,0.0,200,0.015105009078979492,0.4362660750464304,0.4795272834075984,35600,0.08154005634041668,0.0
178,1.3897855281829834,0.6702251553292012,0.28952137891557084,1.0876328462733558,0.3001330685895066,0.0,0.1326040453130526,0.1,0.0029015541076660156,0.0541989803314209,0.04987493,1.0176121,0.9720694796721967,0.0,0.013215720417570237,0.0,200,0.015659809112548828,0.48128911473452585,0.457244275342471,35800,0.08686690225538228,0.0
179,1.3707239627838135,0.766760561409445,0.4899528138918372,1.5356184306124987,0.20499297280605797,0.0,0.12741318517966774,0.1,0.003014802932739258,0.06107044219970703,0.05100194,1.5698137,0.9515385878459216,0.0,0.015097554748979105,0.0,200,0.016573429107666016,0.38744232726227773,0.35119731526339865,36000,0.08821248670572207,0.0
180,1.37076735496521,0.9711923966535354,0.5527234405611648,1.6305840398676081,0.09826609190143573,0.0,0.13472084845250554,0.1,0.002892732620239258,0.05432772636413574,0.05072161,0.8667292,0.953503968726683,0.0,0.019377709601618453,0.0,200,0.01515650749206543,0.279678948547463,0.2781154959181469,36200,0.08622848294145392,0.0
181,1.3894691467285156,1.0096062667862888,0.5101691281969495,1.8033233712410375,0.3809867398213389,0.0,0.120124893194984,0.1,0.002866506576538086,0.05391383171081543,0.049255405,2.6313226,0.9591141985326436,0.0,0.02009095471747074,0.0,200,0.018369436264038086,0.2248325025954663,0.22755227071476672,36400,0.0732156519269286,0.0
182,1.3761529922485352,0.6499715732348813,0.2639429484073956,0.8918764573134504,0.20725217747342725,0.0,0.12757646147951976,0.1,0.0029392242431640625,0.05525708198547363,0.050336286,0.9337897,0.9281999360028673,0.0,0.012646954294126423,0.0,200,0.01563549041748047,0.2608924908070199,0.2388320485134535,36600,0.06334931980163803,0.0
183,1.4095492362976074,1.4874377244828492,1.126708921144973,2.714186066537079,0.27965217926502256,0.0,0.1259015024167252,0.1,0.0028641223907470703,0.0561063289642334,0.050458264,1.1542755,0.9841237148508656,0.0,0.02929877596270981,0.0,200,0.0175783634185791,0.4789159434413719,0.4682386712668223,36800,0.07056699354146918,0.0
184,1.4149701595306396,0.8954950117994566,0.5372085456169704,1.5739377085554258,0.06997461526859969,0.0,0.13269652435140045,0.1,0.002946138381958008,0.054523468017578125,0.050220456,1.040794,0.9752608445457247,0.0,0.01783378626712935,0.0,200,0.016329050064086914,0.29816157908610325,0.30081434709130683,37000,0.06485471092060241,0.0
185,1.401759386062622,0.38325492612189116,0.25082986040483746,0.7275828852493037,0.0266419415563526,0.0,0.1218834868362711,0.1,0.002904176712036133,0.05487489700317383,0.05018354,0.8841419,0.9160602527033413,0.0,0.007624625591351445,0.0,200,0.016739606857299805,2.092548632745939,1.8957729400846164,37200,0.05428968856468461,0.0
186,1.368488073348999,0.7622798453275051,0.8450869444788517,2.1925727157425574,0.03925573301414019,0.0,0.13024506978877037,0.1,0.0029315948486328125,0.05374789237976074,0.050167464,1.8792388,0.9006822119657577,0.0,0.015125519281424658,0.0,200,0.01646566390991211,0.6472495909179308,0.6209563069999361,37400,0.04277020429783652,0.0
187,1.4112935066223145,0.8553856582002131,0.43026850974696024,1.3559893023137841,0.39499175154511873,0.0,0.12695420276311625,0.1,0.0028829574584960938,0.05395030975341797,0.050624732,1.0910285,0.8961525565892032,0.0,0.016759695774762468,0.0,200,0.014481306076049805,0.23648201966051008,0.23502425731274457,37600,0.07971497764372272,0.0
188,1.448375940322876,1.0190110553015994,0.5239478814593749,1.5724312661200284,0.27564204875928033,0.0,0.12492674049620071,0.1,0.0030031204223632812,0.05478405952453613,0.049797583,1.2120564,0.9084384064604429,0.0,0.02014894455873584,0.0,200,0.016242504119873047,0.29249576057938437,0.2975348092776885,37800,0.049203093283792104,0.0
189,1.399308443069458,1.7682084106501037,0.6616640914617633,2.493061297390374,0.697545520098913,0.0,0.1202375946511199,0.1,0.002889394760131836,0.05401182174682617,0.050087355,1.7466536,0.9944154068794091,0.0,0.03495104910445462,0.0,200,0.015785932540893555,0.40289432088205324,0.3685349123374401,38000,0.03984825074821418,0.0
190,1.38409423828125,1.173403203040409,0.23086864983983257,1.4527896465892587,0.8311617246832474,0.0,0.12073740775393724,0.1,0.002858877182006836,0.054715871810913086,0.049985744,1.3154352,1.0123141864955092,0.0,0.023365064885428992,0.0,200,0.0176544189453125,0.14789688145336374,0.10180707832562298,38200,0.10406321523204802,0.0
191,1.403040885925293,0.81923699839254,0.357952375485267,1.3729872612428065,0.4332055249946015,0.0,0.1307382035449191,0.1,0.002917766571044922,0.05493021011352539,0.049623817,1.2621074,0.9930064676852124,0.0,0.016262940086344754,0.0,200,0.017102718353271484,0.2246093542658952,0.2576029288499877,38400,0.13167060031417246,0.0
192,1.4205963611602783,0.6434379395305709,0.6755796899514718,1.7918171008567205,0.048882808912075845,0.0,0.12235624596764771,0.1,0.002830982208251953,0.0567319393157959,0.04946593,1.5916166,0.9580496148697483,0.0,0.012843696012115869,0.0,200,0.016474008560180664,0.6641085015672898,0.6605577853740827,38600,0.08786607910896271,0.0
193,1.4276678562164307,0.8092086108489751,0.7101015008710041,2.011055242050835,0.22815159214525957,0.0,0.13508825147922748,0.1,0.0027992725372314453,0.05334925651550293,0.049338005,1.4176816,0.9431655144676709,0.0,0.0159970406882237,0.0,200,0.016314268112182617,0.5131630908063127,0.4868056288306291,38800,0.3025601478087749,0.0
194,1.4097528457641602,0.8647077138363242,0.5025517734147477,1.4263520786423791,0.05067235086041404,0.0,0.12104182959959464,0.1,0.003053903579711914,0.054457902908325195,0.049675707,0.8247214,0.9353197344045363,0.0,0.017146621327348052,0.0,200,0.014139413833618164,0.3045207710292625,0.29573443708840635,39000,0.5621056912394312,0.0
195,1.3967256546020508,0.7379198146154793,0.382948272997745,1.1885781950973549,0.31048301928967725,0.0,0.12199786922109161,0.1,0.002961397171020508,0.055736541748046875,0.05012945,1.5047394,0.9155797424256307,0.0,0.014567548946544452,0.0,200,0.014640092849731445,0.2874846842059878,0.2603971003567472,39200,0.5591328079290739,0.0
196,1.395362377166748,0.6516707855472526,0.23711356676996542,1.022958844052783,0.42024574700611883,0.0,0.12591407041928437,0.1,0.003112316131591797,0.05449652671813965,0.050375357,1.1331828,0.8891888467377929,0.0,0.012863605497973354,0.0,200,0.019698619842529297,0.23149812060358904,0.1663152212751854,39400,0.6231428234028077,0.0
197,1.3993573188781738,0.8129902198412956,0.7561123913100051,2.1206555491895176,0.3365079973255947,0.0,0.11966147648897446,0.1,0.003284454345703125,0.05582141876220703,0.050255373,2.4504616,0.8815689840481431,0.0,0.016173589847204416,0.0,200,0.01775360107421875,0.46316392395811307,0.46890142751104036,39600,0.5656453401055241,0.0
198,1.3860571384429932,0.9268350051775129,0.6907880954720476,2.0296716433611306,0.17412173563470434,0.0,0.1344812423587184,0.1,0.002879619598388672,0.05507206916809082,0.05026569,1.2686758,0.8860955861610801,0.0,0.018055085121674447,0.0,200,0.018006563186645508,0.41469830578641126,0.4002922993935795,39800,0.6455041865723465,0.0
199,1.3889641761779785,0.7598099174786369,0.5196569237332608,1.5465821378016333,0.1938618878018124,0.0,0.12729320264921445,0.1,0.002978801727294922,0.054994821548461914,0.050016858,1.4958158,0.8734670192928358,0.0,0.015028409337651302,0.0,200,0.01524806022644043,0.3583784974565764,0.34695704634384855,40000,0.5621618711847663,0.0
200,1.396008014678955,0.6330195270313526,0.27709370203648376,0.9780476927668178,0.33120055570053486,0.0,0.12766392821409778,0.1,0.0029587745666503906,0.05701184272766113,0.05005029,1.0932637,0.8494222700666875,0.0,0.012450181410686077,0.0,200,0.014842033386230469,0.23766560917085952,0.2480840306816543,40200,0.5075358707111346,0.0
201,1.4354381561279297,0.8390719876751795,0.6042470586841635,1.6478522395333324,0.19172299130980452,0.0,0.12619045384929553,0.1,0.0029006004333496094,0.05504202842712402,0.049732443,1.3575989,0.8483872418275367,0.0,0.016746961300009,0.0,200,0.015217781066894531,0.36772128767854956,0.36682131750248154,40400,0.6933464302519993,0.0
202,1.3907229900360107,1.4202458513685774,0.6318743840391523,2.0944670752260492,0.44944330913703273,0.0,0.12621591575154525,0.1,0.004075765609741211,0.054213523864746094,0.049370084,1.1721586,0.9055731027816408,0.0,0.028266734866989905,0.0,200,0.01442718505859375,0.36145195897855953,0.3335802945000904,40600,1.1642407336529779,0.0
203,1.4116075038909912,0.4749705920770139,0.34364919682986417,1.0442478754799331,0.13745027742193502,0.0,0.12561300523859456,0.1,0.003007173538208008,0.05859661102294922,0.04940146,1.0712442,0.8625128517111782,0.0,0.009237080667979104,0.0,200,0.01765918731689453,0.7773988113094195,0.8345863887476387,40800,1.2087805052241174,0.0
204,1.4933607578277588,0.9721875780789605,0.7161064230922083,2.101739553800562,0.3429052066835949,0.0,0.13207008800516876,0.1,0.003087282180786133,0.054711103439331055,0.04973999,1.4674228,0.8734803243479564,0.0,0.018853960966776405,0.0,200,0.015257596969604492,0.369610888951373,0.3698414281921397,41000,0.6878354768956335,0.0
205,1.3791720867156982,1.4114214599659989,0.4370860484206307,2.0256302380531377,0.7896335531122008,0.0,0.12206064618844954,0.1,0.003020048141479492,0.05461573600769043,0.05029525,1.6008409,0.9272744379097607,0.0,0.02752605882602582,0.0,200,0.014843225479125977,0.24768605040307703,0.22408150456227968,41200,1.0957325077926054,0.0
206,1.4122071266174316,0.5091267084081785,0.28954068867652105,0.7945092982310955,0.1286691160657208,0.0,0.12605197519436576,0.1,0.0029125213623046875,0.05601692199707031,0.049860157,0.92087495,0.8854596649596025,0.0,0.01010803291684792,0.0,200,0.015176057815551758,0.7339084875013313,0.7703688133323179,41400,1.0141162565163617,0.0
207,1.4311809539794922,0.6552047336353923,0.7310078823695931,1.8688048088807374,0.04971484469449973,0.0,0.12596622904129623,0.1,0.0029709339141845703,0.0537567138671875,0.049455393,2.0573452,0.8624341718271815,0.0,0.012633929437930907,0.0,200,0.014325380325317383,0.681794962995426,0.6541367532172765,41600,1.2082361116415472,0.0
208,1.3923907279968262,1.6740965382178015,0.37372049167723487,2.0520717568281315,1.0868812557144483,0.0,0.13073231140024955,0.1,0.0027971267700195312,0.05589556694030762,0.04966281,1.113182,0.9436004084662436,0.0,0.03291321059079807,0.0,200,0.015487432479858398,0.27536647852827423,0.25922265313467696,41800,1.7522601666082684,0.0
209,1.3415417671203613,0.9608180971356857,0.9496210445478485,2.5561586139901165,0.1010415999136317,0.0,0.12456091847207422,0.1,0.0028176307678222656,0.05988001823425293,0.048908148,1.6846647,0.9453221773331879,0.0,0.0183796875719109,0.0,200,0.014242172241210938,0.5173111289088811,0.510698544857081,42000,1.2915306777050148,0.0
210,1.434586524963379,1.0287578122553422,0.1284553818129294,1.2346565089680177,0.8924836583693909,0.0,0.12935504252013102,0.1,0.0031969547271728516,0.05533719062805176,0.05024523,1.1021428,0.9536657408254033,0.0,0.020048928819699566,0.0,200,0.015038251876831055,0.05453397388552182,0.04905815870997178,42200,0.3279992446815937,0.0
211,1.3597841262817383,1.2901105978625518,0.5633239867362022,1.8922452328866322,0.4290124515799233,0.0,0.12573319944191708,0.1,0.002981901168823242,0.05413532257080078,0.0498423,1.2445118,0.9873102265291182,0.0,0.02569410594370032,0.0,200,0.015284061431884766,0.21424194084606918,0.2035134418465717,42400,0.5348008420691707,0.0
212,1.4214928150177002,0.8769875234226174,1.0645718620695424,2.718817906816722,0.19992442437067734,0.0,0.11956889302889047,0.1,0.002865314483642578,0.05392861366271973,0.0506144,2.676421,0.9762779562184681,0.0,0.017156847614305974,0.0,200,0.01749730110168457,0.5783778149019987,0.578215089300182,42600,0.36533044877820026,0.0
213,1.4767348766326904,0.6855802483548561,0.4321235610509775,1.402410378484632,0.2737029700386705,0.0,0.12331073137921707,0.1,0.002848386764526367,0.05501413345336914,0.050023705,1.3507756,0.9472081854321069,0.0,0.013553817714809164,0.0,200,0.01635003089904785,0.5483635710510453,0.5127409400883257,42800,1.3154726413446827,0.0
214,1.459265947341919,0.7095320890804864,0.581106901202532,1.6436603642812957,0.15207126256763925,0.0,0.12290165472126126,0.1,0.002827882766723633,0.05485129356384277,0.04963953,1.4714775,0.9234405757969449,0.0,0.014090420064263939,0.0,200,0.014837026596069336,0.5951090318729562,0.5337961560975117,43000,1.0537434023705041,0.0
215,1.3776965141296387,0.9344996918788537,0.26960371782454584,1.228607896680964,0.623811442934568,0.0,0.12305932472423446,0.1,0.0027937889099121094,0.05376482009887695,0.050119013,2.5332134,0.9245464874051359,0.0,0.01834288091905287,0.0,200,0.014149188995361328,0.11685236633819375,0.11533230561014818,43200,1.4667429877275573,0.0
216,1.5132429599761963,0.5645015989080293,0.33505907074833674,1.1352875723828972,0.27816350124181183,0.0,0.1197332918626273,0.1,0.002938985824584961,0.053112030029296875,0.050065376,1.1502789,0.8885419985554253,0.0,0.011081049977677396,0.0,200,0.014412164688110352,0.5271998700804289,0.42603812465785595,43400,1.545592075415404,0.0
217,1.5513427257537842,1.5037984462425202,1.4162789400273632,3.8738470942024144,0.3774730526836877,0.0,0.1265610823435872,0.1,0.002801656723022461,0.05408501625061035,0.049891725,1.8288777,0.9500676433241347,0.0,0.029201468007763156,0.0,200,0.013685226440429688,0.608546680708295,0.5999238575179597,43600,1.473948672488877,0.0
218,1.3665432929992676,0.4376178974376908,0.3187049893794942,0.9495952840529144,0.07648657164634587,0.0,0.12580882680891634,0.1,0.002996206283569336,0.055024147033691406,0.05022166,1.1058425,0.8988226687354903,0.0,0.008529378272330995,0.0,200,0.017360448837280273,1.0289628325351934,1.0291898271069932,43800,1.6019468531638905,0.0
219,1.3744511604309082,0.9926656260725373,0.9221524277341547,2.55068325041205,0.27736585680729536,0.0,0.12334090845759296,0.1,0.0028984546661376953,0.05624580383300781,0.049727593,2.231593,0.908206964469195,0.0,0.01960857173850824,0.0,200,0.016377687454223633,0.499290440092422,0.49922485698333297,44000,1.2604111314395983,0.0
220,1.4623308181762695,0.8351576063932831,0.44598763780542283,1.5607245082945886,0.36595661938433743,0.0,0.1209059473582528,0.1,0.003062009811401367,0.05647587776184082,0.049934167,2.491553,0.9009020286616038,0.0,0.016572759586015756,0.0,200,0.014086484909057617,0.26178508781578,0.2609245631265311,44200,1.2812352480980818,0.0
221,1.4185681343078613,0.5839143480473639,0.7275816787922709,1.840344504614842,0.08103603611989582,0.0,0.11936038841075902,0.1,0.0030241012573242188,0.055051326751708984,0.049221516,2.1754708,0.8692032606001799,0.0,0.011593509676877964,0.0,200,0.020060300827026367,0.7858518170071278,0.7679155385043984,44400,1.340150082095186,0.0
222,1.3726694583892822,0.4869910455784427,0.5027793748098962,1.3482226383116547,0.09619146141401562,0.0,0.13145916727161952,0.1,0.002836942672729492,0.053847551345825195,0.05015065,1.2239627,0.8309820390980063,0.0,0.009657827059892581,0.0,200,0.01899409294128418,0.7909506140800483,0.7091348732504077,44600,1.7432056235812332,0.0
223,1.3499271869659424,1.2691186494181417,0.7546884908058483,2.5087114124357863,0.4796459577198999,0.0,0.12315461930442995,0.1,0.003213644027709961,0.055429697036743164,0.050404754,2.0643094,0.8747957001300198,0.0,0.025063913071655206,0.0,200,0.01567530632019043,0.4174462735573704,0.41799389764245665,44800,1.7305082305982067,0.0
224,1.4414441585540771,1.2041552202428352,0.5188994909793824,1.8046965530274812,0.4314782558385817,0.0,0.12768384520371673,0.1,0.002888917922973633,0.05543375015258789,0.050036594,1.3358728,0.9077316521413014,0.0,0.02388031267171918,0.0,200,0.015613317489624023,0.3110489346546342,0.28689089628455483,45000,1.8749624030342302,0.0
225,1.4186427593231201,0.7691959057765961,0.6740261375938581,1.8300884622493456,0.05137016568710026,0.0,0.12740940778233262,0.1,0.0029096603393554688,0.05565810203552246,0.049685575,1.4093459,0.8938780775048308,0.0,0.015140528214655325,0.0,200,0.017460346221923828,0.44770576762124065,0.4515778173863394,45200,2.127420517566716,0.0
226,1.4805080890655518,0.8840354407392519,0.6902187973376894,2.0497801355768996,0.269483273076711,0.0,0.12742605846916474,0.1,0.0028192996978759766,0.05423998832702637,0.050478116,1.5898741,0.8928938138282729,0.0,0.01736802539774871,0.0,200,0.014826297760009766,0.3934135386436816,0.39015926390505745,45400,1.8696290916695668,0.0
227,1.4787232875823975,1.2936101262753503,1.1641962729940896,3.258781247900356,0.40867785885229607,0.0,0.1288784306212053,0.1,0.0029554367065429688,0.05403923988342285,0.049567983,1.9072292,0.9329654450729807,0.0,0.025507254999083954,0.0,200,0.01620340347290039,0.5025830750838151,0.4825429650969972,45600,2.4800122380087095,0.0
228,1.49908447265625,1.6186252706191684,0.8443070853613233,2.1850341996501776,0.1626836634483365,0.0,0.12253016605312295,0.1,0.0030057430267333984,0.05468463897705078,0.049693767,0.9456541,1.0015314276275995,0.0,0.03226872310391557,0.0,200,0.014353036880493164,0.3676319578841972,0.31320493064789406,45800,2.256290452502939,0.0
229,1.4565527439117432,0.38426100349568254,0.1935536361596196,0.7057474134552665,0.18979925574662282,0.0,0.12395191540289276,0.1,0.0028638839721679688,0.05469083786010742,0.049992356,1.133126,0.9398043852144079,0.0,0.007565298336275573,0.0,200,0.01597285270690918,3.916491714706548,3.9716817362839927,46000,2.180934810490774,0.0
230,1.5155773162841797,1.1720056866229722,0.6156839780261616,1.7077390077346248,0.12415738026777297,0.0,0.12524011824619494,0.1,0.0029630661010742188,0.05584883689880371,0.050205804,0.7707745,0.9630245153552643,0.0,0.023103610407976594,0.0,200,0.015146732330322266,0.25793159982766145,0.26029432873044733,46200,2.111998770222965,0.0
231,1.3665516376495361,0.46955612812949643,0.5753061426979439,1.4601576313620905,0.04127790232057579,0.0,0.1265674772382544,0.1,0.0029287338256835938,0.05515694618225098,0.049964067,1.4903532,0.9136776766326876,0.0,0.009348820391528751,0.0,200,0.01438593864440918,1.358554293155006,1.164913352673621,46400,1.9157348574611728,0.0
232,1.4295704364776611,1.546658078622409,0.6693038879720378,2.2042876310299873,0.5579080249846404,0.0,0.1259075836988566,0.1,0.002991914749145508,0.05844259262084961,0.049882293,1.2820282,0.9769757168316598,0.0,0.030631728754342256,0.0,200,0.01540231704711914,0.3006547789034476,0.31088701470682134,46600,1.709763871280825,0.0
233,1.4450416564941406,1.7272478755948968,0.9872655171115917,2.8412875243393385,0.21293890213018277,0.0,0.12451437901151545,0.1,0.0028967857360839844,0.055187225341796875,0.05017819,1.1097823,1.0520029327079836,0.0,0.034214659995847066,0.0,200,0.01601266860961914,0.41934125753766965,0.3926766946410806,46800,2.0646439006970048,0.0
234,1.4761972427368164,2.3086029608939507,1.0428122236751294,3.3005447212673857,0.5568501467662001,0.0,0.12432341752483266,0.1,0.002866029739379883,0.05509686470031738,0.049847875,0.90627235,1.1776629355265804,0.0,0.045460234353795176,0.0,200,0.01661515235900879,0.4462507707506717,0.37413482237178236,47000,2.6625119095594116,0.0
235,1.408724069595337,1.0981738803713181,0.5994434253599513,1.7708529586724822,0.45584649588862075,0.0,0.12037350803689909,0.1,0.003047466278076172,0.05545926094055176,0.049657974,1.3272837,1.1697140300110542,0.0,0.02164830393125973,0.0,200,0.014048576354980469,0.3053367929873138,0.3683614524943344,47200,2.4612226211870127,0.0
236,1.4293577671051025,1.3158833386445292,0.7668865749432158,2.399015212963109,0.23035359213457848,0.0,0.12275694529895473,0.1,0.0030906200408935547,0.05521750450134277,0.04988019,1.4221033,1.184330960874402,0.0,0.02595743034482692,0.0,200,0.01665329933166504,0.28090854224747397,0.2878560078938462,47400,2.6258234933442064,0.0
237,1.5274930000305176,1.430645594903139,0.3408740496071214,1.8970907903913856,1.085337837172549,0.0,0.12626626187979254,0.1,0.002951383590698242,0.0563664436340332,0.049863834,1.0844681,1.2089624242772756,0.0,0.028071859939342872,0.0,200,0.015058755874633789,0.10656065247972593,0.10049972074119676,47600,2.526586370425714,0.0
238,1.371016263961792,0.8962553650867338,0.7375858374156279,1.8938611462508257,0.1651112197378707,0.0,0.12341379948947336,0.1,0.0029425621032714844,0.0545804500579834,0.04979415,0.9524138,1.1776917183582214,0.0,0.017741184709469317,0.0,200,0.014428853988647461,0.7851901235431399,0.6751668298266565,47800,2.7803287865786217,0.0
239,1.3916263580322266,1.2107379910522473,0.9749840576965436,2.7448749804412538,0.1727157020070835,0.0,0.128758209069829,0.1,0.002950906753540039,0.05576896667480469,0.049753875,1.1732883,1.180996345627624,0.0,0.024011328712096228,0.0,200,0.018025875091552734,0.4108067594653354,0.39308689649151385,48000,2.0253393369733383,0.0
240,1.4654369354248047,1.7063551792479652,1.3298812070881572,3.1667706698977574,0.3193217287500569,0.0,0.12827238197649135,0.1,0.0030624866485595703,0.05897259712219238,0.050142385,1.1004162,1.2335322289896582,0.0,0.0337221149450187,0.0,200,0.014182806015014648,0.460139093194419,0.45827197767810485,48200,1.7475415097758489,0.0
241,1.452223300933838,0.6550152946261925,0.39403782901719697,1.1824241946248868,0.2405163225924087,0.0,0.12316144694236848,0.1,0.002856016159057617,0.05420970916748047,0.049991228,0.70580107,1.1756805355533118,0.0,0.013005006484305887,0.0,200,0.015994787216186523,0.9339925449235299,0.8208386318613712,48400,2.230244387883389,0.0
242,1.4747169017791748,1.0756271940481057,0.6466215956584404,2.155500151788128,0.44140052925556394,0.0,0.12958939604039507,0.1,0.002950429916381836,0.05456900596618652,0.049688395,1.5507056,1.1656752014027911,0.0,0.021334401697742107,0.0,200,0.01455998420715332,0.2840003126436898,0.27954080159709144,48600,1.7147249619042704,0.0
243,1.4064881801605225,1.1803288491699406,1.0381980617750755,2.975104973031925,0.47785175840282273,0.0,0.11810709609065943,0.1,0.0029268264770507812,0.054291486740112305,0.0498848,2.6877804,1.167140566179506,0.0,0.02315179469647131,0.0,200,0.015041828155517578,0.47972637494753834,0.4786846316985976,48800,1.660534160609046,0.0
244,1.469578504562378,1.1445170902561548,0.5919189469305381,2.0141044105327492,0.34270615892810186,0.0,0.12354937078451778,0.1,0.0029382705688476562,0.05487799644470215,0.049799755,1.0344962,1.1648782185871709,0.0,0.02238603896682454,0.0,200,0.014325618743896484,0.26039785997618276,0.25867466581581405,49000,1.9324143478873437,0.0
245,1.5296351909637451,1.7897292776563631,0.7133929362728206,2.627523232770701,0.9606658640065764,0.0,0.12102971364857475,0.1,0.0028820037841796875,0.055007219314575195,0.0492551,1.4193163,1.2273633244940902,0.0,0.03543589537671895,0.0,200,0.0162813663482666,0.31266793417861527,0.28003686117282944,49200,1.855034992365706,0.0
246,1.4384629726409912,0.8783214802103565,0.9169872195935289,2.4316905578631296,0.05198369382678539,0.0,0.115877993387169,0.1,0.0028717517852783203,0.055794477462768555,0.049620513,2.399232,1.1924591400657167,0.0,0.017203423261698672,0.0,200,0.015018939971923828,0.5458054316711619,0.5586138133821684,49400,1.6345016584837044,0.0
247,1.4785175323486328,0.651977457254947,0.5042022123026805,1.4873592093331223,0.2265312694946164,0.0,0.12600288646043897,0.1,0.002887725830078125,0.055101871490478516,0.049202684,1.5933113,1.1384109717846398,0.0,0.012658412066492767,0.0,200,0.017008066177368164,0.9269338689838584,0.8777480447761368,49600,1.4650912164398033,0.0
248,1.5293426513671875,1.2275981214966099,0.47302633918655884,1.8632021261077147,0.534223099270189,0.0,0.11946579896649044,0.1,0.002758502960205078,0.054193973541259766,0.05011089,1.115247,1.1473296867558367,0.0,0.02420750364561564,0.0,200,0.018546104431152344,0.14871732411118588,0.1521692276512628,49800,0.7356835069605406,0.0
249,1.5614807605743408,1.1687797797765216,0.9516388868513072,2.4567462566315315,0.17427126936678947,0.0,0.12520152532020207,0.1,0.0028390884399414062,0.05318093299865723,0.04995661,1.1733882,1.1494746960579052,0.0,0.022849954902020162,0.0,200,0.023258686065673828,0.4448287937919646,0.44239946548014647,50000,0.769936176853309,0.0
250,1.5125067234039307,1.3351416646584422,0.31872396387467644,1.6187183096746476,0.8290955498138116,0.0,0.12651546166467703,0.1,0.0028963088989257812,0.05396604537963867,0.050112467,1.0664144,1.168041392917959,0.0,0.026599651266268225,0.0,200,0.0166015625,0.12127047480395411,0.12059273627795608,50200,0.7049945190525976,0.0
251,1.4923474788665771,1.7061702134616807,0.7856989104354662,2.5078391471625743,0.6071609562434146,0.0,0.12556565930332236,0.1,0.002825498580932617,0.054532527923583984,0.04994025,1.3269848,1.2218542749723311,0.0,0.03386297965446475,0.0,200,0.013999700546264648,0.3042421104304231,0.2883006842199686,50400,0.8102606866919789,0.0
252,1.5000677108764648,0.9398906803740079,0.7910811597299292,2.172912733971314,0.10214970082405696,0.0,0.12033438766158687,0.1,0.0031065940856933594,0.06041598320007324,0.050006703,1.3006989,1.1936579155124987,0.0,0.018412594201770445,0.0,200,0.014583349227905273,0.47068306678406246,0.47890395812630515,50600,1.085230056289801,0.0
253,1.5303988456726074,1.1828451979546504,0.5390497754537267,1.7316387055794127,0.3511050749626626,0.0,0.12864956124519356,0.1,0.002917766571044922,0.05287504196166992,0.049886487,0.9180254,1.1925766437567138,0.0,0.02343977723490298,0.0,200,0.014015913009643555,0.20042868456843072,0.19594254956687268,50800,1.0680214488800817,0.0
254,1.5045020580291748,0.8700921761388068,0.757094603080292,2.1072579392521664,0.06799022620489954,0.0,0.1158919185357203,0.1,0.0028219223022460938,0.05325627326965332,0.049863588,2.330412,1.1603281969949233,0.0,0.0169376627539759,0.0,200,0.01576375961303711,0.5559283213608864,0.5043142157093603,51000,0.9003390294910519,0.0
255,1.4143719673156738,1.625952546294533,0.8990623573215104,2.26622528334087,0.08969324100978637,0.0,0.11807034353338451,0.1,0.003190755844116211,0.058013916015625,0.049514834,1.1601747,1.2068906319248844,0.0,0.0321503288184498,0.0,200,0.014801502227783203,0.3430325218301949,0.3431377818071838,51200,1.1231253400627814,0.0
256,1.4415075778961182,0.8061888235902268,0.20180285135659334,1.0089395324579582,0.4712932726076691,0.0,0.12904843723660778,0.1,0.003149271011352539,0.05486559867858887,0.050358247,1.2628917,1.1668204510914186,0.0,0.015627308654678856,0.0,200,0.01692652702331543,0.21981986803699985,0.22376067160865115,51400,1.3203765375177694,0.0
257,1.4832017421722412,1.4400371155468839,1.098945996655743,2.7068701722673785,0.12177998524637014,0.0,0.13278616595579912,0.1,0.003047466278076172,0.05429792404174805,0.049782086,1.0184551,1.194142117536965,0.0,0.02838805045506644,0.0,200,0.014974832534790039,0.41375100612793303,0.4105291988358826,51600,1.117077955511946,0.0
258,1.4573702812194824,0.711219744544935,0.3465495105410684,1.2375973456813207,0.38729390044292755,0.0,0.12486636399711597,0.1,0.002874135971069336,0.05573725700378418,0.049878415,1.2964563,1.1458498802377621,0.0,0.014080345783644333,0.0,200,0.015252351760864258,0.5300592611876144,0.4979022200502516,51800,1.1570464443484008,0.0
259,1.4500706195831299,1.3370623450027663,0.6158963181351458,1.8450608916320612,0.322452130916859,0.0,0.13202887667814772,0.1,0.002781391143798828,0.0579228401184082,0.049952418,0.8177998,1.1649711267142626,0.0,0.026458373015023032,0.0,200,0.015130281448364258,0.21475843632882885,0.2140669807650426,52000,0.7290691964357342,0.0
260,1.4729139804840088,1.2809388349370232,0.4422497542309261,1.944330899276642,0.8488656561431337,0.0,0.1246782767162824,0.1,0.003048419952392578,0.05605196952819824,0.04942574,1.9970185,1.1765678975365388,0.0,0.025460793698646785,0.0,200,0.014405488967895508,0.16476800549830048,0.15898241261082272,52200,1.116166651019401,0.0
261,1.5244512557983398,1.392598299282111,1.2086097375154743,3.350049021531759,0.35409379169727784,0.0,0.12322192977290032,0.1,0.0029058456420898438,0.05462527275085449,0.05060032,1.8275726,1.198170937711096,0.0,0.027418611683369704,0.0,200,0.018223285675048828,0.4599122850518522,0.45528527897292315,52400,1.219221102565123,0.0
262,1.4926435947418213,0.9749932470967322,0.8210184701379627,2.0189741407281976,0.11280143612626889,0.0,0.11950451343187342,0.1,0.0030481815338134766,0.0542752742767334,0.049106754,4.1007934,1.1758531686496596,0.0,0.01916278043034702,0.0,200,0.01499629020690918,0.46497563346977855,0.46569569283733697,52600,1.256385897547047,0.0
263,1.508258581161499,0.5113731584093149,0.40325261159142395,1.0145640363206807,0.06729108926403479,0.0,0.12161911318539445,0.1,0.0029349327087402344,0.054126739501953125,0.05031715,0.8272207,1.1094051676256251,0.0,0.009837678147225894,0.0,200,0.014591455459594727,1.4879558657812426,1.2755941628554652,52800,1.1027612199683747,0.0
264,1.5064888000488281,1.3628705108977432,0.5312890498965109,1.8309252722029699,0.5059514198134991,0.0,0.12546241621998105,0.1,0.002752065658569336,0.054421424865722656,0.05017583,1.0374898,1.134751701952837,0.0,0.02678976904968343,0.0,200,0.015295028686523438,0.1746717624385184,0.18654176221531146,53000,2.1335311259473984,0.0
265,1.4726781845092773,1.4952575510321418,0.8408917954504033,2.4296342760969454,0.14008231644238076,0.0,0.1250324729665567,0.1,0.004030466079711914,0.06065487861633301,0.049846668,1.0516999,1.1708022868607675,0.0,0.029614318809150823,0.0,200,0.017549753189086914,0.3128489586703255,0.30787383558763,53200,1.6489825186175373,0.0
266,1.4977197647094727,1.7094822476747307,0.9979616047582696,3.0947875976036685,0.6345419994975068,0.0,0.1309258361299632,0.1,0.003034830093383789,0.05421900749206543,0.04980508,1.2964853,1.2246702829421636,0.0,0.03330687246021257,0.0,200,0.014085531234741211,0.3596218006617221,0.3331564191908075,53400,2.2225532482439823,0.0
267,1.4986629486083984,1.119166944644365,1.0220560472326727,2.7783221805003175,0.2318429423924478,0.0,0.11988634833890742,0.1,0.0031473636627197266,0.05630683898925781,0.049440283,1.9690949,1.2141199491123837,0.0,0.022203711629294354,0.0,200,0.015277624130249023,0.468875816923528,0.4740177941421206,53600,2.7243655192682255,0.0
268,1.4987714290618896,1.5845841424813876,0.6028268070006846,2.428355352869059,0.745114489760656,0.0,0.12130974717971929,0.1,0.002951383590698242,0.05674242973327637,0.04957577,1.5846595,1.251166368449284,0.0,0.03150719305762037,0.0,200,0.016236543655395508,0.19823021003849267,0.1825650726297936,53800,3.3445047557609193,0.0
269,1.5055582523345947,1.013213138416247,0.7789839415879417,1.81913712570087,0.13576257304353068,0.0,0.12026377089422897,0.1,0.0030145645141601562,0.05602073669433594,0.049790826,1.204238,1.2273710454459803,0.0,0.019976931819871372,0.0,200,0.015014171600341797,0.4539294045111511,0.4466914592438928,54000,3.3625696499163524,0.0
270,1.5444698333740234,1.3093043226679013,0.8069107898577038,2.432695788836661,0.2082718117190019,0.0,0.11841398622603734,0.1,0.002897500991821289,0.05683541297912598,0.049636163,2.1028967,1.2355643731681725,0.0,0.02587892792552733,0.0,200,0.014261960983276367,0.2980756399720529,0.2925920376061347,54200,3.0998535396858293,0.0
271,1.4829552173614502,1.226379227115653,1.0494534551145642,2.3498924422888834,0.08886710970109446,0.0,0.12233464638168863,0.1,0.0029706954956054688,0.05544018745422363,0.049927063,1.0518515,1.2346458585629205,0.0,0.02407635490396303,0.0,200,0.015129566192626953,0.4806471030088296,0.4695328245677622,54400,2.9478765336101564,0.0
272,1.6436450481414795,0.8836845996287761,0.8840121700526937,2.400866040117042,0.1884430262821387,0.0,0.11694836757713806,0.1,0.0027534961700439453,0.054503440856933594,0.049484324,1.61089,1.1995497326695062,0.0,0.0174633686222152,0.0,200,0.014756917953491211,0.6066367416081019,0.5778926172263709,54600,2.8460017517430534,0.0
273,1.4801702499389648,1.6063310389916852,0.6264076816703118,2.322235780435767,0.6015074448861111,0.0,0.12577353856387516,0.1,0.0027761459350585938,0.05430316925048828,0.050079588,1.0906335,1.2402278633017243,0.0,0.03134189890650619,0.0,200,0.018421173095703125,0.239608561283599,0.23191947127395057,54800,2.0182366588252303,0.0
274,1.4989597797393799,0.9535825924615711,0.4795708813132348,1.7408907718949596,0.4422323120259802,0.0,0.12505500667115851,0.1,0.0029168128967285156,0.0545499324798584,0.050000634,1.7389989,1.211563336217709,0.0,0.01873451474522874,0.0,200,0.016002178192138672,0.3095026610222705,0.3101071488857864,55000,1.9115606607491096,0.0
275,1.5545392036437988,0.6219037229105531,0.41518187680569096,1.3242019000017025,0.2458232035795117,0.0,0.12570422551672297,0.1,0.002825498580932617,0.05451774597167969,0.049862824,1.5077869,1.1525973748869933,0.0,0.012312310653460296,0.0,200,0.014539957046508789,0.8469771834717953,0.7111190005850387,55200,2.192798551278702,0.0
276,1.535567283630371,0.8102831534082714,0.3610812791336108,1.3777514745724204,0.37330311355963164,0.0,0.1268317458390443,0.1,0.0027022361755371094,0.055370330810546875,0.049767155,1.2585057,1.1183659527391212,0.0,0.015960207169437978,0.0,200,0.014177083969116211,0.2690367275143013,0.2048383958878414,55400,2.2289981961484333,0.0
277,1.5013580322265625,0.6818657771601137,0.47791284017970304,1.4858751507083734,0.31237241734472904,0.0,0.12317854551454586,0.1,0.0028867721557617188,0.0551755428314209,0.05002681,1.5902228,1.0747159351812205,0.0,0.01346455250239699,0.0,200,0.020711421966552734,0.5206681360432761,0.39543055946801264,55600,1.9541483254967638,0.0
278,1.4777729511260986,1.1829191849112848,1.0541005493785252,2.8807826614421117,0.2220534215852406,0.0,0.12024397337954865,0.1,0.002942323684692383,0.054535627365112305,0.049546536,2.5891945,1.0855362601542269,0.0,0.023475861957802612,0.0,200,0.015613079071044922,0.5214306674727256,0.5192893258550751,55800,0.9179057089661941,0.0
279,1.5075669288635254,1.5421717770399725,0.9334439665034416,2.7371937628461667,0.15479326998368745,0.0,0.12272335181981625,0.1,0.0028574466705322266,0.05530285835266113,0.04923298,1.4556708,1.1311998118428015,0.0,0.030663778306024365,0.0,200,0.015175819396972656,0.49934513426301486,0.4518211179868286,56000,2.10467720807252,0.0
280,1.4976580142974854,1.4255470431623647,0.6179815380805812,2.2646144661794034,0.773227150575147,0.0,0.12678680862926817,0.1,0.0029871463775634766,0.05482935905456543,0.050163817,1.574527,1.160634534974758,0.0,0.028172300676488297,0.0,200,0.015069723129272461,0.2940449977455372,0.24479971259783725,56200,1.3390962970667042,0.0
281,1.5078997611999512,0.9085418547532234,0.8827282139566411,2.3683255882345526,0.20635714164649008,0.0,0.12209404104716252,0.1,0.0028715133666992188,0.057997703552246094,0.049195424,1.8068653,1.1354252669526046,0.0,0.018066831868267786,0.0,200,0.014374732971191406,0.5236463434269126,0.536533481540672,56400,1.6133837007440517,0.0
282,1.4844441413879395,1.3826110476684588,0.8962330752028967,2.7183144486073427,0.31105344570158644,0.0,0.11704539659985948,0.1,0.0029740333557128906,0.054471492767333984,0.049658652,1.8136026,1.16014384502419,0.0,0.02755595013169465,0.0,200,0.014980077743530273,0.3508289705549492,0.3424691570640439,56600,1.6479621415609673,0.0
283,1.5296404361724854,1.357193529911374,1.1671971288506824,2.9382014863013866,0.1648863166897524,0.0,0.12262207723005142,0.1,0.0029726028442382812,0.05349445343017578,0.049041886,1.9102548,1.1798488135129084,0.0,0.026740992297102324,0.0,200,0.013871908187866211,0.47862740932210496,0.46572933109829495,56800,1.676211010090315,0.0
284,1.5168635845184326,0.9440027787563006,0.9419264725131682,2.526327475067729,0.055047908047707594,0.0,0.11761162292434867,0.1,0.0029342174530029297,0.05404090881347656,0.049556546,2.9839582,1.1562642100372478,0.0,0.018358553139271813,0.0,200,0.015640974044799805,0.5938493577456084,0.604624369018423,57000,1.8606857614149683,0.0
285,1.5057244300842285,0.9357255340666251,0.8975818534952946,2.3389341032695667,0.09294206504111643,0.0,0.12165698896321141,0.1,0.0028982162475585938,0.05612540245056152,0.04990522,1.7096856,1.1342103424401855,0.0,0.018593113199103548,0.0,200,0.015887975692749023,0.5707414214689392,0.5579504182612256,57200,0.8878913696309838,0.0
286,1.5345048904418945,0.9488949586742561,0.3096970218625615,1.2495441841552226,0.5325742220337253,0.0,0.12247804095734602,0.1,0.0028166770935058594,0.05408167839050293,0.04957597,1.1230358,1.1156788040635925,0.0,0.018695522386205136,0.0,200,0.017525911331176758,0.19010627062580693,0.16118127342213862,57400,1.8428850106147185,0.0
287,1.499584436416626,1.822659166895856,0.9296591923428452,2.7188031165044184,0.40629001386852726,0.0,0.12713096603642074,0.1,0.002991914749145508,0.05545473098754883,0.049640287,1.2493079,1.1863768403468191,0.0,0.0362174693957968,0.0,200,0.01459360122680664,0.35286922491508776,0.348368150699407,57600,2.284782531130345,0.0
288,1.5071837902069092,1.7122689819540655,0.990344087861744,2.70012618029699,0.102955414399362,0.0,0.11996502338514814,0.1,0.002836465835571289,0.054494619369506836,0.049853478,0.92164606,1.2389660545075438,0.0,0.03360664661546573,0.0,200,0.018350839614868164,0.3582145137333299,0.33561833581932077,57800,1.1685183874955436,0.0
289,1.50888991355896,1.43554319811641,0.6723085448743877,1.9027421146742174,0.2810674939753978,0.0,0.12616143563176657,0.1,0.0045871734619140625,0.05463051795959473,0.049529932,0.850711,1.2586237688684303,0.0,0.028141676187355646,0.0,200,0.014240741729736328,0.21915734334165834,0.2087812950540463,58000,1.7823867534338074,0.0
290,1.4815759658813477,1.386977099876704,0.8089883762040998,2.4386207933692594,0.584787001774476,0.0,0.12226698328535407,0.1,0.002866029739379883,0.054988861083984375,0.049985036,1.361059,1.2714591019692576,0.0,0.027347645260646904,0.0,200,0.014087438583374023,0.29798635286253733,0.2952840057613781,58200,0.7273158833381593,0.0
291,1.4986324310302734,1.8473784114187772,0.6515470969589909,2.792351310824115,1.224340408550852,0.0,0.12617643793077618,0.1,0.0029091835021972656,0.0544133186340332,0.05019811,2.2814095,1.3290510329142098,0.0,0.0364360939011769,0.0,200,0.015274286270141602,0.1939059036040155,0.1747528045016105,58400,0.7475066724809017,0.0
292,1.5428171157836914,1.3970001209264904,0.4658517419725468,1.8147694237574847,0.625441801913585,0.0,0.12507699273292414,0.1,0.002836942672729492,0.058947086334228516,0.04992498,0.9297798,1.3358459417154378,0.0,0.0276236384806958,0.0,200,0.015452861785888672,0.14208663336910624,0.14924380482540414,58600,2.992517964928968,0.0
293,1.4890506267547607,2.37310173280362,0.5557160541957132,3.1216561082424783,1.668677343063069,0.0,0.12349807672160433,0.1,0.0029561519622802734,0.0554203987121582,0.049377546,1.3215392,1.439571520824256,0.0,0.04677780586452826,0.0,200,0.015896081924438477,0.18196957924738105,0.14281053022379553,58800,1.961924160251536,0.0
294,1.5387942790985107,1.743222438973878,0.7973787431084984,2.5323450495490176,0.45011315268184765,0.0,0.1268495579427975,0.1,0.0029213428497314453,0.05549335479736328,0.049994025,1.0014377,1.4699366126392182,0.0,0.03468752078049043,0.0,200,0.014735937118530273,0.19622694919988581,0.2008492449174103,59000,1.8803048089225063,0.0
295,1.5215020179748535,1.5825940428015903,1.0990661607052186,3.4219188618930585,0.5439164180932946,0.0,0.12129609117787181,0.1,0.003015279769897461,0.055176496505737305,0.050263353,5.612973,1.4812023556554554,0.0,0.030892722334751897,0.0,200,0.014878511428833008,0.3836479006988196,0.37670287599338165,59200,0.8092993997281969,0.0
296,1.4999141693115234,1.4564896158112175,1.211327683812771,3.37285649645803,0.32746262120991554,0.0,0.1267635347444306,0.1,0.0031435489654541016,0.05631709098815918,0.050048593,1.3240421,1.4787310816710317,0.0,0.02885450604716571,0.0,200,0.015456438064575195,0.5167808011264053,0.47901236038512995,59400,1.792966981994767,0.0
297,1.5824668407440186,1.5614170065293496,1.0199592218836453,3.188170810424744,0.3868538774957861,0.0,0.12717984554350087,0.1,0.00284576416015625,0.055667877197265625,0.049458403,1.6034104,1.4869996741568636,0.0,0.030655308370476666,0.0,200,0.014822721481323242,0.343168832531575,0.331356819267099,59600,2.6835308525041497,0.0
298,1.5229284763336182,0.5970004206249243,0.45440607372903946,1.3235454312955415,0.17140034661292375,0.0,0.12151788878104944,0.1,0.0028336048126220703,0.055939435958862305,0.049875263,0.9358869,1.3979997488036697,0.0,0.011716890449278136,0.0,200,0.015105247497558594,2.688338887685561,1.7671832039370565,59800,2.021914200505338,0.0
299,1.481473684310913,0.5512390975193499,0.2137567150819985,0.8845163852682183,0.30265711665289446,0.0,0.12537526832623985,0.1,0.002887248992919922,0.05716586112976074,0.050019965,1.4298385,1.3133236836752378,0.0,0.010870687549059128,0.0,200,0.016894102096557617,2.3667958826096727,0.890670715424942,60000,2.8129585085678603,0.0
300,1.551698923110962,1.0330213984434806,0.9432503864329903,2.6505779239581657,0.29112874479682416,0.0,0.12445514964722958,0.1,0.0030159950256347656,0.05501985549926758,0.049623493,1.6481378,1.285293455152062,0.0,0.020504169684594453,0.0,200,0.01623058319091797,0.447911125058757,0.4824563295499252,60200,0.6762789723557878,0.0
301,1.4951486587524414,0.9128322591501054,0.8472437130485547,2.358890137624551,0.28094881043768677,0.0,0.12582043153037462,0.1,0.002945423126220703,0.05558204650878906,0.05008706,2.1371894,1.2480473355518664,0.0,0.01789887105639059,0.0,200,0.0167696475982666,0.4994954838684625,0.5119537193388657,60400,0.6814017666798479,0.0
302,1.6975250244140625,1.3768476417684996,1.0629059008407356,3.1320702859080365,0.2681176899134398,0.0,0.12972129366807147,0.1,0.003017425537109375,0.056052207946777344,0.05029832,1.430217,1.2609273661735299,0.0,0.026834706330361943,0.0,200,0.015320301055908203,0.5591247762421167,0.5199367931479301,60600,0.6065455367381171,0.0
303,1.5150740146636963,2.1363716280610214,0.513053180937197,2.7263963079872617,1.316946041485173,0.0,0.1183108158120436,0.1,0.002927064895629883,0.05579686164855957,0.04964023,1.9825166,1.348471792362279,0.0,0.042167801875581445,0.0,200,0.015044927597045898,0.49056153313787615,0.3723862076983022,60800,0.5978189129717779,0.0
304,1.4818956851959229,0.8637565786482144,0.441744737190339,1.5975853840939043,0.43811220173377313,0.0,0.12886909706090996,0.1,0.007216930389404297,0.05550217628479004,0.049986534,1.120222,1.3000002709908727,0.0,0.016985006282995936,0.0,200,0.016900300979614258,0.25415525942342004,0.2824269751819722,61000,0.6068344733436198,0.0
305,1.5025475025177002,1.7094454711339426,0.5917330489944919,2.3570466219157122,0.9983667411231422,0.0,0.1312701309246406,0.1,0.002956867218017578,0.054827213287353516,0.0501563,1.1376706,1.3409447910051797,0.0,0.0336997631676427,0.0,200,0.01465749740600586,0.2479599197041065,0.2014344819379067,61200,0.6331611419121282,0.0
306,1.652761697769165,1.5160369315493019,1.0155360737140617,2.8039631740434983,0.49258513216116,0.0,0.123739632485438,0.1,0.003094911575317383,0.05586051940917969,0.049574386,1.2013931,1.3584540050595921,0.0,0.029699919626320008,0.0,200,0.014211654663085938,0.34479042865514864,0.31521276825530203,61400,0.6112069475075227,0.0
307,1.505460500717163,0.7534812979151074,0.8649709365425129,2.239412702886997,0.10102437874627036,0.0,0.11965387074965385,0.1,0.003000974655151367,0.054917097091674805,0.0496766,1.497859,1.2979567343451437,0.0,0.014914198092330222,0.0,200,0.01650691032409668,1.1203520552526722,1.0709437968360316,61600,0.6926172285608997,0.0
308,1.5169248580932617,1.2589906626486216,0.5125789356503756,2.13650926935382,0.8891640457235456,0.0,0.12130466128013499,0.1,0.0030994415283203125,0.055443525314331055,0.05054004,1.8222892,1.2940601271754917,0.0,0.024965592386806467,0.0,200,0.014577388763427734,0.19881323601320666,0.17392660074400126,61800,0.6780017486132598,0.0
309,1.6083202362060547,1.9385014936010194,0.6917356787047957,2.798808499285266,0.8694450063972112,0.0,0.11516753362996623,0.1,0.0029599666595458984,0.05474090576171875,0.049815755,2.7490728,1.3585042638180445,0.0,0.03797698240195009,0.0,200,0.014845848083496094,0.24587221998057487,0.2443719439551621,62000,1.5609606922443948,0.0
310,1.5324478149414062,1.5022234225803648,1.0286158725062033,3.2523344449886418,0.6116821794995582,0.0,0.12127792720576183,0.1,0.003007173538208008,0.055169105529785156,0.049976133,1.8330405,1.3728761796942766,0.0,0.02893332878281735,0.0,200,0.016666889190673828,0.3405565632575222,0.33558103644638293,62200,2.729666490811607,0.0
311,1.5103826522827148,1.1939867438017782,0.591445532993566,1.7833569982125153,0.45547470443105115,0.0,0.12903121934642822,0.1,0.003166675567626953,0.056139469146728516,0.050115537,1.026442,1.3549872361050268,0.0,0.0235620404891181,0.0,200,0.015987873077392578,0.25079081578747536,0.2537634703492257,62400,2.456939205675272,0.0
312,1.5648033618927002,1.363815213529365,1.0751533611787414,3.1922760822030245,0.42472722544265573,0.0,0.12740263297921417,0.1,0.002966642379760742,0.054465532302856445,0.049625497,1.7035333,1.3558700338474605,0.0,0.027005914920306944,0.0,200,0.016258716583251953,0.4004489260606246,0.3965752216133233,62600,1.7159495408109489,0.0
313,1.6110522747039795,1.0928532982220427,1.025219248534008,2.819025517536276,0.14369751226799568,0.0,0.11739630166264642,0.1,0.0028831958770751953,0.05427885055541992,0.048773307,3.0004416,1.3295683602849189,0.0,0.021526927980094306,0.0,200,0.016751527786254883,0.5270866539577388,0.5110120564577678,62800,2.476237039415854,0.0
314,1.5151443481445312,1.8914517935557487,0.8555015576696479,3.003703849935065,1.0056262642225295,0.0,0.11905978316194414,0.1,0.002800464630126953,0.059185028076171875,0.05036124,1.3020761,1.385756703612002,0.0,0.037099787414348454,0.0,200,0.016419172286987305,0.24562854876268395,0.24210255147278026,63000,1.5277013085854307,0.0
315,1.578467607498169,0.8905241800587536,0.8627882537279907,2.361584157625674,0.16636041179775685,0.0,0.11616985403610537,0.1,0.0028929710388183594,0.05560469627380371,0.049927488,3.681492,1.3362334512566771,0.0,0.017218770031008336,0.0,200,0.016071796417236328,0.5977555115310063,0.5933364973265637,63200,1.268137130378321,0.0
316,1.5565812587738037,2.1531979841278557,1.1627669013068185,3.4627585026428918,0.29056551003773334,0.0,0.12206298757621926,0.1,0.0028514862060546875,0.05515027046203613,0.049839478,1.4170451,1.417929904543795,0.0,0.04271772844439884,0.0,200,0.01470637321472168,0.3554147689926993,0.33530723134073626,63400,2.688139518738518,0.0
317,1.594825029373169,1.1925757546459497,0.9290175695113301,2.687972090355607,0.15692942129393428,0.0,0.12425437371516837,0.1,0.002894878387451172,0.0541987419128418,0.049515296,1.5926758,1.3953944895540105,0.0,0.023726501399070565,0.0,200,0.013978004455566406,0.4706709881343462,0.4865874561552759,63600,3.3602765142115536,0.0
318,1.5225048065185547,1.7569747875266182,1.1402503279183256,3.258018951294567,0.3295845757676919,0.0,0.1225522423971054,0.1,0.0029206275939941406,0.05501413345336914,0.04967603,1.1939356,1.4315525193512713,0.0,0.034501918474469394,0.0,200,0.01628589630126953,0.3307107026107167,0.3241782621146631,63800,3.1224870955156763,0.0
319,1.5362675189971924,0.6070000630415195,0.2981499358774204,1.1179688071750782,0.37695494339513824,0.0,0.1287782760959336,0.1,0.002777099609375,0.054610252380371094,0.050109826,1.1075988,1.3490972737202962,0.0,0.011883622290748633,0.0,200,0.015508413314819336,2.370447795990404,1.9827496079482039,64000,3.0974650629795444,0.0
320,1.5839321613311768,0.668125588828942,0.5525564387746184,1.5970470507599595,0.14173907477675057,0.0,0.1229826911148126,0.1,0.0028367042541503906,0.053266286849975586,0.050811388,1.0880557,1.2810001052311608,0.0,0.013110239692690106,0.0,200,0.01471853256225586,1.2479662775087987,0.9217171802203881,64200,2.611156762944606,0.0
321,1.5861046314239502,1.5118547960257085,1.1234839136076378,2.686462147508342,0.35187316486984144,0.0,0.12283366556229477,0.1,0.0029549598693847656,0.05477094650268555,0.049553145,1.2516077,1.3040855743106157,0.0,0.03009095134409631,0.0,200,0.01820206642150879,0.3980082435064884,0.4118260952852988,64400,2.9510605932049376,0.0
322,1.6181979179382324,1.3617937455908413,0.9188813860182213,2.913938098074003,0.5132935752405031,0.0,0.12619954801275263,0.1,0.002866506576538086,0.054219961166381836,0.04992975,2.0679429,1.3098563914386383,0.0,0.0269840893481449,0.0,200,0.016881942749023438,0.33368762431730753,0.3386559436362159,64600,3.304807721659683,0.0
323,1.6104679107666016,1.9135547961133983,1.2166996589485615,3.5358432918632765,0.6592338121288176,0.0,0.12584904395043242,0.1,0.002891063690185547,0.05986499786376953,0.05026393,1.350902,1.3702262319061145,0.0,0.03800515026020658,0.0,200,0.018137693405151367,0.4258446883668448,0.4088163123654982,64800,2.9553820372562147,0.0
324,1.5319342613220215,1.2078263279063794,0.768912669341092,2.1071334519993905,0.31499842938338624,0.0,0.12066411079116283,0.1,0.0028526782989501953,0.055056095123291016,0.049450092,1.1959039,1.3539862415061412,0.0,0.023949257585204196,0.0,200,0.016138315200805664,0.3043885695135815,0.30385346074655817,65000,3.0880947907590826,0.0
325,1.592179775238037,1.7141057366825418,0.7865291196786821,2.652628955312962,0.49162741702593254,0.0,0.12639532787811866,0.1,0.0029621124267578125,0.05544757843017578,0.0498999,1.0460366,1.3899981910237815,0.0,0.03360791398051205,0.0,200,0.01583409309387207,0.2330586865395999,0.20557085446332435,65200,1.925762996124102,0.0
326,1.5200495719909668,1.3305022452606639,0.20620252547051163,1.676507669616635,1.1487261890350298,0.0,0.13111829339141132,0.1,0.002924680709838867,0.05315709114074707,0.049582273,0.87642485,1.3840485964474698,0.0,0.026396817397839133,0.0,200,0.016102313995361328,0.04839111697170379,0.0635906442939272,65400,3.6805978659848644,0.0
327,1.5798776149749756,1.4289913083667805,0.6084402641843766,2.1488566214829867,0.7460376219133124,0.0,0.12240836432849796,0.1,0.002979278564453125,0.05603623390197754,0.04947686,2.0343058,1.388542867639401,0.0,0.028282407555285903,0.0,200,0.015076637268066406,0.1760250824181914,0.17206839126738152,65600,1.1284944373786259,0.0
